Superlattice vectors (celldm1_l units):
-0.50000000000 16.45448260000 0.00000000000
-14.50000000000 7.79422860000 0.00000000000
Layer 1 points (Angstrom):
S -45.65500450000 22.72321467114 7.54817153884
S -45.65500450000 22.72321467114 4.41075018644
S -47.22931500000 25.45000043212 7.54817153884
S -47.22931500000 25.45000043212 4.41075018644
S -40.93207300000 19.99642891017 7.54817153884
S -40.93207300000 19.99642891017 4.41075018644
S -42.50638350000 22.72321467114 7.54817153884
S -42.50638350000 22.72321467114 4.41075018644
Mo -44.08069400000 21.81428608779 5.97946086264
S -44.08069400000 25.45000043212 7.54817153884
S -44.08069400000 25.45000043212 4.41075018644
Mo -45.65500450000 24.54107184876 5.97946086264
S -45.65500450000 28.17678619309 7.54817153884
S -45.65500450000 28.17678619309 4.41075018644
Mo -47.22931500000 27.26785760973 5.97946086264
S -47.22931500000 30.90357195406 7.54817153884
S -47.22931500000 30.90357195406 4.41075018644
S -36.20914150000 17.26964314920 7.54817153884
S -36.20914150000 17.26964314920 4.41075018644
S -37.78345200000 19.99642891017 7.54817153884
S -37.78345200000 19.99642891017 4.41075018644
Mo -39.35776250000 19.08750032681 5.97946086264
S -39.35776250000 22.72321467114 7.54817153884
S -39.35776250000 22.72321467114 4.41075018644
Mo -40.93207300000 21.81428608779 5.97946086264
S -40.93207300000 25.45000043212 7.54817153884
S -40.93207300000 25.45000043212 4.41075018644
Mo -42.50638350000 24.54107184876 5.97946086264
S -42.50638350000 28.17678619309 7.54817153884
S -42.50638350000 28.17678619309 4.41075018644
Mo -44.08069400000 27.26785760973 5.97946086264
S -44.08069400000 30.90357195406 7.54817153884
S -44.08069400000 30.90357195406 4.41075018644
Mo -45.65500450000 29.99464337071 5.97946086264
S -45.65500450000 33.63035771504 7.54817153884
S -45.65500450000 33.63035771504 4.41075018644
Mo -47.22931500000 32.72142913168 5.97946086264
S -47.22931500000 36.35714347601 7.54817153884
S -47.22931500000 36.35714347601 4.41075018644
S -48.80362550000 39.08392923698 7.54817153884
S -48.80362550000 39.08392923698 4.41075018644
S -31.48621000000 14.54285738822 7.54817153884
S -31.48621000000 14.54285738822 4.41075018644
S -33.06052050000 17.26964314920 7.54817153884
S -33.06052050000 17.26964314920 4.41075018644
Mo -34.63483100000 16.36071456584 5.97946086264
S -34.63483100000 19.99642891017 7.54817153884
S -34.63483100000 19.99642891017 4.41075018644
Mo -36.20914150000 19.08750032681 5.97946086264
S -36.20914150000 22.72321467114 7.54817153884
S -36.20914150000 22.72321467114 4.41075018644
Mo -37.78345200000 21.81428608779 5.97946086264
S -37.78345200000 25.45000043212 7.54817153884
S -37.78345200000 25.45000043212 4.41075018644
Mo -39.35776250000 24.54107184876 5.97946086264
S -39.35776250000 28.17678619309 7.54817153884
S -39.35776250000 28.17678619309 4.41075018644
Mo -40.93207300000 27.26785760973 5.97946086264
S -40.93207300000 30.90357195406 7.54817153884
S -40.93207300000 30.90357195406 4.41075018644
Mo -42.50638350000 29.99464337071 5.97946086264
S -42.50638350000 33.63035771504 7.54817153884
S -42.50638350000 33.63035771504 4.41075018644
Mo -44.08069400000 32.72142913168 5.97946086264
S -44.08069400000 36.35714347601 7.54817153884
S -44.08069400000 36.35714347601 4.41075018644
Mo -45.65500450000 35.44821489265 5.97946086264
S -45.65500450000 39.08392923698 7.54817153884
S -45.65500450000 39.08392923698 4.41075018644
Mo -47.22931500000 38.17500065363 5.97946086264
S -47.22931500000 41.81071499796 7.54817153884
S -47.22931500000 41.81071499796 4.41075018644
Mo -48.80362550000 40.90178641460 5.97946086264
S -48.80362550000 44.53750075893 7.54817153884
S -48.80362550000 44.53750075893 4.41075018644
S -26.76327850000 11.81607162725 7.54817153884
S -26.76327850000 11.81607162725 4.41075018644
S -28.33758900000 14.54285738822 7.54817153884
S -28.33758900000 14.54285738822 4.41075018644
Mo -29.91189950000 13.63392880487 5.97946086264
S -29.91189950000 17.26964314920 7.54817153884
S -29.91189950000 17.26964314920 4.41075018644
Mo -31.48621000000 16.36071456584 5.97946086264
S -31.48621000000 19.99642891017 7.54817153884
S -31.48621000000 19.99642891017 4.41075018644
Mo -33.06052050000 19.08750032681 5.97946086264
S -33.06052050000 22.72321467114 7.54817153884
S -33.06052050000 22.72321467114 4.41075018644
Mo -34.63483100000 21.81428608779 5.97946086264
S -34.63483100000 25.45000043212 7.54817153884
S -34.63483100000 25.45000043212 4.41075018644
Mo -36.20914150000 24.54107184876 5.97946086264
S -36.20914150000 28.17678619309 7.54817153884
S -36.20914150000 28.17678619309 4.41075018644
Mo -37.78345200000 27.26785760973 5.97946086264
S -37.78345200000 30.90357195406 7.54817153884
S -37.78345200000 30.90357195406 4.41075018644
Mo -39.35776250000 29.99464337071 5.97946086264
S -39.35776250000 33.63035771504 7.54817153884
S -39.35776250000 33.63035771504 4.41075018644
Mo -40.93207300000 32.72142913168 5.97946086264
S -40.93207300000 36.35714347601 7.54817153884
S -40.93207300000 36.35714347601 4.41075018644
Mo -42.50638350000 35.44821489265 5.97946086264
S -42.50638350000 39.08392923698 7.54817153884
S -42.50638350000 39.08392923698 4.41075018644
Mo -44.08069400000 38.17500065363 5.97946086264
S -44.08069400000 41.81071499796 7.54817153884
S -44.08069400000 41.81071499796 4.41075018644
Mo -45.65500450000 40.90178641460 5.97946086264
S -45.65500450000 44.53750075893 7.54817153884
S -45.65500450000 44.53750075893 4.41075018644
Mo -47.22931500000 43.62857217557 5.97946086264
S -47.22931500000 47.26428651990 7.54817153884
S -47.22931500000 47.26428651990 4.41075018644
Mo -48.80362550000 46.35535793655 5.97946086264
S -48.80362550000 49.99107228088 7.54817153884
S -48.80362550000 49.99107228088 4.41075018644
S -22.04034700000 9.08928586628 7.54817153884
S -22.04034700000 9.08928586628 4.41075018644
S -23.61465750000 11.81607162725 7.54817153884
S -23.61465750000 11.81607162725 4.41075018644
Mo -25.18896800000 10.90714304389 5.97946086264
S -25.18896800000 14.54285738822 7.54817153884
S -25.18896800000 14.54285738822 4.41075018644
Mo -26.76327850000 13.63392880487 5.97946086264
S -26.76327850000 17.26964314920 7.54817153884
S -26.76327850000 17.26964314920 4.41075018644
Mo -28.33758900000 16.36071456584 5.97946086264
S -28.33758900000 19.99642891017 7.54817153884
S -28.33758900000 19.99642891017 4.41075018644
Mo -29.91189950000 19.08750032681 5.97946086264
S -29.91189950000 22.72321467114 7.54817153884
S -29.91189950000 22.72321467114 4.41075018644
Mo -31.48621000000 21.81428608779 5.97946086264
S -31.48621000000 25.45000043212 7.54817153884
S -31.48621000000 25.45000043212 4.41075018644
Mo -33.06052050000 24.54107184876 5.97946086264
S -33.06052050000 28.17678619309 7.54817153884
S -33.06052050000 28.17678619309 4.41075018644
Mo -34.63483100000 27.26785760973 5.97946086264
S -34.63483100000 30.90357195406 7.54817153884
S -34.63483100000 30.90357195406 4.41075018644
Mo -36.20914150000 29.99464337071 5.97946086264
S -36.20914150000 33.63035771504 7.54817153884
S -36.20914150000 33.63035771504 4.41075018644
Mo -37.78345200000 32.72142913168 5.97946086264
S -37.78345200000 36.35714347601 7.54817153884
S -37.78345200000 36.35714347601 4.41075018644
Mo -39.35776250000 35.44821489265 5.97946086264
S -39.35776250000 39.08392923698 7.54817153884
S -39.35776250000 39.08392923698 4.41075018644
Mo -40.93207300000 38.17500065363 5.97946086264
S -40.93207300000 41.81071499796 7.54817153884
S -40.93207300000 41.81071499796 4.41075018644
Mo -42.50638350000 40.90178641460 5.97946086264
S -42.50638350000 44.53750075893 7.54817153884
S -42.50638350000 44.53750075893 4.41075018644
Mo -44.08069400000 43.62857217557 5.97946086264
S -44.08069400000 47.26428651990 7.54817153884
S -44.08069400000 47.26428651990 4.41075018644
Mo -45.65500450000 46.35535793655 5.97946086264
S -45.65500450000 49.99107228088 7.54817153884
S -45.65500450000 49.99107228088 4.41075018644
Mo -47.22931500000 49.08214369752 5.97946086264
S -47.22931500000 52.71785804185 7.54817153884
S -47.22931500000 52.71785804185 4.41075018644
Mo -48.80362550000 51.80892945849 5.97946086264
S -48.80362550000 55.44464380282 7.54817153884
S -48.80362550000 55.44464380282 4.41075018644
S -17.31741550000 6.36250010530 7.54817153884
S -17.31741550000 6.36250010530 4.41075018644
S -18.89172600000 9.08928586628 7.54817153884
S -18.89172600000 9.08928586628 4.41075018644
Mo -20.46603650000 8.18035728292 5.97946086264
S -20.46603650000 11.81607162725 7.54817153884
S -20.46603650000 11.81607162725 4.41075018644
Mo -22.04034700000 10.90714304389 5.97946086264
S -22.04034700000 14.54285738822 7.54817153884
S -22.04034700000 14.54285738822 4.41075018644
Mo -23.61465750000 13.63392880487 5.97946086264
S -23.61465750000 17.26964314920 7.54817153884
S -23.61465750000 17.26964314920 4.41075018644
Mo -25.18896800000 16.36071456584 5.97946086264
S -25.18896800000 19.99642891017 7.54817153884
S -25.18896800000 19.99642891017 4.41075018644
Mo -26.76327850000 19.08750032681 5.97946086264
S -26.76327850000 22.72321467114 7.54817153884
S -26.76327850000 22.72321467114 4.41075018644
Mo -28.33758900000 21.81428608779 5.97946086264
S -28.33758900000 25.45000043212 7.54817153884
S -28.33758900000 25.45000043212 4.41075018644
Mo -29.91189950000 24.54107184876 5.97946086264
S -29.91189950000 28.17678619309 7.54817153884
S -29.91189950000 28.17678619309 4.41075018644
Mo -31.48621000000 27.26785760973 5.97946086264
S -31.48621000000 30.90357195406 7.54817153884
S -31.48621000000 30.90357195406 4.41075018644
Mo -33.06052050000 29.99464337071 5.97946086264
S -33.06052050000 33.63035771504 7.54817153884
S -33.06052050000 33.63035771504 4.41075018644
Mo -34.63483100000 32.72142913168 5.97946086264
S -34.63483100000 36.35714347601 7.54817153884
S -34.63483100000 36.35714347601 4.41075018644
Mo -36.20914150000 35.44821489265 5.97946086264
S -36.20914150000 39.08392923698 7.54817153884
S -36.20914150000 39.08392923698 4.41075018644
Mo -37.78345200000 38.17500065363 5.97946086264
S -37.78345200000 41.81071499796 7.54817153884
S -37.78345200000 41.81071499796 4.41075018644
Mo -39.35776250000 40.90178641460 5.97946086264
S -39.35776250000 44.53750075893 7.54817153884
S -39.35776250000 44.53750075893 4.41075018644
Mo -40.93207300000 43.62857217557 5.97946086264
S -40.93207300000 47.26428651990 7.54817153884
S -40.93207300000 47.26428651990 4.41075018644
Mo -42.50638350000 46.35535793655 5.97946086264
S -42.50638350000 49.99107228088 7.54817153884
S -42.50638350000 49.99107228088 4.41075018644
Mo -44.08069400000 49.08214369752 5.97946086264
S -44.08069400000 52.71785804185 7.54817153884
S -44.08069400000 52.71785804185 4.41075018644
Mo -45.65500450000 51.80892945849 5.97946086264
S -45.65500450000 55.44464380282 7.54817153884
S -45.65500450000 55.44464380282 4.41075018644
Mo -47.22931500000 54.53571521947 5.97946086264
S -47.22931500000 58.17142956380 7.54817153884
S -47.22931500000 58.17142956380 4.41075018644
Mo -48.80362550000 57.26250098044 5.97946086264
S -48.80362550000 60.89821532477 7.54817153884
S -48.80362550000 60.89821532477 4.41075018644
S -14.16879450000 6.36250010530 7.54817153884
S -14.16879450000 6.36250010530 4.41075018644
Mo -15.74310500000 5.45357152195 5.97946086264
S -15.74310500000 9.08928586628 7.54817153884
S -15.74310500000 9.08928586628 4.41075018644
Mo -17.31741550000 8.18035728292 5.97946086264
S -17.31741550000 11.81607162725 7.54817153884
S -17.31741550000 11.81607162725 4.41075018644
Mo -18.89172600000 10.90714304389 5.97946086264
S -18.89172600000 14.54285738822 7.54817153884
S -18.89172600000 14.54285738822 4.41075018644
Mo -20.46603650000 13.63392880487 5.97946086264
S -20.46603650000 17.26964314920 7.54817153884
S -20.46603650000 17.26964314920 4.41075018644
Mo -22.04034700000 16.36071456584 5.97946086264
S -22.04034700000 19.99642891017 7.54817153884
S -22.04034700000 19.99642891017 4.41075018644
Mo -23.61465750000 19.08750032681 5.97946086264
S -23.61465750000 22.72321467114 7.54817153884
S -23.61465750000 22.72321467114 4.41075018644
Mo -25.18896800000 21.81428608779 5.97946086264
S -25.18896800000 25.45000043212 7.54817153884
S -25.18896800000 25.45000043212 4.41075018644
Mo -26.76327850000 24.54107184876 5.97946086264
S -26.76327850000 28.17678619309 7.54817153884
S -26.76327850000 28.17678619309 4.41075018644
Mo -28.33758900000 27.26785760973 5.97946086264
S -28.33758900000 30.90357195406 7.54817153884
S -28.33758900000 30.90357195406 4.41075018644
Mo -29.91189950000 29.99464337071 5.97946086264
S -29.91189950000 33.63035771504 7.54817153884
S -29.91189950000 33.63035771504 4.41075018644
Mo -31.48621000000 32.72142913168 5.97946086264
S -31.48621000000 36.35714347601 7.54817153884
S -31.48621000000 36.35714347601 4.41075018644
Mo -33.06052050000 35.44821489265 5.97946086264
S -33.06052050000 39.08392923698 7.54817153884
S -33.06052050000 39.08392923698 4.41075018644
Mo -34.63483100000 38.17500065363 5.97946086264
S -34.63483100000 41.81071499796 7.54817153884
S -34.63483100000 41.81071499796 4.41075018644
Mo -36.20914150000 40.90178641460 5.97946086264
S -36.20914150000 44.53750075893 7.54817153884
S -36.20914150000 44.53750075893 4.41075018644
Mo -37.78345200000 43.62857217557 5.97946086264
S -37.78345200000 47.26428651990 7.54817153884
S -37.78345200000 47.26428651990 4.41075018644
Mo -39.35776250000 46.35535793655 5.97946086264
S -39.35776250000 49.99107228088 7.54817153884
S -39.35776250000 49.99107228088 4.41075018644
Mo -40.93207300000 49.08214369752 5.97946086264
S -40.93207300000 52.71785804185 7.54817153884
S -40.93207300000 52.71785804185 4.41075018644
Mo -42.50638350000 51.80892945849 5.97946086264
S -42.50638350000 55.44464380282 7.54817153884
S -42.50638350000 55.44464380282 4.41075018644
Mo -44.08069400000 54.53571521947 5.97946086264
S -44.08069400000 58.17142956380 7.54817153884
S -44.08069400000 58.17142956380 4.41075018644
Mo -45.65500450000 57.26250098044 5.97946086264
S -45.65500450000 60.89821532477 7.54817153884
S -45.65500450000 60.89821532477 4.41075018644
Mo -47.22931500000 59.98928674141 5.97946086264
S -47.22931500000 63.62500108574 7.54817153884
S -47.22931500000 63.62500108574 4.41075018644
Mo -48.80362550000 62.71607250239 5.97946086264
S -48.80362550000 66.35178684672 7.54817153884
S -48.80362550000 66.35178684672 4.41075018644
S -9.44586300000 3.63571434433 7.54817153884
S -9.44586300000 3.63571434433 4.41075018644
S -11.02017350000 6.36250010530 7.54817153884
S -11.02017350000 6.36250010530 4.41075018644
Mo -12.59448400000 5.45357152195 5.97946086264
S -12.59448400000 9.08928586628 7.54817153884
S -12.59448400000 9.08928586628 4.41075018644
Mo -14.16879450000 8.18035728292 5.97946086264
S -14.16879450000 11.81607162725 7.54817153884
S -14.16879450000 11.81607162725 4.41075018644
Mo -15.74310500000 10.90714304389 5.97946086264
S -15.74310500000 14.54285738822 7.54817153884
S -15.74310500000 14.54285738822 4.41075018644
Mo -17.31741550000 13.63392880487 5.97946086264
S -17.31741550000 17.26964314920 7.54817153884
S -17.31741550000 17.26964314920 4.41075018644
Mo -18.89172600000 16.36071456584 5.97946086264
S -18.89172600000 19.99642891017 7.54817153884
S -18.89172600000 19.99642891017 4.41075018644
Mo -20.46603650000 19.08750032681 5.97946086264
S -20.46603650000 22.72321467114 7.54817153884
S -20.46603650000 22.72321467114 4.41075018644
Mo -22.04034700000 21.81428608779 5.97946086264
S -22.04034700000 25.45000043212 7.54817153884
S -22.04034700000 25.45000043212 4.41075018644
Mo -23.61465750000 24.54107184876 5.97946086264
S -23.61465750000 28.17678619309 7.54817153884
S -23.61465750000 28.17678619309 4.41075018644
Mo -25.18896800000 27.26785760973 5.97946086264
S -25.18896800000 30.90357195406 7.54817153884
S -25.18896800000 30.90357195406 4.41075018644
Mo -26.76327850000 29.99464337071 5.97946086264
S -26.76327850000 33.63035771504 7.54817153884
S -26.76327850000 33.63035771504 4.41075018644
Mo -28.33758900000 32.72142913168 5.97946086264
S -28.33758900000 36.35714347601 7.54817153884
S -28.33758900000 36.35714347601 4.41075018644
Mo -29.91189950000 35.44821489265 5.97946086264
S -29.91189950000 39.08392923698 7.54817153884
S -29.91189950000 39.08392923698 4.41075018644
Mo -31.48621000000 38.17500065363 5.97946086264
S -31.48621000000 41.81071499796 7.54817153884
S -31.48621000000 41.81071499796 4.41075018644
Mo -33.06052050000 40.90178641460 5.97946086264
S -33.06052050000 44.53750075893 7.54817153884
S -33.06052050000 44.53750075893 4.41075018644
Mo -34.63483100000 43.62857217557 5.97946086264
S -34.63483100000 47.26428651990 7.54817153884
S -34.63483100000 47.26428651990 4.41075018644
Mo -36.20914150000 46.35535793655 5.97946086264
S -36.20914150000 49.99107228088 7.54817153884
S -36.20914150000 49.99107228088 4.41075018644
Mo -37.78345200000 49.08214369752 5.97946086264
S -37.78345200000 52.71785804185 7.54817153884
S -37.78345200000 52.71785804185 4.41075018644
Mo -39.35776250000 51.80892945849 5.97946086264
S -39.35776250000 55.44464380282 7.54817153884
S -39.35776250000 55.44464380282 4.41075018644
Mo -40.93207300000 54.53571521947 5.97946086264
S -40.93207300000 58.17142956380 7.54817153884
S -40.93207300000 58.17142956380 4.41075018644
Mo -42.50638350000 57.26250098044 5.97946086264
S -42.50638350000 60.89821532477 7.54817153884
S -42.50638350000 60.89821532477 4.41075018644
Mo -44.08069400000 59.98928674141 5.97946086264
S -44.08069400000 63.62500108574 7.54817153884
S -44.08069400000 63.62500108574 4.41075018644
Mo -45.65500450000 62.71607250239 5.97946086264
S -45.65500450000 66.35178684672 7.54817153884
S -45.65500450000 66.35178684672 4.41075018644
Mo -47.22931500000 65.44285826336 5.97946086264
S -47.22931500000 69.07857260769 7.54817153884
S -47.22931500000 69.07857260769 4.41075018644
Mo -48.80362550000 68.16964402433 5.97946086264
S -48.80362550000 71.80535836866 7.54817153884
S -48.80362550000 71.80535836866 4.41075018644
S -4.72293150000 0.90892858336 7.54817153884
S -4.72293150000 0.90892858336 4.41075018644
S -6.29724200000 3.63571434433 7.54817153884
S -6.29724200000 3.63571434433 4.41075018644
Mo -7.87155250000 2.72678576097 5.97946086264
S -7.87155250000 6.36250010530 7.54817153884
S -7.87155250000 6.36250010530 4.41075018644
Mo -9.44586300000 5.45357152195 5.97946086264
S -9.44586300000 9.08928586628 7.54817153884
S -9.44586300000 9.08928586628 4.41075018644
Mo -11.02017350000 8.18035728292 5.97946086264
S -11.02017350000 11.81607162725 7.54817153884
S -11.02017350000 11.81607162725 4.41075018644
Mo -12.59448400000 10.90714304389 5.97946086264
S -12.59448400000 14.54285738822 7.54817153884
S -12.59448400000 14.54285738822 4.41075018644
Mo -14.16879450000 13.63392880487 5.97946086264
S -14.16879450000 17.26964314920 7.54817153884
S -14.16879450000 17.26964314920 4.41075018644
Mo -15.74310500000 16.36071456584 5.97946086264
S -15.74310500000 19.99642891017 7.54817153884
S -15.74310500000 19.99642891017 4.41075018644
Mo -17.31741550000 19.08750032681 5.97946086264
S -17.31741550000 22.72321467114 7.54817153884
S -17.31741550000 22.72321467114 4.41075018644
Mo -18.89172600000 21.81428608779 5.97946086264
S -18.89172600000 25.45000043212 7.54817153884
S -18.89172600000 25.45000043212 4.41075018644
Mo -20.46603650000 24.54107184876 5.97946086264
S -20.46603650000 28.17678619309 7.54817153884
S -20.46603650000 28.17678619309 4.41075018644
Mo -22.04034700000 27.26785760973 5.97946086264
S -22.04034700000 30.90357195406 7.54817153884
S -22.04034700000 30.90357195406 4.41075018644
Mo -23.61465750000 29.99464337071 5.97946086264
S -23.61465750000 33.63035771504 7.54817153884
S -23.61465750000 33.63035771504 4.41075018644
Mo -25.18896800000 32.72142913168 5.97946086264
S -25.18896800000 36.35714347601 7.54817153884
S -25.18896800000 36.35714347601 4.41075018644
Mo -26.76327850000 35.44821489265 5.97946086264
S -26.76327850000 39.08392923698 7.54817153884
S -26.76327850000 39.08392923698 4.41075018644
Mo -28.33758900000 38.17500065363 5.97946086264
S -28.33758900000 41.81071499796 7.54817153884
S -28.33758900000 41.81071499796 4.41075018644
Mo -29.91189950000 40.90178641460 5.97946086264
S -29.91189950000 44.53750075893 7.54817153884
S -29.91189950000 44.53750075893 4.41075018644
Mo -31.48621000000 43.62857217557 5.97946086264
S -31.48621000000 47.26428651990 7.54817153884
S -31.48621000000 47.26428651990 4.41075018644
Mo -33.06052050000 46.35535793655 5.97946086264
S -33.06052050000 49.99107228088 7.54817153884
S -33.06052050000 49.99107228088 4.41075018644
Mo -34.63483100000 49.08214369752 5.97946086264
S -34.63483100000 52.71785804185 7.54817153884
S -34.63483100000 52.71785804185 4.41075018644
Mo -36.20914150000 51.80892945849 5.97946086264
S -36.20914150000 55.44464380282 7.54817153884
S -36.20914150000 55.44464380282 4.41075018644
Mo -37.78345200000 54.53571521947 5.97946086264
S -37.78345200000 58.17142956380 7.54817153884
S -37.78345200000 58.17142956380 4.41075018644
Mo -39.35776250000 57.26250098044 5.97946086264
S -39.35776250000 60.89821532477 7.54817153884
S -39.35776250000 60.89821532477 4.41075018644
Mo -40.93207300000 59.98928674141 5.97946086264
S -40.93207300000 63.62500108574 7.54817153884
S -40.93207300000 63.62500108574 4.41075018644
Mo -42.50638350000 62.71607250239 5.97946086264
S -42.50638350000 66.35178684672 7.54817153884
S -42.50638350000 66.35178684672 4.41075018644
Mo -44.08069400000 65.44285826336 5.97946086264
S -44.08069400000 69.07857260769 7.54817153884
S -44.08069400000 69.07857260769 4.41075018644
Mo -45.65500450000 68.16964402433 5.97946086264
S -45.65500450000 71.80535836866 7.54817153884
S -45.65500450000 71.80535836866 4.41075018644
Mo -47.22931500000 70.89642978531 5.97946086264
Mo -48.80362550000 73.62321554628 5.97946086264
Mo -3.14862100000 0.00000000000 5.97946086264
S -3.14862100000 3.63571434433 7.54817153884
S -3.14862100000 3.63571434433 4.41075018644
Mo -4.72293150000 2.72678576097 5.97946086264
S -4.72293150000 6.36250010530 7.54817153884
S -4.72293150000 6.36250010530 4.41075018644
Mo -6.29724200000 5.45357152195 5.97946086264
S -6.29724200000 9.08928586628 7.54817153884
S -6.29724200000 9.08928586628 4.41075018644
Mo -7.87155250000 8.18035728292 5.97946086264
S -7.87155250000 11.81607162725 7.54817153884
S -7.87155250000 11.81607162725 4.41075018644
Mo -9.44586300000 10.90714304389 5.97946086264
S -9.44586300000 14.54285738822 7.54817153884
S -9.44586300000 14.54285738822 4.41075018644
Mo -11.02017350000 13.63392880487 5.97946086264
S -11.02017350000 17.26964314920 7.54817153884
S -11.02017350000 17.26964314920 4.41075018644
Mo -12.59448400000 16.36071456584 5.97946086264
S -12.59448400000 19.99642891017 7.54817153884
S -12.59448400000 19.99642891017 4.41075018644
Mo -14.16879450000 19.08750032681 5.97946086264
S -14.16879450000 22.72321467114 7.54817153884
S -14.16879450000 22.72321467114 4.41075018644
Mo -15.74310500000 21.81428608779 5.97946086264
S -15.74310500000 25.45000043212 7.54817153884
S -15.74310500000 25.45000043212 4.41075018644
Mo -17.31741550000 24.54107184876 5.97946086264
S -17.31741550000 28.17678619309 7.54817153884
S -17.31741550000 28.17678619309 4.41075018644
Mo -18.89172600000 27.26785760973 5.97946086264
S -18.89172600000 30.90357195406 7.54817153884
S -18.89172600000 30.90357195406 4.41075018644
Mo -20.46603650000 29.99464337071 5.97946086264
S -20.46603650000 33.63035771504 7.54817153884
S -20.46603650000 33.63035771504 4.41075018644
Mo -22.04034700000 32.72142913168 5.97946086264
S -22.04034700000 36.35714347601 7.54817153884
S -22.04034700000 36.35714347601 4.41075018644
Mo -23.61465750000 35.44821489265 5.97946086264
S -23.61465750000 39.08392923698 7.54817153884
S -23.61465750000 39.08392923698 4.41075018644
Mo -25.18896800000 38.17500065363 5.97946086264
S -25.18896800000 41.81071499796 7.54817153884
S -25.18896800000 41.81071499796 4.41075018644
Mo -26.76327850000 40.90178641460 5.97946086264
S -26.76327850000 44.53750075893 7.54817153884
S -26.76327850000 44.53750075893 4.41075018644
Mo -28.33758900000 43.62857217557 5.97946086264
S -28.33758900000 47.26428651990 7.54817153884
S -28.33758900000 47.26428651990 4.41075018644
Mo -29.91189950000 46.35535793655 5.97946086264
S -29.91189950000 49.99107228088 7.54817153884
S -29.91189950000 49.99107228088 4.41075018644
Mo -31.48621000000 49.08214369752 5.97946086264
S -31.48621000000 52.71785804185 7.54817153884
S -31.48621000000 52.71785804185 4.41075018644
Mo -33.06052050000 51.80892945849 5.97946086264
S -33.06052050000 55.44464380282 7.54817153884
S -33.06052050000 55.44464380282 4.41075018644
Mo -34.63483100000 54.53571521947 5.97946086264
S -34.63483100000 58.17142956380 7.54817153884
S -34.63483100000 58.17142956380 4.41075018644
Mo -36.20914150000 57.26250098044 5.97946086264
S -36.20914150000 60.89821532477 7.54817153884
S -36.20914150000 60.89821532477 4.41075018644
Mo -37.78345200000 59.98928674141 5.97946086264
S -37.78345200000 63.62500108574 7.54817153884
S -37.78345200000 63.62500108574 4.41075018644
Mo -39.35776250000 62.71607250239 5.97946086264
S -39.35776250000 66.35178684672 7.54817153884
S -39.35776250000 66.35178684672 4.41075018644
Mo -40.93207300000 65.44285826336 5.97946086264
S -40.93207300000 69.07857260769 7.54817153884
S -40.93207300000 69.07857260769 4.41075018644
Mo -42.50638350000 68.16964402433 5.97946086264
Mo -44.08069400000 70.89642978531 5.97946086264
Mo -3.14862100000 5.45357152195 5.97946086264
S -3.14862100000 9.08928586628 7.54817153884
S -3.14862100000 9.08928586628 4.41075018644
Mo -4.72293150000 8.18035728292 5.97946086264
S -4.72293150000 11.81607162725 7.54817153884
S -4.72293150000 11.81607162725 4.41075018644
Mo -6.29724200000 10.90714304389 5.97946086264
S -6.29724200000 14.54285738822 7.54817153884
S -6.29724200000 14.54285738822 4.41075018644
Mo -7.87155250000 13.63392880487 5.97946086264
S -7.87155250000 17.26964314920 7.54817153884
S -7.87155250000 17.26964314920 4.41075018644
Mo -9.44586300000 16.36071456584 5.97946086264
S -9.44586300000 19.99642891017 7.54817153884
S -9.44586300000 19.99642891017 4.41075018644
Mo -11.02017350000 19.08750032681 5.97946086264
S -11.02017350000 22.72321467114 7.54817153884
S -11.02017350000 22.72321467114 4.41075018644
Mo -12.59448400000 21.81428608779 5.97946086264
S -12.59448400000 25.45000043212 7.54817153884
S -12.59448400000 25.45000043212 4.41075018644
Mo -14.16879450000 24.54107184876 5.97946086264
S -14.16879450000 28.17678619309 7.54817153884
S -14.16879450000 28.17678619309 4.41075018644
Mo -15.74310500000 27.26785760973 5.97946086264
S -15.74310500000 30.90357195406 7.54817153884
S -15.74310500000 30.90357195406 4.41075018644
Mo -17.31741550000 29.99464337071 5.97946086264
S -17.31741550000 33.63035771504 7.54817153884
S -17.31741550000 33.63035771504 4.41075018644
Mo -18.89172600000 32.72142913168 5.97946086264
S -18.89172600000 36.35714347601 7.54817153884
S -18.89172600000 36.35714347601 4.41075018644
Mo -20.46603650000 35.44821489265 5.97946086264
S -20.46603650000 39.08392923698 7.54817153884
S -20.46603650000 39.08392923698 4.41075018644
Mo -22.04034700000 38.17500065363 5.97946086264
S -22.04034700000 41.81071499796 7.54817153884
S -22.04034700000 41.81071499796 4.41075018644
Mo -23.61465750000 40.90178641460 5.97946086264
S -23.61465750000 44.53750075893 7.54817153884
S -23.61465750000 44.53750075893 4.41075018644
Mo -25.18896800000 43.62857217557 5.97946086264
S -25.18896800000 47.26428651990 7.54817153884
S -25.18896800000 47.26428651990 4.41075018644
Mo -26.76327850000 46.35535793655 5.97946086264
S -26.76327850000 49.99107228088 7.54817153884
S -26.76327850000 49.99107228088 4.41075018644
Mo -28.33758900000 49.08214369752 5.97946086264
S -28.33758900000 52.71785804185 7.54817153884
S -28.33758900000 52.71785804185 4.41075018644
Mo -29.91189950000 51.80892945849 5.97946086264
S -29.91189950000 55.44464380282 7.54817153884
S -29.91189950000 55.44464380282 4.41075018644
Mo -31.48621000000 54.53571521947 5.97946086264
S -31.48621000000 58.17142956380 7.54817153884
S -31.48621000000 58.17142956380 4.41075018644
Mo -33.06052050000 57.26250098044 5.97946086264
S -33.06052050000 60.89821532477 7.54817153884
S -33.06052050000 60.89821532477 4.41075018644
Mo -34.63483100000 59.98928674141 5.97946086264
S -34.63483100000 63.62500108574 7.54817153884
S -34.63483100000 63.62500108574 4.41075018644
Mo -36.20914150000 62.71607250239 5.97946086264
S -36.20914150000 66.35178684672 7.54817153884
S -36.20914150000 66.35178684672 4.41075018644
Mo -37.78345200000 65.44285826336 5.97946086264
Mo -39.35776250000 68.16964402433 5.97946086264
Mo -3.14862100000 10.90714304389 5.97946086264
Mo -4.72293150000 13.63392880487 5.97946086264
S -4.72293150000 17.26964314920 7.54817153884
S -4.72293150000 17.26964314920 4.41075018644
Mo -6.29724200000 16.36071456584 5.97946086264
S -6.29724200000 19.99642891017 7.54817153884
S -6.29724200000 19.99642891017 4.41075018644
Mo -7.87155250000 19.08750032681 5.97946086264
S -7.87155250000 22.72321467114 7.54817153884
S -7.87155250000 22.72321467114 4.41075018644
Mo -9.44586300000 21.81428608779 5.97946086264
S -9.44586300000 25.45000043212 7.54817153884
S -9.44586300000 25.45000043212 4.41075018644
Mo -11.02017350000 24.54107184876 5.97946086264
S -11.02017350000 28.17678619309 7.54817153884
S -11.02017350000 28.17678619309 4.41075018644
Mo -12.59448400000 27.26785760973 5.97946086264
S -12.59448400000 30.90357195406 7.54817153884
S -12.59448400000 30.90357195406 4.41075018644
Mo -14.16879450000 29.99464337071 5.97946086264
S -14.16879450000 33.63035771504 7.54817153884
S -14.16879450000 33.63035771504 4.41075018644
Mo -15.74310500000 32.72142913168 5.97946086264
S -15.74310500000 36.35714347601 7.54817153884
S -15.74310500000 36.35714347601 4.41075018644
Mo -17.31741550000 35.44821489265 5.97946086264
S -17.31741550000 39.08392923698 7.54817153884
S -17.31741550000 39.08392923698 4.41075018644
Mo -18.89172600000 38.17500065363 5.97946086264
S -18.89172600000 41.81071499796 7.54817153884
S -18.89172600000 41.81071499796 4.41075018644
Mo -20.46603650000 40.90178641460 5.97946086264
S -20.46603650000 44.53750075893 7.54817153884
S -20.46603650000 44.53750075893 4.41075018644
Mo -22.04034700000 43.62857217557 5.97946086264
S -22.04034700000 47.26428651990 7.54817153884
S -22.04034700000 47.26428651990 4.41075018644
Mo -23.61465750000 46.35535793655 5.97946086264
S -23.61465750000 49.99107228088 7.54817153884
S -23.61465750000 49.99107228088 4.41075018644
Mo -25.18896800000 49.08214369752 5.97946086264
S -25.18896800000 52.71785804185 7.54817153884
S -25.18896800000 52.71785804185 4.41075018644
Mo -26.76327850000 51.80892945849 5.97946086264
S -26.76327850000 55.44464380282 7.54817153884
S -26.76327850000 55.44464380282 4.41075018644
Mo -28.33758900000 54.53571521947 5.97946086264
S -28.33758900000 58.17142956380 7.54817153884
S -28.33758900000 58.17142956380 4.41075018644
Mo -29.91189950000 57.26250098044 5.97946086264
S -29.91189950000 60.89821532477 7.54817153884
S -29.91189950000 60.89821532477 4.41075018644
Mo -31.48621000000 59.98928674141 5.97946086264
S -31.48621000000 63.62500108574 7.54817153884
S -31.48621000000 63.62500108574 4.41075018644
Mo -33.06052050000 62.71607250239 5.97946086264
Mo -34.63483100000 65.44285826336 5.97946086264
Mo -4.72293150000 19.08750032681 5.97946086264
S -4.72293150000 22.72321467114 7.54817153884
S -4.72293150000 22.72321467114 4.41075018644
Mo -6.29724200000 21.81428608779 5.97946086264
S -6.29724200000 25.45000043212 7.54817153884
S -6.29724200000 25.45000043212 4.41075018644
Mo -7.87155250000 24.54107184876 5.97946086264
S -7.87155250000 28.17678619309 7.54817153884
S -7.87155250000 28.17678619309 4.41075018644
Mo -9.44586300000 27.26785760973 5.97946086264
S -9.44586300000 30.90357195406 7.54817153884
S -9.44586300000 30.90357195406 4.41075018644
Mo -11.02017350000 29.99464337071 5.97946086264
S -11.02017350000 33.63035771504 7.54817153884
S -11.02017350000 33.63035771504 4.41075018644
Mo -12.59448400000 32.72142913168 5.97946086264
S -12.59448400000 36.35714347601 7.54817153884
S -12.59448400000 36.35714347601 4.41075018644
Mo -14.16879450000 35.44821489265 5.97946086264
S -14.16879450000 39.08392923698 7.54817153884
S -14.16879450000 39.08392923698 4.41075018644
Mo -15.74310500000 38.17500065363 5.97946086264
S -15.74310500000 41.81071499796 7.54817153884
S -15.74310500000 41.81071499796 4.41075018644
Mo -17.31741550000 40.90178641460 5.97946086264
S -17.31741550000 44.53750075893 7.54817153884
S -17.31741550000 44.53750075893 4.41075018644
Mo -18.89172600000 43.62857217557 5.97946086264
S -18.89172600000 47.26428651990 7.54817153884
S -18.89172600000 47.26428651990 4.41075018644
Mo -20.46603650000 46.35535793655 5.97946086264
S -20.46603650000 49.99107228088 7.54817153884
S -20.46603650000 49.99107228088 4.41075018644
Mo -22.04034700000 49.08214369752 5.97946086264
S -22.04034700000 52.71785804185 7.54817153884
S -22.04034700000 52.71785804185 4.41075018644
Mo -23.61465750000 51.80892945849 5.97946086264
S -23.61465750000 55.44464380282 7.54817153884
S -23.61465750000 55.44464380282 4.41075018644
Mo -25.18896800000 54.53571521947 5.97946086264
S -25.18896800000 58.17142956380 7.54817153884
S -25.18896800000 58.17142956380 4.41075018644
Mo -26.76327850000 57.26250098044 5.97946086264
S -26.76327850000 60.89821532477 7.54817153884
S -26.76327850000 60.89821532477 4.41075018644
Mo -28.33758900000 59.98928674141 5.97946086264
Mo -29.91189950000 62.71607250239 5.97946086264
Mo -4.72293150000 24.54107184876 5.97946086264
S -4.72293150000 28.17678619309 7.54817153884
S -4.72293150000 28.17678619309 4.41075018644
Mo -6.29724200000 27.26785760973 5.97946086264
S -6.29724200000 30.90357195406 7.54817153884
S -6.29724200000 30.90357195406 4.41075018644
Mo -7.87155250000 29.99464337071 5.97946086264
S -7.87155250000 33.63035771504 7.54817153884
S -7.87155250000 33.63035771504 4.41075018644
Mo -9.44586300000 32.72142913168 5.97946086264
S -9.44586300000 36.35714347601 7.54817153884
S -9.44586300000 36.35714347601 4.41075018644
Mo -11.02017350000 35.44821489265 5.97946086264
S -11.02017350000 39.08392923698 7.54817153884
S -11.02017350000 39.08392923698 4.41075018644
Mo -12.59448400000 38.17500065363 5.97946086264
S -12.59448400000 41.81071499796 7.54817153884
S -12.59448400000 41.81071499796 4.41075018644
Mo -14.16879450000 40.90178641460 5.97946086264
S -14.16879450000 44.53750075893 7.54817153884
S -14.16879450000 44.53750075893 4.41075018644
Mo -15.74310500000 43.62857217557 5.97946086264
S -15.74310500000 47.26428651990 7.54817153884
S -15.74310500000 47.26428651990 4.41075018644
Mo -17.31741550000 46.35535793655 5.97946086264
S -17.31741550000 49.99107228088 7.54817153884
S -17.31741550000 49.99107228088 4.41075018644
Mo -18.89172600000 49.08214369752 5.97946086264
S -18.89172600000 52.71785804185 7.54817153884
S -18.89172600000 52.71785804185 4.41075018644
Mo -20.46603650000 51.80892945849 5.97946086264
S -20.46603650000 55.44464380282 7.54817153884
S -20.46603650000 55.44464380282 4.41075018644
Mo -22.04034700000 54.53571521947 5.97946086264
S -22.04034700000 58.17142956380 7.54817153884
S -22.04034700000 58.17142956380 4.41075018644
Mo -23.61465750000 57.26250098044 5.97946086264
Mo -25.18896800000 59.98928674141 5.97946086264
Mo -4.72293150000 29.99464337071 5.97946086264
S -4.72293150000 33.63035771504 7.54817153884
S -4.72293150000 33.63035771504 4.41075018644
Mo -6.29724200000 32.72142913168 5.97946086264
S -6.29724200000 36.35714347601 7.54817153884
S -6.29724200000 36.35714347601 4.41075018644
Mo -7.87155250000 35.44821489265 5.97946086264
S -7.87155250000 39.08392923698 7.54817153884
S -7.87155250000 39.08392923698 4.41075018644
Mo -9.44586300000 38.17500065363 5.97946086264
S -9.44586300000 41.81071499796 7.54817153884
S -9.44586300000 41.81071499796 4.41075018644
Mo -11.02017350000 40.90178641460 5.97946086264
S -11.02017350000 44.53750075893 7.54817153884
S -11.02017350000 44.53750075893 4.41075018644
Mo -12.59448400000 43.62857217557 5.97946086264
S -12.59448400000 47.26428651990 7.54817153884
S -12.59448400000 47.26428651990 4.41075018644
Mo -14.16879450000 46.35535793655 5.97946086264
S -14.16879450000 49.99107228088 7.54817153884
S -14.16879450000 49.99107228088 4.41075018644
Mo -15.74310500000 49.08214369752 5.97946086264
S -15.74310500000 52.71785804185 7.54817153884
S -15.74310500000 52.71785804185 4.41075018644
Mo -17.31741550000 51.80892945849 5.97946086264
S -17.31741550000 55.44464380282 7.54817153884
S -17.31741550000 55.44464380282 4.41075018644
Mo -18.89172600000 54.53571521947 5.97946086264
Mo -20.46603650000 57.26250098044 5.97946086264
Mo -4.72293150000 35.44821489265 5.97946086264
S -4.72293150000 39.08392923698 7.54817153884
S -4.72293150000 39.08392923698 4.41075018644
Mo -6.29724200000 38.17500065363 5.97946086264
S -6.29724200000 41.81071499796 7.54817153884
S -6.29724200000 41.81071499796 4.41075018644
Mo -7.87155250000 40.90178641460 5.97946086264
S -7.87155250000 44.53750075893 7.54817153884
S -7.87155250000 44.53750075893 4.41075018644
Mo -9.44586300000 43.62857217557 5.97946086264
S -9.44586300000 47.26428651990 7.54817153884
S -9.44586300000 47.26428651990 4.41075018644
Mo -11.02017350000 46.35535793655 5.97946086264
S -11.02017350000 49.99107228088 7.54817153884
S -11.02017350000 49.99107228088 4.41075018644
Mo -12.59448400000 49.08214369752 5.97946086264
S -12.59448400000 52.71785804185 7.54817153884
S -12.59448400000 52.71785804185 4.41075018644
Mo -14.16879450000 51.80892945849 5.97946086264
S -14.16879450000 55.44464380282 7.54817153884
S -14.16879450000 55.44464380282 4.41075018644
Mo -15.74310500000 54.53571521947 5.97946086264
Mo -4.72293150000 40.90178641460 5.97946086264
S -4.72293150000 44.53750075893 7.54817153884
S -4.72293150000 44.53750075893 4.41075018644
Mo -6.29724200000 43.62857217557 5.97946086264
S -6.29724200000 47.26428651990 7.54817153884
S -6.29724200000 47.26428651990 4.41075018644
Mo -7.87155250000 46.35535793655 5.97946086264
S -7.87155250000 49.99107228088 7.54817153884
S -7.87155250000 49.99107228088 4.41075018644
Mo -9.44586300000 49.08214369752 5.97946086264
S -9.44586300000 52.71785804185 7.54817153884
S -9.44586300000 52.71785804185 4.41075018644
Mo -11.02017350000 51.80892945849 5.97946086264
Mo -12.59448400000 54.53571521947 5.97946086264
Mo -4.72293150000 46.35535793655 5.97946086264
S -4.72293150000 49.99107228088 7.54817153884
S -4.72293150000 49.99107228088 4.41075018644
Mo -6.29724200000 49.08214369752 5.97946086264
Mo -7.87155250000 51.80892945849 5.97946086264
Number of points in layer 1: 813
Layer 2 points (Angstrom):
S -47.17122235452 23.53823180712 13.52763240148
S -47.17122235452 23.53823180712 10.39021104908
S -42.29144073163 21.10324230964 13.52763240148
S -42.29144073163 21.10324230964 10.39021104908
Mo -43.91803460604 21.91490547728 11.95892172528
S -44.02841061836 23.72940866942 13.52763240148
S -44.02841061836 23.72940866942 10.39021104908
Mo -45.65500449277 24.54107183706 11.95892172528
S -45.76538050509 26.35557502921 13.52763240148
S -45.76538050509 26.35557502921 10.39021104908
Mo -47.39197437950 27.16723819685 11.95892172528
S -47.50235039182 28.98174138899 13.52763240148
S -47.50235039182 28.98174138899 10.39021104908
S -37.41165910873 18.66825281217 13.52763240148
S -37.41165910873 18.66825281217 10.39021104908
Mo -39.03825298314 19.47991597981 11.95892172528
S -39.14862899546 21.29441917195 13.52763240148
S -39.14862899546 21.29441917195 10.39021104908
Mo -40.77522286987 22.10608233959 11.95892172528
S -40.88559888220 23.92058553173 13.52763240148
S -40.88559888220 23.92058553173 10.39021104908
Mo -42.51219275660 24.73224869937 11.95892172528
S -42.62256876893 26.54675189151 13.52763240148
S -42.62256876893 26.54675189151 10.39021104908
Mo -44.24916264333 27.35841505915 11.95892172528
S -44.35953865566 29.17291825129 13.52763240148
S -44.35953865566 29.17291825129 10.39021104908
Mo -45.98613253006 29.98458141893 11.95892172528
S -46.09650854239 31.79908461107 13.52763240148
S -46.09650854239 31.79908461107 10.39021104908
Mo -47.72310241679 32.61074777871 11.95892172528
S -47.83347842912 34.42525097086 13.52763240148
S -47.83347842912 34.42525097086 10.39021104908
S -30.79490759911 13.60709695491 13.52763240148
S -30.79490759911 13.60709695491 10.39021104908
Mo -32.42150147352 14.41876012255 11.95892172528
S -32.53187748584 16.23326331469 13.52763240148
S -32.53187748584 16.23326331469 10.39021104908
Mo -34.15847136025 17.04492648233 11.95892172528
S -34.26884737257 18.85942967447 13.52763240148
S -34.26884737257 18.85942967447 10.39021104908
Mo -35.89544124698 19.67109284211 11.95892172528
S -36.00581725930 21.48559603425 13.52763240148
S -36.00581725930 21.48559603425 10.39021104908
Mo -37.63241113371 22.29725920189 11.95892172528
S -37.74278714603 24.11176239404 13.52763240148
S -37.74278714603 24.11176239404 10.39021104908
Mo -39.36938102044 24.92342556168 11.95892172528
S -39.47975703276 26.73792875382 13.52763240148
S -39.47975703276 26.73792875382 10.39021104908
Mo -41.10635090717 27.54959192146 11.95892172528
S -41.21672691949 29.36409511360 13.52763240148
S -41.21672691949 29.36409511360 10.39021104908
Mo -42.84332079390 30.17575828124 11.95892172528
S -42.95369680622 31.99026147338 13.52763240148
S -42.95369680622 31.99026147338 10.39021104908
Mo -44.58029068063 32.80192464102 11.95892172528
S -44.69066669295 34.61642783316 13.52763240148
S -44.69066669295 34.61642783316 10.39021104908
Mo -46.31726056736 35.42809100080 11.95892172528
S -46.42763657969 37.24259419294 13.52763240148
S -46.42763657969 37.24259419294 10.39021104908
Mo -48.05423045409 38.05425736058 11.95892172528
S -48.16460646642 39.86876055273 13.52763240148
S -48.16460646642 39.86876055273 10.39021104908
S -25.91512597622 11.17210745743 13.52763240148
S -25.91512597622 11.17210745743 10.39021104908
Mo -27.54171985063 11.98377062507 11.95892172528
S -27.65209586295 13.79827381721 13.52763240148
S -27.65209586295 13.79827381721 10.39021104908
Mo -29.27868973736 14.60993698485 11.95892172528
S -29.38906574968 16.42444017700 13.52763240148
S -29.38906574968 16.42444017700 10.39021104908
Mo -31.01565962409 17.23610334464 11.95892172528
S -31.12603563641 19.05060653678 13.52763240148
S -31.12603563641 19.05060653678 10.39021104908
Mo -32.75262951082 19.86226970442 11.95892172528
S -32.86300552314 21.67677289656 13.52763240148
S -32.86300552314 21.67677289656 10.39021104908
Mo -34.48959939755 22.48843606420 11.95892172528
S -34.59997540987 24.30293925634 13.52763240148
S -34.59997540987 24.30293925634 10.39021104908
Mo -36.22656928428 25.11460242398 11.95892172528
S -36.33694529660 26.92910561612 13.52763240148
S -36.33694529660 26.92910561612 10.39021104908
Mo -37.96353917101 27.74076878376 11.95892172528
S -38.07391518333 29.55527197590 13.52763240148
S -38.07391518333 29.55527197590 10.39021104908
Mo -39.70050905774 30.36693514354 11.95892172528
S -39.81088507006 32.18143833569 13.52763240148
S -39.81088507006 32.18143833569 10.39021104908
Mo -41.43747894447 32.99310150333 11.95892172528
S -41.54785495679 34.80760469547 13.52763240148
S -41.54785495679 34.80760469547 10.39021104908
Mo -43.17444883120 35.61926786311 11.95892172528
S -43.28482484352 37.43377105525 13.52763240148
S -43.28482484352 37.43377105525 10.39021104908
Mo -44.91141871793 38.24543422289 11.95892172528
S -45.02179473025 40.05993741503 13.52763240148
S -45.02179473025 40.05993741503 10.39021104908
Mo -46.64838860466 40.87160058267 11.95892172528
S -46.75876461698 42.68610377481 13.52763240148
S -46.75876461698 42.68610377481 10.39021104908
Mo -48.38535849139 43.49776694245 11.95892172528
S -48.49573450371 45.31227013460 13.52763240148
S -48.49573450371 45.31227013460 10.39021104908
S -21.03534435333 8.73711795996 13.52763240148
S -21.03534435333 8.73711795996 10.39021104908
Mo -22.66193822773 9.54878112760 11.95892172528
S -22.77231424006 11.36328431974 13.52763240148
S -22.77231424006 11.36328431974 10.39021104908
Mo -24.39890811446 12.17494748738 11.95892172528
S -24.50928412679 13.98945067952 13.52763240148
S -24.50928412679 13.98945067952 10.39021104908
Mo -26.13587800119 14.80111384716 11.95892172528
S -26.24625401352 16.61561703930 13.52763240148
S -26.24625401352 16.61561703930 10.39021104908
Mo -27.87284788792 17.42728020694 11.95892172528
S -27.98322390025 19.24178339908 13.52763240148
S -27.98322390025 19.24178339908 10.39021104908
Mo -29.60981777466 20.05344656672 11.95892172528
S -29.72019378698 21.86794975887 13.52763240148
S -29.72019378698 21.86794975887 10.39021104908
Mo -31.34678766139 22.67961292651 11.95892172528
S -31.45716367371 24.49411611865 13.52763240148
S -31.45716367371 24.49411611865 10.39021104908
Mo -33.08375754812 25.30577928629 11.95892172528
S -33.19413356044 27.12028247843 13.52763240148
S -33.19413356044 27.12028247843 10.39021104908
Mo -34.82072743485 27.93194564607 11.95892172528
S -34.93110344717 29.74644883821 13.52763240148
S -34.93110344717 29.74644883821 10.39021104908
Mo -36.55769732158 30.55811200585 11.95892172528
S -36.66807333390 32.37261519799 13.52763240148
S -36.66807333390 32.37261519799 10.39021104908
Mo -38.29466720831 33.18427836563 11.95892172528
S -38.40504322063 34.99878155777 13.52763240148
S -38.40504322063 34.99878155777 10.39021104908
Mo -40.03163709504 35.81044472541 11.95892172528
S -40.14201310736 37.62494791756 13.52763240148
S -40.14201310736 37.62494791756 10.39021104908
Mo -41.76860698177 38.43661108520 11.95892172528
S -41.87898299409 40.25111427734 13.52763240148
S -41.87898299409 40.25111427734 10.39021104908
Mo -43.50557686850 41.06277744498 11.95892172528
S -43.61595288082 42.87728063712 13.52763240148
S -43.61595288082 42.87728063712 10.39021104908
Mo -45.24254675523 43.68894380476 11.95892172528
S -45.35292276755 45.50344699690 13.52763240148
S -45.35292276755 45.50344699690 10.39021104908
Mo -46.97951664196 46.31511016454 11.95892172528
S -47.08989265428 48.12961335668 13.52763240148
S -47.08989265428 48.12961335668 10.39021104908
Mo -48.71648652869 48.94127652432 11.95892172528
S -48.82686254101 50.75577971646 13.52763240148
S -48.82686254101 50.75577971646 10.39021104908
S -16.15556273043 6.30212846248 13.52763240148
S -16.15556273043 6.30212846248 10.39021104908
Mo -17.78215660484 7.11379163012 11.95892172528
S -17.89253261716 8.92829482226 13.52763240148
S -17.89253261716 8.92829482226 10.39021104908
Mo -19.51912649157 9.73995798990 11.95892172528
S -19.62950250389 11.55446118204 13.52763240148
S -19.62950250389 11.55446118204 10.39021104908
Mo -21.25609637830 12.36612434968 11.95892172528
S -21.36647239062 14.18062754183 13.52763240148
S -21.36647239062 14.18062754183 10.39021104908
Mo -22.99306626503 14.99229070947 11.95892172528
S -23.10344227735 16.80679390161 13.52763240148
S -23.10344227735 16.80679390161 10.39021104908
Mo -24.73003615176 17.61845706925 11.95892172528
S -24.84041216409 19.43296026139 13.52763240148
S -24.84041216409 19.43296026139 10.39021104908
Mo -26.46700603849 20.24462342903 11.95892172528
S -26.57738205082 22.05912662117 13.52763240148
S -26.57738205082 22.05912662117 10.39021104908
Mo -28.20397592522 22.87078978881 11.95892172528
S -28.31435193755 24.68529298095 13.52763240148
S -28.31435193755 24.68529298095 10.39021104908
Mo -29.94094581195 25.49695614859 11.95892172528
S -30.05132182428 27.31145934074 13.52763240148
S -30.05132182428 27.31145934074 10.39021104908
Mo -31.67791569868 28.12312250837 11.95892172528
S -31.78829171101 29.93762570052 13.52763240148
S -31.78829171101 29.93762570052 10.39021104908
Mo -33.41488558541 30.74928886816 11.95892172528
S -33.52526159774 32.56379206030 13.52763240148
S -33.52526159774 32.56379206030 10.39021104908
Mo -35.15185547215 33.37545522794 11.95892172528
S -35.26223148447 35.18995842008 13.52763240148
S -35.26223148447 35.18995842008 10.39021104908
Mo -36.88882535888 36.00162158772 11.95892172528
S -36.99920137120 37.81612477986 13.52763240148
S -36.99920137120 37.81612477986 10.39021104908
Mo -38.62579524561 38.62778794750 11.95892172528
S -38.73617125793 40.44229113964 13.52763240148
S -38.73617125793 40.44229113964 10.39021104908
Mo -40.36276513234 41.25395430728 11.95892172528
S -40.47314114466 43.06845749943 13.52763240148
S -40.47314114466 43.06845749943 10.39021104908
Mo -42.09973501907 43.88012066707 11.95892172528
S -42.21011103139 45.69462385921 13.52763240148
S -42.21011103139 45.69462385921 10.39021104908
Mo -43.83670490580 46.50628702685 11.95892172528
S -43.94708091812 48.32079021899 13.52763240148
S -43.94708091812 48.32079021899 10.39021104908
Mo -45.57367479253 49.13245338663 11.95892172528
S -45.68405080485 50.94695657877 13.52763240148
S -45.68405080485 50.94695657877 10.39021104908
Mo -47.31064467926 51.75861974641 11.95892172528
S -47.42102069158 53.57312293855 13.52763240148
S -47.42102069158 53.57312293855 10.39021104908
Mo -49.04761456599 54.38478610619 11.95892172528
S -49.15799057831 56.19928929833 13.52763240148
S -49.15799057831 56.19928929833 10.39021104908
S -11.27578110754 3.86713896501 13.52763240148
S -11.27578110754 3.86713896501 10.39021104908
Mo -12.90237498195 4.67880213265 11.95892172528
S -13.01275099427 6.49330532479 13.52763240148
S -13.01275099427 6.49330532479 10.39021104908
Mo -14.63934486868 7.30496849243 11.95892172528
S -14.74972088100 9.11947168457 13.52763240148
S -14.74972088100 9.11947168457 10.39021104908
Mo -16.37631475541 9.93113485221 11.95892172528
S -16.48669076773 11.74563804435 13.52763240148
S -16.48669076773 11.74563804435 10.39021104908
Mo -18.11328464214 12.55730121199 11.95892172528
S -18.22366065446 14.37180440413 13.52763240148
S -18.22366065446 14.37180440413 10.39021104908
Mo -19.85025452887 15.18346757177 11.95892172528
S -19.96063054119 16.99797076391 13.52763240148
S -19.96063054119 16.99797076391 10.39021104908
Mo -21.58722441560 17.80963393155 11.95892172528
S -21.69760042792 19.62413712370 13.52763240148
S -21.69760042792 19.62413712370 10.39021104908
Mo -23.32419430233 20.43580029134 11.95892172528
S -23.43457031465 22.25030348348 13.52763240148
S -23.43457031465 22.25030348348 10.39021104908
Mo -25.06116418906 23.06196665112 11.95892172528
S -25.17154020138 24.87646984326 13.52763240148
S -25.17154020138 24.87646984326 10.39021104908
Mo -26.79813407579 25.68813301090 11.95892172528
S -26.90851008811 27.50263620304 13.52763240148
S -26.90851008811 27.50263620304 10.39021104908
Mo -28.53510396252 28.31429937068 11.95892172528
S -28.64547997484 30.12880256282 13.52763240148
S -28.64547997484 30.12880256282 10.39021104908
Mo -30.27207384925 30.94046573046 11.95892172528
S -30.38244986157 32.75496892260 13.52763240148
S -30.38244986157 32.75496892260 10.39021104908
Mo -32.00904373598 33.56663209024 11.95892172528
S -32.11941974831 35.38113528239 13.52763240148
S -32.11941974831 35.38113528239 10.39021104908
Mo -33.74601362271 36.19279845003 11.95892172528
S -33.85638963504 38.00730164217 13.52763240148
S -33.85638963504 38.00730164217 10.39021104908
Mo -35.48298350944 38.81896480981 11.95892172528
S -35.59335952177 40.63346800195 13.52763240148
S -35.59335952177 40.63346800195 10.39021104908
Mo -37.21995339617 41.44513116959 11.95892172528
S -37.33032940850 43.25963436173 13.52763240148
S -37.33032940850 43.25963436173 10.39021104908
Mo -38.95692328290 44.07129752937 11.95892172528
S -39.06729929523 45.88580072151 13.52763240148
S -39.06729929523 45.88580072151 10.39021104908
Mo -40.69389316964 46.69746388915 11.95892172528
S -40.80426918196 48.51196708129 13.52763240148
S -40.80426918196 48.51196708129 10.39021104908
Mo -42.43086305637 49.32363024893 11.95892172528
S -42.54123906869 51.13813344108 13.52763240148
S -42.54123906869 51.13813344108 10.39021104908
Mo -44.16783294310 51.94979660872 11.95892172528
S -44.27820895542 53.76429980086 13.52763240148
S -44.27820895542 53.76429980086 10.39021104908
Mo -45.90480282983 54.57596296850 11.95892172528
S -46.01517884215 56.39046616064 13.52763240148
S -46.01517884215 56.39046616064 10.39021104908
Mo -47.64177271656 57.20212932828 11.95892172528
S -47.75214872888 59.01663252042 13.52763240148
S -47.75214872888 59.01663252042 10.39021104908
Mo -49.37874260329 59.82829568806 11.95892172528
S -49.48911861561 61.64279888020 13.52763240148
S -49.48911861561 61.64279888020 10.39021104908
S -6.39599948465 1.43214946753 13.52763240148
S -6.39599948465 1.43214946753 10.39021104908
Mo -8.02259335906 2.24381263517 11.95892172528
S -8.13296937138 4.05831582731 13.52763240148
S -8.13296937138 4.05831582731 10.39021104908
Mo -9.75956324579 4.86997899495 11.95892172528
S -9.86993925811 6.68448218709 13.52763240148
S -9.86993925811 6.68448218709 10.39021104908
Mo -11.49653313252 7.49614535473 11.95892172528
S -11.60690914484 9.31064854688 13.52763240148
S -11.60690914484 9.31064854688 10.39021104908
Mo -13.23350301925 10.12231171451 11.95892172528
S -13.34387903157 11.93681490666 13.52763240148
S -13.34387903157 11.93681490666 10.39021104908
Mo -14.97047290598 12.74847807430 11.95892172528
S -15.08084891830 14.56298126644 13.52763240148
S -15.08084891830 14.56298126644 10.39021104908
Mo -16.70744279271 15.37464443408 11.95892172528
S -16.81781880503 17.18914762622 13.52763240148
S -16.81781880503 17.18914762622 10.39021104908
Mo -18.44441267944 18.00081079386 11.95892172528
S -18.55478869176 19.81531398600 13.52763240148
S -18.55478869176 19.81531398600 10.39021104908
Mo -20.18138256617 20.62697715364 11.95892172528
S -20.29175857849 22.44148034578 13.52763240148
S -20.29175857849 22.44148034578 10.39021104908
Mo -21.91835245290 23.25314351342 11.95892172528
S -22.02872846522 25.06764670557 13.52763240148
S -22.02872846522 25.06764670557 10.39021104908
Mo -23.65532233963 25.87930987321 11.95892172528
S -23.76569835195 27.69381306535 13.52763240148
S -23.76569835195 27.69381306535 10.39021104908
Mo -25.39229222636 28.50547623299 11.95892172528
S -25.50266823868 30.31997942513 13.52763240148
S -25.50266823868 30.31997942513 10.39021104908
Mo -27.12926211309 31.13164259277 11.95892172528
S -27.23963812541 32.94614578491 13.52763240148
S -27.23963812541 32.94614578491 10.39021104908
Mo -28.86623199982 33.75780895255 11.95892172528
S -28.97660801214 35.57231214469 13.52763240148
S -28.97660801214 35.57231214469 10.39021104908
Mo -30.60320188655 36.38397531233 11.95892172528
S -30.71357789887 38.19847850447 13.52763240148
S -30.71357789887 38.19847850447 10.39021104908
Mo -32.34017177328 39.01014167211 11.95892172528
S -32.45054778560 40.82464486426 13.52763240148
S -32.45054778560 40.82464486426 10.39021104908
Mo -34.07714166001 41.63630803190 11.95892172528
S -34.18751767233 43.45081122404 13.52763240148
S -34.18751767233 43.45081122404 10.39021104908
Mo -35.81411154674 44.26247439168 11.95892172528
S -35.92448755906 46.07697758382 13.52763240148
S -35.92448755906 46.07697758382 10.39021104908
Mo -37.55108143347 46.88864075146 11.95892172528
S -37.66145744580 48.70314394360 13.52763240148
S -37.66145744580 48.70314394360 10.39021104908
Mo -39.28805132020 49.51480711124 11.95892172528
S -39.39842733253 51.32931030338 13.52763240148
S -39.39842733253 51.32931030338 10.39021104908
Mo -41.02502120693 52.14097347102 11.95892172528
S -41.13539721926 53.95547666316 13.52763240148
S -41.13539721926 53.95547666316 10.39021104908
Mo -42.76199109366 54.76713983080 11.95892172528
S -42.87236710599 56.58164302295 13.52763240148
S -42.87236710599 56.58164302295 10.39021104908
Mo -44.49896098039 57.39330619059 11.95892172528
S -44.60933699272 59.20780938273 13.52763240148
S -44.60933699272 59.20780938273 10.39021104908
Mo -46.23593086713 60.01947255037 11.95892172528
S -46.34630687945 61.83397574251 13.52763240148
S -46.34630687945 61.83397574251 10.39021104908
Mo -47.97290075386 62.64563891015 11.95892172528
S -48.08327676618 64.46014210229 13.52763240148
S -48.08327676618 64.46014210229 10.39021104908
Mo -3.14281173616 -0.19117686231 11.95892172528
S -3.25318774848 1.62332632984 13.52763240148
S -3.25318774848 1.62332632984 10.39021104908
Mo -4.87978162289 2.43498949748 11.95892172528
S -4.99015763522 4.24949268962 13.52763240148
S -4.99015763522 4.24949268962 10.39021104908
Mo -6.61675150962 5.06115585726 11.95892172528
S -6.72712752195 6.87565904940 13.52763240148
S -6.72712752195 6.87565904940 10.39021104908
Mo -8.35372139635 7.68732221704 11.95892172528
S -8.46409740868 9.50182540918 13.52763240148
S -8.46409740868 9.50182540918 10.39021104908
Mo -10.09069128308 10.31348857682 11.95892172528
S -10.20106729541 12.12799176896 13.52763240148
S -10.20106729541 12.12799176896 10.39021104908
Mo -11.82766116981 12.93965493660 11.95892172528
S -11.93803718214 14.75415812874 13.52763240148
S -11.93803718214 14.75415812874 10.39021104908
Mo -13.56463105655 15.56582129638 11.95892172528
S -13.67500706887 17.38032448853 13.52763240148
S -13.67500706887 17.38032448853 10.39021104908
Mo -15.30160094328 18.19198765617 11.95892172528
S -15.41197695560 20.00649084831 13.52763240148
S -15.41197695560 20.00649084831 10.39021104908
Mo -17.03857083001 20.81815401595 11.95892172528
S -17.14894684233 22.63265720809 13.52763240148
S -17.14894684233 22.63265720809 10.39021104908
Mo -18.77554071674 23.44432037573 11.95892172528
S -18.88591672906 25.25882356787 13.52763240148
S -18.88591672906 25.25882356787 10.39021104908
Mo -20.51251060347 26.07048673551 11.95892172528
S -20.62288661579 27.88498992765 13.52763240148
S -20.62288661579 27.88498992765 10.39021104908
Mo -22.24948049020 28.69665309529 11.95892172528
S -22.35985650252 30.51115628743 13.52763240148
S -22.35985650252 30.51115628743 10.39021104908
Mo -23.98645037693 31.32281945507 11.95892172528
S -24.09682638925 33.13732264722 13.52763240148
S -24.09682638925 33.13732264722 10.39021104908
Mo -25.72342026366 33.94898581486 11.95892172528
S -25.83379627598 35.76348900700 13.52763240148
S -25.83379627598 35.76348900700 10.39021104908
Mo -27.46039015039 36.57515217464 11.95892172528
S -27.57076616271 38.38965536678 13.52763240148
S -27.57076616271 38.38965536678 10.39021104908
Mo -29.19736003712 39.20131853442 11.95892172528
S -29.30773604944 41.01582172656 13.52763240148
S -29.30773604944 41.01582172656 10.39021104908
Mo -30.93432992385 41.82748489420 11.95892172528
S -31.04470593617 43.64198808634 13.52763240148
S -31.04470593617 43.64198808634 10.39021104908
Mo -32.67129981058 44.45365125398 11.95892172528
S -32.78167582290 46.26815444613 13.52763240148
S -32.78167582290 46.26815444613 10.39021104908
Mo -34.40826969731 47.07981761376 11.95892172528
S -34.51864570963 48.89432080591 13.52763240148
S -34.51864570963 48.89432080591 10.39021104908
Mo -36.14523958404 49.70598397355 11.95892172528
S -36.25561559636 51.52048716569 13.52763240148
S -36.25561559636 51.52048716569 10.39021104908
Mo -37.88220947077 52.33215033333 11.95892172528
S -37.99258548309 54.14665352547 13.52763240148
S -37.99258548309 54.14665352547 10.39021104908
Mo -39.61917935750 54.95831669311 11.95892172528
S -39.72955536982 56.77281988525 13.52763240148
S -39.72955536982 56.77281988525 10.39021104908
Mo -41.35614924423 57.58448305289 11.95892172528
S -41.46652525655 59.39898624503 13.52763240148
S -41.46652525655 59.39898624503 10.39021104908
Mo -43.09311913096 60.21064941267 11.95892172528
S -43.20349514329 62.02515260482 13.52763240148
S -43.20349514329 62.02515260482 10.39021104908
Mo -44.83008901769 62.83681577246 11.95892172528
S -44.94046503002 64.65131896460 13.52763240148
S -44.94046503002 64.65131896460 10.39021104908
Mo -46.56705890442 65.46298213224 11.95892172528
S -46.67743491675 67.27748532438 13.52763240148
S -46.67743491675 67.27748532438 10.39021104908
Mo -48.30402879115 68.08914849202 11.95892172528
S -48.41440480348 69.90365168416 13.52763240148
S -48.41440480348 69.90365168416 10.39021104908
Mo -3.47393977346 5.25233271956 11.95892172528
S -3.58431578578 7.06683591171 13.52763240148
S -3.58431578578 7.06683591171 10.39021104908
Mo -5.21090966019 7.87849907935 11.95892172528
S -5.32128567251 9.69300227149 13.52763240148
S -5.32128567251 9.69300227149 10.39021104908
Mo -6.94787954692 10.50466543913 11.95892172528
S -7.05825555924 12.31916863127 13.52763240148
S -7.05825555924 12.31916863127 10.39021104908
Mo -8.68484943365 13.13083179891 11.95892172528
S -8.79522544597 14.94533499105 13.52763240148
S -8.79522544597 14.94533499105 10.39021104908
Mo -10.42181932038 15.75699815869 11.95892172528
S -10.53219533271 17.57150135083 13.52763240148
S -10.53219533271 17.57150135083 10.39021104908
Mo -12.15878920711 18.38316451847 11.95892172528
S -12.26916521944 20.19766771061 13.52763240148
S -12.26916521944 20.19766771061 10.39021104908
Mo -13.89575909384 21.00933087825 11.95892172528
S -14.00613510617 22.82383407040 13.52763240148
S -14.00613510617 22.82383407040 10.39021104908
Mo -15.63272898057 23.63549723804 11.95892172528
S -15.74310499290 25.45000043018 13.52763240148
S -15.74310499290 25.45000043018 10.39021104908
Mo -17.36969886730 26.26166359782 11.95892172528
S -17.48007487963 28.07616678996 13.52763240148
S -17.48007487963 28.07616678996 10.39021104908
Mo -19.10666875403 28.88782995760 11.95892172528
S -19.21704476636 30.70233314974 13.52763240148
S -19.21704476636 30.70233314974 10.39021104908
Mo -20.84363864077 31.51399631738 11.95892172528
S -20.95401465309 33.32849950952 13.52763240148
S -20.95401465309 33.32849950952 10.39021104908
Mo -22.58060852750 34.14016267716 11.95892172528
S -22.69098453982 35.95466586930 13.52763240148
S -22.69098453982 35.95466586930 10.39021104908
Mo -24.31757841423 36.76632903694 11.95892172528
S -24.42795442655 38.58083222909 13.52763240148
S -24.42795442655 38.58083222909 10.39021104908
Mo -26.05454830096 39.39249539673 11.95892172528
S -26.16492431328 41.20699858887 13.52763240148
S -26.16492431328 41.20699858887 10.39021104908
Mo -27.79151818769 42.01866175651 11.95892172528
S -27.90189420001 43.83316494865 13.52763240148
S -27.90189420001 43.83316494865 10.39021104908
Mo -29.52848807442 44.64482811629 11.95892172528
S -29.63886408674 46.45933130843 13.52763240148
S -29.63886408674 46.45933130843 10.39021104908
Mo -31.26545796115 47.27099447607 11.95892172528
S -31.37583397347 49.08549766821 13.52763240148
S -31.37583397347 49.08549766821 10.39021104908
Mo -33.00242784788 49.89716083585 11.95892172528
S -33.11280386020 51.71166402799 13.52763240148
S -33.11280386020 51.71166402799 10.39021104908
Mo -34.73939773461 52.52332719563 11.95892172528
S -34.84977374693 54.33783038778 13.52763240148
S -34.84977374693 54.33783038778 10.39021104908
Mo -36.47636762134 55.14949355542 11.95892172528
S -36.58674363366 56.96399674756 13.52763240148
S -36.58674363366 56.96399674756 10.39021104908
Mo -38.21333750807 57.77565991520 11.95892172528
S -38.32371352039 59.59016310734 13.52763240148
S -38.32371352039 59.59016310734 10.39021104908
Mo -39.95030739480 60.40182627498 11.95892172528
S -40.06068340712 62.21632946712 13.52763240148
S -40.06068340712 62.21632946712 10.39021104908
Mo -41.68727728153 63.02799263476 11.95892172528
S -41.79765329385 64.84249582690 13.52763240148
S -41.79765329385 64.84249582690 10.39021104908
Mo -43.42424716826 65.65415899454 11.95892172528
S -43.53462318058 67.46866218668 13.52763240148
S -43.53462318058 67.46866218668 10.39021104908
Mo -45.16121705499 68.28032535432 11.95892172528
S -45.27159306731 70.09482854647 13.52763240148
S -45.27159306731 70.09482854647 10.39021104908
Mo -46.89818694172 70.90649171411 11.95892172528
S -47.00856295404 72.72099490625 13.52763240148
S -47.00856295404 72.72099490625 10.39021104908
Mo -48.63515682845 73.53265807389 11.95892172528
Mo -3.80506781076 10.69584230143 11.95892172528
S -3.91544382308 12.51034549357 13.52763240148
S -3.91544382308 12.51034549357 10.39021104908
Mo -5.54203769749 13.32200866121 11.95892172528
S -5.65241370981 15.13651185336 13.52763240148
S -5.65241370981 15.13651185336 10.39021104908
Mo -7.27900758422 15.94817502100 11.95892172528
S -7.38938359654 17.76267821314 13.52763240148
S -7.38938359654 17.76267821314 10.39021104908
Mo -9.01597747095 18.57434138078 11.95892172528
S -9.12635348327 20.38884457292 13.52763240148
S -9.12635348327 20.38884457292 10.39021104908
Mo -10.75294735768 21.20050774056 11.95892172528
S -10.86332337000 23.01501093270 13.52763240148
S -10.86332337000 23.01501093270 10.39021104908
Mo -12.48991724441 23.82667410034 11.95892172528
S -12.60029325673 25.64117729248 13.52763240148
S -12.60029325673 25.64117729248 10.39021104908
Mo -14.22688713114 26.45284046012 11.95892172528
S -14.33726314346 28.26734365227 13.52763240148
S -14.33726314346 28.26734365227 10.39021104908
Mo -15.96385701787 29.07900681990 11.95892172528
S -16.07423303020 30.89351001205 13.52763240148
S -16.07423303020 30.89351001205 10.39021104908
Mo -17.70082690460 31.70517317969 11.95892172528
S -17.81120291693 33.51967637183 13.52763240148
S -17.81120291693 33.51967637183 10.39021104908
Mo -19.43779679133 34.33133953947 11.95892172528
S -19.54817280366 36.14584273161 13.52763240148
S -19.54817280366 36.14584273161 10.39021104908
Mo -21.17476667806 36.95750589925 11.95892172528
S -21.28514269039 38.77200909139 13.52763240148
S -21.28514269039 38.77200909139 10.39021104908
Mo -22.91173656479 39.58367225903 11.95892172528
S -23.02211257712 41.39817545117 13.52763240148
S -23.02211257712 41.39817545117 10.39021104908
Mo -24.64870645152 42.20983861881 11.95892172528
S -24.75908246385 44.02434181096 13.52763240148
S -24.75908246385 44.02434181096 10.39021104908
Mo -26.38567633826 44.83600497860 11.95892172528
S -26.49605235058 46.65050817074 13.52763240148
S -26.49605235058 46.65050817074 10.39021104908
Mo -28.12264622499 47.46217133838 11.95892172528
S -28.23302223731 49.27667453052 13.52763240148
S -28.23302223731 49.27667453052 10.39021104908
Mo -29.85961611172 50.08833769816 11.95892172528
S -29.96999212404 51.90284089030 13.52763240148
S -29.96999212404 51.90284089030 10.39021104908
Mo -31.59658599845 52.71450405794 11.95892172528
S -31.70696201077 54.52900725008 13.52763240148
S -31.70696201077 54.52900725008 10.39021104908
Mo -33.33355588518 55.34067041772 11.95892172528
S -33.44393189750 57.15517360986 13.52763240148
S -33.44393189750 57.15517360986 10.39021104908
Mo -35.07052577191 57.96683677750 11.95892172528
S -35.18090178423 59.78133996965 13.52763240148
S -35.18090178423 59.78133996965 10.39021104908
Mo -36.80749565864 60.59300313729 11.95892172528
S -36.91787167096 62.40750632943 13.52763240148
S -36.91787167096 62.40750632943 10.39021104908
Mo -38.54446554537 63.21916949707 11.95892172528
S -38.65484155769 65.03367268921 13.52763240148
S -38.65484155769 65.03367268921 10.39021104908
Mo -40.28143543210 65.84533585685 11.95892172528
S -40.39181144442 67.65983904899 13.52763240148
S -40.39181144442 67.65983904899 10.39021104908
Mo -42.01840531883 68.47150221663 11.95892172528
S -42.12878133115 70.28600540877 13.52763240148
S -42.12878133115 70.28600540877 10.39021104908
Mo -43.75537520556 71.09766857641 11.95892172528
Mo -4.13619584806 16.13935188330 11.95892172528
S -4.24657186038 17.95385507544 13.52763240148
S -4.24657186038 17.95385507544 10.39021104908
Mo -5.87316573479 18.76551824308 11.95892172528
S -5.98354174711 20.58002143523 13.52763240148
S -5.98354174711 20.58002143523 10.39021104908
Mo -7.61013562152 21.39168460287 11.95892172528
S -7.72051163384 23.20618779501 13.52763240148
S -7.72051163384 23.20618779501 10.39021104908
Mo -9.34710550825 24.01785096265 11.95892172528
S -9.45748152057 25.83235415479 13.52763240148
S -9.45748152057 25.83235415479 10.39021104908
Mo -11.08407539498 26.64401732243 11.95892172528
S -11.19445140730 28.45852051457 13.52763240148
S -11.19445140730 28.45852051457 10.39021104908
Mo -12.82104528171 29.27018368221 11.95892172528
S -12.93142129403 31.08468687435 13.52763240148
S -12.93142129403 31.08468687435 10.39021104908
Mo -14.55801516844 31.89635004199 11.95892172528
S -14.66839118076 33.71085323413 13.52763240148
S -14.66839118076 33.71085323413 10.39021104908
Mo -16.29498505517 34.52251640177 11.95892172528
S -16.40536106749 36.33701959392 13.52763240148
S -16.40536106749 36.33701959392 10.39021104908
Mo -18.03195494190 37.14868276156 11.95892172528
S -18.14233095422 38.96318595370 13.52763240148
S -18.14233095422 38.96318595370 10.39021104908
Mo -19.76892482863 39.77484912134 11.95892172528
S -19.87930084095 41.58935231348 13.52763240148
S -19.87930084095 41.58935231348 10.39021104908
Mo -21.50589471536 42.40101548112 11.95892172528
S -21.61627072769 44.21551867326 13.52763240148
S -21.61627072769 44.21551867326 10.39021104908
Mo -23.24286460209 45.02718184090 11.95892172528
S -23.35324061442 46.84168503304 13.52763240148
S -23.35324061442 46.84168503304 10.39021104908
Mo -24.97983448882 47.65334820068 11.95892172528
S -25.09021050115 49.46785139282 13.52763240148
S -25.09021050115 49.46785139282 10.39021104908
Mo -26.71680437555 50.27951456046 11.95892172528
S -26.82718038788 52.09401775261 13.52763240148
S -26.82718038788 52.09401775261 10.39021104908
Mo -28.45377426228 52.90568092025 11.95892172528
S -28.56415027461 54.72018411239 13.52763240148
S -28.56415027461 54.72018411239 10.39021104908
Mo -30.19074414901 55.53184728003 11.95892172528
S -30.30112016134 57.34635047217 13.52763240148
S -30.30112016134 57.34635047217 10.39021104908
Mo -31.92771403575 58.15801363981 11.95892172528
S -32.03809004807 59.97251683195 13.52763240148
S -32.03809004807 59.97251683195 10.39021104908
Mo -33.66468392248 60.78417999959 11.95892172528
S -33.77505993480 62.59868319173 13.52763240148
S -33.77505993480 62.59868319173 10.39021104908
Mo -35.40165380921 63.41034635937 11.95892172528
S -35.51202982153 65.22484955151 13.52763240148
S -35.51202982153 65.22484955151 10.39021104908
Mo -37.13862369594 66.03651271915 11.95892172528
S -37.24899970826 67.85101591130 13.52763240148
S -37.24899970826 67.85101591130 10.39021104908
Mo -38.87559358267 68.66267907894 11.95892172528
Mo -4.46732388536 21.58286146517 11.95892172528
S -4.57769989768 23.39736465731 13.52763240148
S -4.57769989768 23.39736465731 10.39021104908
Mo -6.20429377209 24.20902782495 11.95892172528
S -6.31466978441 26.02353101710 13.52763240148
S -6.31466978441 26.02353101710 10.39021104908
Mo -7.94126365882 26.83519418474 11.95892172528
S -8.05163967114 28.64969737688 13.52763240148
S -8.05163967114 28.64969737688 10.39021104908
Mo -9.67823354555 29.46136054452 11.95892172528
S -9.78860955787 31.27586373666 13.52763240148
S -9.78860955787 31.27586373666 10.39021104908
Mo -11.41520343228 32.08752690430 11.95892172528
S -11.52557944460 33.90203009644 13.52763240148
S -11.52557944460 33.90203009644 10.39021104908
Mo -13.15217331901 34.71369326408 11.95892172528
S -13.26254933133 36.52819645622 13.52763240148
S -13.26254933133 36.52819645622 10.39021104908
Mo -14.88914320574 37.33985962386 11.95892172528
S -14.99951921806 39.15436281600 13.52763240148
S -14.99951921806 39.15436281600 10.39021104908
Mo -16.62611309247 39.96602598364 11.95892172528
S -16.73648910479 41.78052917579 13.52763240148
S -16.73648910479 41.78052917579 10.39021104908
Mo -18.36308297920 42.59219234343 11.95892172528
S -18.47345899152 44.40669553557 13.52763240148
S -18.47345899152 44.40669553557 10.39021104908
Mo -20.10005286593 45.21835870321 11.95892172528
S -20.21042887825 47.03286189535 13.52763240148
S -20.21042887825 47.03286189535 10.39021104908
Mo -21.83702275266 47.84452506299 11.95892172528
S -21.94739876498 49.65902825513 13.52763240148
S -21.94739876498 49.65902825513 10.39021104908
Mo -23.57399263939 50.47069142277 11.95892172528
S -23.68436865171 52.28519461491 13.52763240148
S -23.68436865171 52.28519461491 10.39021104908
Mo -25.31096252612 53.09685778255 11.95892172528
S -25.42133853844 54.91136097469 13.52763240148
S -25.42133853844 54.91136097469 10.39021104908
Mo -27.04793241285 55.72302414233 11.95892172528
S -27.15830842517 57.53752733448 13.52763240148
S -27.15830842517 57.53752733448 10.39021104908
Mo -28.78490229958 58.34919050212 11.95892172528
S -28.89527831191 60.16369369426 13.52763240148
S -28.89527831191 60.16369369426 10.39021104908
Mo -30.52187218631 60.97535686190 11.95892172528
S -30.63224819864 62.78986005404 13.52763240148
S -30.63224819864 62.78986005404 10.39021104908
Mo -32.25884207304 63.60152322168 11.95892172528
Mo -4.79845192266 27.02637104704 11.95892172528
S -4.90882793498 28.84087423918 13.52763240148
S -4.90882793498 28.84087423918 10.39021104908
Mo -6.53542180939 29.65253740682 11.95892172528
S -6.64579782171 31.46704059896 13.52763240148
S -6.64579782171 31.46704059896 10.39021104908
Mo -8.27239169612 32.27870376660 11.95892172528
S -8.38276770844 34.09320695875 13.52763240148
S -8.38276770844 34.09320695875 10.39021104908
Mo -10.00936158285 34.90487012639 11.95892172528
S -10.11973759517 36.71937331853 13.52763240148
S -10.11973759517 36.71937331853 10.39021104908
Mo -11.74633146958 37.53103648617 11.95892172528
S -11.85670748190 39.34553967831 13.52763240148
S -11.85670748190 39.34553967831 10.39021104908
Mo -13.48330135631 40.15720284595 11.95892172528
S -13.59367736863 41.97170603809 13.52763240148
S -13.59367736863 41.97170603809 10.39021104908
Mo -15.22027124304 42.78336920573 11.95892172528
S -15.33064725536 44.59787239787 13.52763240148
S -15.33064725536 44.59787239787 10.39021104908
Mo -16.95724112977 45.40953556551 11.95892172528
S -17.06761714209 47.22403875765 13.52763240148
S -17.06761714209 47.22403875765 10.39021104908
Mo -18.69421101650 48.03570192529 11.95892172528
S -18.80458702882 49.85020511744 13.52763240148
S -18.80458702882 49.85020511744 10.39021104908
Mo -20.43118090323 50.66186828508 11.95892172528
S -20.54155691555 52.47637147722 13.52763240148
S -20.54155691555 52.47637147722 10.39021104908
Mo -22.16815078996 53.28803464486 11.95892172528
S -22.27852680228 55.10253783700 13.52763240148
S -22.27852680228 55.10253783700 10.39021104908
Mo -23.90512067669 55.91420100464 11.95892172528
S -24.01549668901 57.72870419678 13.52763240148
S -24.01549668901 57.72870419678 10.39021104908
Mo -25.64209056342 58.54036736442 11.95892172528
S -25.75246657574 60.35487055656 13.52763240148
S -25.75246657574 60.35487055656 10.39021104908
Mo -27.37906045015 61.16653372420 11.95892172528
Mo -5.12957995995 32.46988062891 11.95892172528
S -5.23995597228 34.28438382105 13.52763240148
S -5.23995597228 34.28438382105 10.39021104908
Mo -6.86654984668 35.09604698869 11.95892172528
S -6.97692585901 36.91055018083 13.52763240148
S -6.97692585901 36.91055018083 10.39021104908
Mo -8.60351973341 37.72221334847 11.95892172528
S -8.71389574574 39.53671654062 13.52763240148
S -8.71389574574 39.53671654062 10.39021104908
Mo -10.34048962015 40.34837970826 11.95892172528
S -10.45086563247 42.16288290040 13.52763240148
S -10.45086563247 42.16288290040 10.39021104908
Mo -12.07745950688 42.97454606804 11.95892172528
S -12.18783551920 44.78904926018 13.52763240148
S -12.18783551920 44.78904926018 10.39021104908
Mo -13.81442939361 45.60071242782 11.95892172528
S -13.92480540593 47.41521561996 13.52763240148
S -13.92480540593 47.41521561996 10.39021104908
Mo -15.55139928034 48.22687878760 11.95892172528
S -15.66177529266 50.04138197974 13.52763240148
S -15.66177529266 50.04138197974 10.39021104908
Mo -17.28836916707 50.85304514738 11.95892172528
S -17.39874517939 52.66754833952 13.52763240148
S -17.39874517939 52.66754833952 10.39021104908
Mo -19.02533905380 53.47921150716 11.95892172528
S -19.13571506612 55.29371469931 13.52763240148
S -19.13571506612 55.29371469931 10.39021104908
Mo -20.76230894053 56.10537786695 11.95892172528
S -20.87268495285 57.91988105909 13.52763240148
S -20.87268495285 57.91988105909 10.39021104908
Mo -22.49927882726 58.73154422673 11.95892172528
Mo -5.46070799725 37.91339021078 11.95892172528
S -5.57108400957 39.72789340292 13.52763240148
S -5.57108400957 39.72789340292 10.39021104908
Mo -7.19767788398 40.53955657056 11.95892172528
S -7.30805389631 42.35405976270 13.52763240148
S -7.30805389631 42.35405976270 10.39021104908
Mo -8.93464777071 43.16572293034 11.95892172528
S -9.04502378304 44.98022612249 13.52763240148
S -9.04502378304 44.98022612249 10.39021104908
Mo -10.67161765744 45.79188929012 11.95892172528
S -10.78199366977 47.60639248227 13.52763240148
S -10.78199366977 47.60639248227 10.39021104908
Mo -12.40858754417 48.41805564991 11.95892172528
S -12.51896355650 50.23255884205 13.52763240148
S -12.51896355650 50.23255884205 10.39021104908
Mo -14.14555743090 51.04422200969 11.95892172528
S -14.25593344323 52.85872520183 13.52763240148
S -14.25593344323 52.85872520183 10.39021104908
Mo -15.88252731763 53.67038836947 11.95892172528
S -15.99290332996 55.48489156161 13.52763240148
S -15.99290332996 55.48489156161 10.39021104908
Mo -17.61949720437 56.29655472925 11.95892172528
Mo -4.05486614782 40.73073343287 11.95892172528
S -4.16524216014 42.54523662501 13.52763240148
S -4.16524216014 42.54523662501 10.39021104908
Mo -5.79183603455 43.35689979265 11.95892172528
S -5.90221204687 45.17140298479 13.52763240148
S -5.90221204687 45.17140298479 10.39021104908
Mo -7.52880592128 45.98306615243 11.95892172528
S -7.63918193360 47.79756934457 13.52763240148
S -7.63918193360 47.79756934457 10.39021104908
Mo -9.26577580801 48.60923251221 11.95892172528
S -9.37615182033 50.42373570435 13.52763240148
S -9.37615182033 50.42373570435 10.39021104908
Mo -11.00274569474 51.23539887199 11.95892172528
S -11.11312170706 53.04990206414 13.52763240148
S -11.11312170706 53.04990206414 10.39021104908
Mo -12.73971558147 53.86156523178 11.95892172528
Mo -4.38599418512 46.17424301474 11.95892172528
S -4.49637019744 47.98874620688 13.52763240148
S -4.49637019744 47.98874620688 10.39021104908
Mo -6.12296407185 48.80040937452 11.95892172528
S -6.23334008417 50.61491256666 13.52763240148
S -6.23334008417 50.61491256666 10.39021104908
Mo -7.85993395858 51.42657573430 11.95892172528
Number of points in layer 2: 813

Total number of atoms: 1626