Superlattice vectors (celldm1 units):
18.00000000000 0.00000000000 0.00000000000
0.00000000000 13.91147244806 0.00000000000
Layer 1 points (Angstrom):
P -2.98890000000 -3.77916000000 1.05932578400
P -1.32840000000 -2.22684000000 1.05932578400
P -2.98890000000 -0.37884000000 -1.05932578400
P -1.32840000000 -1.46916000000 -1.05932578400
P -2.98890000000 0.84084000000 1.05932578400
P -1.32840000000 2.39316000000 1.05932578400
P -2.98890000000 4.24116000000 -1.05932578400
P -1.32840000000 3.15084000000 -1.05932578400
P -2.98890000000 5.46084000000 1.05932578400
P -1.32840000000 7.01316000000 1.05932578400
P -2.98890000000 8.86116000000 -1.05932578400
P -1.32840000000 7.77084000000 -1.05932578400
P -2.98890000000 10.08084000000 1.05932578400
P -1.32840000000 11.63316000000 1.05932578400
P -2.98890000000 13.48116000000 -1.05932578400
P -1.32840000000 12.39084000000 -1.05932578400
P -2.98890000000 14.70084000000 1.05932578400
P -1.32840000000 16.25316000000 1.05932578400
P -2.98890000000 18.10116000000 -1.05932578400
P -1.32840000000 17.01084000000 -1.05932578400
P -2.98890000000 19.32084000000 1.05932578400
P -1.32840000000 20.87316000000 1.05932578400
P -2.98890000000 22.72116000000 -1.05932578400
P -1.32840000000 21.63084000000 -1.05932578400
P -2.98890000000 23.94084000000 1.05932578400
P -1.32840000000 25.49316000000 1.05932578400
P -2.98890000000 27.34116000000 -1.05932578400
P -1.32840000000 26.25084000000 -1.05932578400
P -2.98890000000 28.56084000000 1.05932578400
P -1.32840000000 30.11316000000 1.05932578400
P -2.98890000000 31.96116000000 -1.05932578400
P -1.32840000000 30.87084000000 -1.05932578400
P -2.98890000000 33.18084000000 1.05932578400
P -1.32840000000 34.73316000000 1.05932578400
P -2.98890000000 36.58116000000 -1.05932578400
P -1.32840000000 35.49084000000 -1.05932578400
P -2.98890000000 37.80084000000 1.05932578400
P -1.32840000000 39.35316000000 1.05932578400
P -2.98890000000 41.20116000000 -1.05932578400
P -1.32840000000 40.11084000000 -1.05932578400
P 0.33210000000 -3.77916000000 1.05932578400
P 1.99260000000 -2.22684000000 1.05932578400
P 0.33210000000 -0.37884000000 -1.05932578400
P 1.99260000000 -1.46916000000 -1.05932578400
P 0.33210000000 0.84084000000 1.05932578400
P 1.99260000000 2.39316000000 1.05932578400
P 0.33210000000 4.24116000000 -1.05932578400
P 1.99260000000 3.15084000000 -1.05932578400
P 0.33210000000 5.46084000000 1.05932578400
P 1.99260000000 7.01316000000 1.05932578400
P 0.33210000000 8.86116000000 -1.05932578400
P 1.99260000000 7.77084000000 -1.05932578400
P 0.33210000000 10.08084000000 1.05932578400
P 1.99260000000 11.63316000000 1.05932578400
P 0.33210000000 13.48116000000 -1.05932578400
P 1.99260000000 12.39084000000 -1.05932578400
P 0.33210000000 14.70084000000 1.05932578400
P 1.99260000000 16.25316000000 1.05932578400
P 0.33210000000 18.10116000000 -1.05932578400
P 1.99260000000 17.01084000000 -1.05932578400
P 0.33210000000 19.32084000000 1.05932578400
P 1.99260000000 20.87316000000 1.05932578400
P 0.33210000000 22.72116000000 -1.05932578400
P 1.99260000000 21.63084000000 -1.05932578400
P 0.33210000000 23.94084000000 1.05932578400
P 1.99260000000 25.49316000000 1.05932578400
P 0.33210000000 27.34116000000 -1.05932578400
P 1.99260000000 26.25084000000 -1.05932578400
P 0.33210000000 28.56084000000 1.05932578400
P 1.99260000000 30.11316000000 1.05932578400
P 0.33210000000 31.96116000000 -1.05932578400
P 1.99260000000 30.87084000000 -1.05932578400
P 0.33210000000 33.18084000000 1.05932578400
P 1.99260000000 34.73316000000 1.05932578400
P 0.33210000000 36.58116000000 -1.05932578400
P 1.99260000000 35.49084000000 -1.05932578400
P 0.33210000000 37.80084000000 1.05932578400
P 1.99260000000 39.35316000000 1.05932578400
P 0.33210000000 41.20116000000 -1.05932578400
P 1.99260000000 40.11084000000 -1.05932578400
P 3.65310000000 -3.77916000000 1.05932578400
P 5.31360000000 -2.22684000000 1.05932578400
P 3.65310000000 -0.37884000000 -1.05932578400
P 5.31360000000 -1.46916000000 -1.05932578400
P 3.65310000000 0.84084000000 1.05932578400
P 5.31360000000 2.39316000000 1.05932578400
P 3.65310000000 4.24116000000 -1.05932578400
P 5.31360000000 3.15084000000 -1.05932578400
P 3.65310000000 5.46084000000 1.05932578400
P 5.31360000000 7.01316000000 1.05932578400
P 3.65310000000 8.86116000000 -1.05932578400
P 5.31360000000 7.77084000000 -1.05932578400
P 3.65310000000 10.08084000000 1.05932578400
P 5.31360000000 11.63316000000 1.05932578400
P 3.65310000000 13.48116000000 -1.05932578400
P 5.31360000000 12.39084000000 -1.05932578400
P 3.65310000000 14.70084000000 1.05932578400
P 5.31360000000 16.25316000000 1.05932578400
P 3.65310000000 18.10116000000 -1.05932578400
P 5.31360000000 17.01084000000 -1.05932578400
P 3.65310000000 19.32084000000 1.05932578400
P 5.31360000000 20.87316000000 1.05932578400
P 3.65310000000 22.72116000000 -1.05932578400
P 5.31360000000 21.63084000000 -1.05932578400
P 3.65310000000 23.94084000000 1.05932578400
P 5.31360000000 25.49316000000 1.05932578400
P 3.65310000000 27.34116000000 -1.05932578400
P 5.31360000000 26.25084000000 -1.05932578400
P 3.65310000000 28.56084000000 1.05932578400
P 5.31360000000 30.11316000000 1.05932578400
P 3.65310000000 31.96116000000 -1.05932578400
P 5.31360000000 30.87084000000 -1.05932578400
P 3.65310000000 33.18084000000 1.05932578400
P 5.31360000000 34.73316000000 1.05932578400
P 3.65310000000 36.58116000000 -1.05932578400
P 5.31360000000 35.49084000000 -1.05932578400
P 3.65310000000 37.80084000000 1.05932578400
P 5.31360000000 39.35316000000 1.05932578400
P 3.65310000000 41.20116000000 -1.05932578400
P 5.31360000000 40.11084000000 -1.05932578400
P 6.97410000000 -3.77916000000 1.05932578400
P 8.63460000000 -2.22684000000 1.05932578400
P 6.97410000000 -0.37884000000 -1.05932578400
P 8.63460000000 -1.46916000000 -1.05932578400
P 6.97410000000 0.84084000000 1.05932578400
P 8.63460000000 2.39316000000 1.05932578400
P 6.97410000000 4.24116000000 -1.05932578400
P 8.63460000000 3.15084000000 -1.05932578400
P 6.97410000000 5.46084000000 1.05932578400
P 8.63460000000 7.01316000000 1.05932578400
P 6.97410000000 8.86116000000 -1.05932578400
P 8.63460000000 7.77084000000 -1.05932578400
P 6.97410000000 10.08084000000 1.05932578400
P 8.63460000000 11.63316000000 1.05932578400
P 6.97410000000 13.48116000000 -1.05932578400
P 8.63460000000 12.39084000000 -1.05932578400
P 6.97410000000 14.70084000000 1.05932578400
P 8.63460000000 16.25316000000 1.05932578400
P 6.97410000000 18.10116000000 -1.05932578400
P 8.63460000000 17.01084000000 -1.05932578400
P 6.97410000000 19.32084000000 1.05932578400
P 8.63460000000 20.87316000000 1.05932578400
P 6.97410000000 22.72116000000 -1.05932578400
P 8.63460000000 21.63084000000 -1.05932578400
P 6.97410000000 23.94084000000 1.05932578400
P 8.63460000000 25.49316000000 1.05932578400
P 6.97410000000 27.34116000000 -1.05932578400
P 8.63460000000 26.25084000000 -1.05932578400
P 6.97410000000 28.56084000000 1.05932578400
P 8.63460000000 30.11316000000 1.05932578400
P 6.97410000000 31.96116000000 -1.05932578400
P 8.63460000000 30.87084000000 -1.05932578400
P 6.97410000000 33.18084000000 1.05932578400
P 8.63460000000 34.73316000000 1.05932578400
P 6.97410000000 36.58116000000 -1.05932578400
P 8.63460000000 35.49084000000 -1.05932578400
P 6.97410000000 37.80084000000 1.05932578400
P 8.63460000000 39.35316000000 1.05932578400
P 6.97410000000 41.20116000000 -1.05932578400
P 8.63460000000 40.11084000000 -1.05932578400
P 10.29510000000 -3.77916000000 1.05932578400
P 11.95560000000 -2.22684000000 1.05932578400
P 10.29510000000 -0.37884000000 -1.05932578400
P 11.95560000000 -1.46916000000 -1.05932578400
P 10.29510000000 0.84084000000 1.05932578400
P 11.95560000000 2.39316000000 1.05932578400
P 10.29510000000 4.24116000000 -1.05932578400
P 11.95560000000 3.15084000000 -1.05932578400
P 10.29510000000 5.46084000000 1.05932578400
P 11.95560000000 7.01316000000 1.05932578400
P 10.29510000000 8.86116000000 -1.05932578400
P 11.95560000000 7.77084000000 -1.05932578400
P 10.29510000000 10.08084000000 1.05932578400
P 11.95560000000 11.63316000000 1.05932578400
P 10.29510000000 13.48116000000 -1.05932578400
P 11.95560000000 12.39084000000 -1.05932578400
P 10.29510000000 14.70084000000 1.05932578400
P 11.95560000000 16.25316000000 1.05932578400
P 10.29510000000 18.10116000000 -1.05932578400
P 11.95560000000 17.01084000000 -1.05932578400
P 10.29510000000 19.32084000000 1.05932578400
P 11.95560000000 20.87316000000 1.05932578400
P 10.29510000000 22.72116000000 -1.05932578400
P 11.95560000000 21.63084000000 -1.05932578400
P 10.29510000000 23.94084000000 1.05932578400
P 11.95560000000 25.49316000000 1.05932578400
P 10.29510000000 27.34116000000 -1.05932578400
P 11.95560000000 26.25084000000 -1.05932578400
P 10.29510000000 28.56084000000 1.05932578400
P 11.95560000000 30.11316000000 1.05932578400
P 10.29510000000 31.96116000000 -1.05932578400
P 11.95560000000 30.87084000000 -1.05932578400
P 10.29510000000 33.18084000000 1.05932578400
P 11.95560000000 34.73316000000 1.05932578400
P 10.29510000000 36.58116000000 -1.05932578400
P 11.95560000000 35.49084000000 -1.05932578400
P 10.29510000000 37.80084000000 1.05932578400
P 11.95560000000 39.35316000000 1.05932578400
P 10.29510000000 41.20116000000 -1.05932578400
P 11.95560000000 40.11084000000 -1.05932578400
P 13.61610000000 -3.77916000000 1.05932578400
P 15.27660000000 -2.22684000000 1.05932578400
P 13.61610000000 -0.37884000000 -1.05932578400
P 15.27660000000 -1.46916000000 -1.05932578400
P 13.61610000000 0.84084000000 1.05932578400
P 15.27660000000 2.39316000000 1.05932578400
P 13.61610000000 4.24116000000 -1.05932578400
P 15.27660000000 3.15084000000 -1.05932578400
P 13.61610000000 5.46084000000 1.05932578400
P 15.27660000000 7.01316000000 1.05932578400
P 13.61610000000 8.86116000000 -1.05932578400
P 15.27660000000 7.77084000000 -1.05932578400
P 13.61610000000 10.08084000000 1.05932578400
P 15.27660000000 11.63316000000 1.05932578400
P 13.61610000000 13.48116000000 -1.05932578400
P 15.27660000000 12.39084000000 -1.05932578400
P 13.61610000000 14.70084000000 1.05932578400
P 15.27660000000 16.25316000000 1.05932578400
P 13.61610000000 18.10116000000 -1.05932578400
P 15.27660000000 17.01084000000 -1.05932578400
P 13.61610000000 19.32084000000 1.05932578400
P 15.27660000000 20.87316000000 1.05932578400
P 13.61610000000 22.72116000000 -1.05932578400
P 15.27660000000 21.63084000000 -1.05932578400
P 13.61610000000 23.94084000000 1.05932578400
P 15.27660000000 25.49316000000 1.05932578400
P 13.61610000000 27.34116000000 -1.05932578400
P 15.27660000000 26.25084000000 -1.05932578400
P 13.61610000000 28.56084000000 1.05932578400
P 15.27660000000 30.11316000000 1.05932578400
P 13.61610000000 31.96116000000 -1.05932578400
P 15.27660000000 30.87084000000 -1.05932578400
P 13.61610000000 33.18084000000 1.05932578400
P 15.27660000000 34.73316000000 1.05932578400
P 13.61610000000 36.58116000000 -1.05932578400
P 15.27660000000 35.49084000000 -1.05932578400
P 13.61610000000 37.80084000000 1.05932578400
P 15.27660000000 39.35316000000 1.05932578400
P 13.61610000000 41.20116000000 -1.05932578400
P 15.27660000000 40.11084000000 -1.05932578400
P 16.93710000000 -3.77916000000 1.05932578400
P 18.59760000000 -2.22684000000 1.05932578400
P 16.93710000000 -0.37884000000 -1.05932578400
P 18.59760000000 -1.46916000000 -1.05932578400
P 16.93710000000 0.84084000000 1.05932578400
P 18.59760000000 2.39316000000 1.05932578400
P 16.93710000000 4.24116000000 -1.05932578400
P 18.59760000000 3.15084000000 -1.05932578400
P 16.93710000000 5.46084000000 1.05932578400
P 18.59760000000 7.01316000000 1.05932578400
P 16.93710000000 8.86116000000 -1.05932578400
P 18.59760000000 7.77084000000 -1.05932578400
P 16.93710000000 10.08084000000 1.05932578400
P 18.59760000000 11.63316000000 1.05932578400
P 16.93710000000 13.48116000000 -1.05932578400
P 18.59760000000 12.39084000000 -1.05932578400
P 16.93710000000 14.70084000000 1.05932578400
P 18.59760000000 16.25316000000 1.05932578400
P 16.93710000000 18.10116000000 -1.05932578400
P 18.59760000000 17.01084000000 -1.05932578400
P 16.93710000000 19.32084000000 1.05932578400
P 18.59760000000 20.87316000000 1.05932578400
P 16.93710000000 22.72116000000 -1.05932578400
P 18.59760000000 21.63084000000 -1.05932578400
P 16.93710000000 23.94084000000 1.05932578400
P 18.59760000000 25.49316000000 1.05932578400
P 16.93710000000 27.34116000000 -1.05932578400
P 18.59760000000 26.25084000000 -1.05932578400
P 16.93710000000 28.56084000000 1.05932578400
P 18.59760000000 30.11316000000 1.05932578400
P 16.93710000000 31.96116000000 -1.05932578400
P 18.59760000000 30.87084000000 -1.05932578400
P 16.93710000000 33.18084000000 1.05932578400
P 18.59760000000 34.73316000000 1.05932578400
P 16.93710000000 36.58116000000 -1.05932578400
P 18.59760000000 35.49084000000 -1.05932578400
P 16.93710000000 37.80084000000 1.05932578400
P 18.59760000000 39.35316000000 1.05932578400
P 16.93710000000 41.20116000000 -1.05932578400
P 18.59760000000 40.11084000000 -1.05932578400
P 20.25810000000 -3.77916000000 1.05932578400
P 21.91860000000 -2.22684000000 1.05932578400
P 20.25810000000 -0.37884000000 -1.05932578400
P 21.91860000000 -1.46916000000 -1.05932578400
P 20.25810000000 0.84084000000 1.05932578400
P 21.91860000000 2.39316000000 1.05932578400
P 20.25810000000 4.24116000000 -1.05932578400
P 21.91860000000 3.15084000000 -1.05932578400
P 20.25810000000 5.46084000000 1.05932578400
P 21.91860000000 7.01316000000 1.05932578400
P 20.25810000000 8.86116000000 -1.05932578400
P 21.91860000000 7.77084000000 -1.05932578400
P 20.25810000000 10.08084000000 1.05932578400
P 21.91860000000 11.63316000000 1.05932578400
P 20.25810000000 13.48116000000 -1.05932578400
P 21.91860000000 12.39084000000 -1.05932578400
P 20.25810000000 14.70084000000 1.05932578400
P 21.91860000000 16.25316000000 1.05932578400
P 20.25810000000 18.10116000000 -1.05932578400
P 21.91860000000 17.01084000000 -1.05932578400
P 20.25810000000 19.32084000000 1.05932578400
P 21.91860000000 20.87316000000 1.05932578400
P 20.25810000000 22.72116000000 -1.05932578400
P 21.91860000000 21.63084000000 -1.05932578400
P 20.25810000000 23.94084000000 1.05932578400
P 21.91860000000 25.49316000000 1.05932578400
P 20.25810000000 27.34116000000 -1.05932578400
P 21.91860000000 26.25084000000 -1.05932578400
P 20.25810000000 28.56084000000 1.05932578400
P 21.91860000000 30.11316000000 1.05932578400
P 20.25810000000 31.96116000000 -1.05932578400
P 21.91860000000 30.87084000000 -1.05932578400
P 20.25810000000 33.18084000000 1.05932578400
P 21.91860000000 34.73316000000 1.05932578400
P 20.25810000000 36.58116000000 -1.05932578400
P 21.91860000000 35.49084000000 -1.05932578400
P 20.25810000000 37.80084000000 1.05932578400
P 21.91860000000 39.35316000000 1.05932578400
P 20.25810000000 41.20116000000 -1.05932578400
P 21.91860000000 40.11084000000 -1.05932578400
P 23.57910000000 -3.77916000000 1.05932578400
P 25.23960000000 -2.22684000000 1.05932578400
P 23.57910000000 -0.37884000000 -1.05932578400
P 25.23960000000 -1.46916000000 -1.05932578400
P 23.57910000000 0.84084000000 1.05932578400
P 25.23960000000 2.39316000000 1.05932578400
P 23.57910000000 4.24116000000 -1.05932578400
P 25.23960000000 3.15084000000 -1.05932578400
P 23.57910000000 5.46084000000 1.05932578400
P 25.23960000000 7.01316000000 1.05932578400
P 23.57910000000 8.86116000000 -1.05932578400
P 25.23960000000 7.77084000000 -1.05932578400
P 23.57910000000 10.08084000000 1.05932578400
P 25.23960000000 11.63316000000 1.05932578400
P 23.57910000000 13.48116000000 -1.05932578400
P 25.23960000000 12.39084000000 -1.05932578400
P 23.57910000000 14.70084000000 1.05932578400
P 25.23960000000 16.25316000000 1.05932578400
P 23.57910000000 18.10116000000 -1.05932578400
P 25.23960000000 17.01084000000 -1.05932578400
P 23.57910000000 19.32084000000 1.05932578400
P 25.23960000000 20.87316000000 1.05932578400
P 23.57910000000 22.72116000000 -1.05932578400
P 25.23960000000 21.63084000000 -1.05932578400
P 23.57910000000 23.94084000000 1.05932578400
P 25.23960000000 25.49316000000 1.05932578400
P 23.57910000000 27.34116000000 -1.05932578400
P 25.23960000000 26.25084000000 -1.05932578400
P 23.57910000000 28.56084000000 1.05932578400
P 25.23960000000 30.11316000000 1.05932578400
P 23.57910000000 31.96116000000 -1.05932578400
P 25.23960000000 30.87084000000 -1.05932578400
P 23.57910000000 33.18084000000 1.05932578400
P 25.23960000000 34.73316000000 1.05932578400
P 23.57910000000 36.58116000000 -1.05932578400
P 25.23960000000 35.49084000000 -1.05932578400
P 23.57910000000 37.80084000000 1.05932578400
P 25.23960000000 39.35316000000 1.05932578400
P 23.57910000000 41.20116000000 -1.05932578400
P 25.23960000000 40.11084000000 -1.05932578400
P 26.90010000000 -3.77916000000 1.05932578400
P 28.56060000000 -2.22684000000 1.05932578400
P 26.90010000000 -0.37884000000 -1.05932578400
P 28.56060000000 -1.46916000000 -1.05932578400
P 26.90010000000 0.84084000000 1.05932578400
P 28.56060000000 2.39316000000 1.05932578400
P 26.90010000000 4.24116000000 -1.05932578400
P 28.56060000000 3.15084000000 -1.05932578400
P 26.90010000000 5.46084000000 1.05932578400
P 28.56060000000 7.01316000000 1.05932578400
P 26.90010000000 8.86116000000 -1.05932578400
P 28.56060000000 7.77084000000 -1.05932578400
P 26.90010000000 10.08084000000 1.05932578400
P 28.56060000000 11.63316000000 1.05932578400
P 26.90010000000 13.48116000000 -1.05932578400
P 28.56060000000 12.39084000000 -1.05932578400
P 26.90010000000 14.70084000000 1.05932578400
P 28.56060000000 16.25316000000 1.05932578400
P 26.90010000000 18.10116000000 -1.05932578400
P 28.56060000000 17.01084000000 -1.05932578400
P 26.90010000000 19.32084000000 1.05932578400
P 28.56060000000 20.87316000000 1.05932578400
P 26.90010000000 22.72116000000 -1.05932578400
P 28.56060000000 21.63084000000 -1.05932578400
P 26.90010000000 23.94084000000 1.05932578400
P 28.56060000000 25.49316000000 1.05932578400
P 26.90010000000 27.34116000000 -1.05932578400
P 28.56060000000 26.25084000000 -1.05932578400
P 26.90010000000 28.56084000000 1.05932578400
P 28.56060000000 30.11316000000 1.05932578400
P 26.90010000000 31.96116000000 -1.05932578400
P 28.56060000000 30.87084000000 -1.05932578400
P 26.90010000000 33.18084000000 1.05932578400
P 28.56060000000 34.73316000000 1.05932578400
P 26.90010000000 36.58116000000 -1.05932578400
P 28.56060000000 35.49084000000 -1.05932578400
P 26.90010000000 37.80084000000 1.05932578400
P 28.56060000000 39.35316000000 1.05932578400
P 26.90010000000 41.20116000000 -1.05932578400
P 28.56060000000 40.11084000000 -1.05932578400
P 30.22110000000 -3.77916000000 1.05932578400
P 31.88160000000 -2.22684000000 1.05932578400
P 30.22110000000 -0.37884000000 -1.05932578400
P 31.88160000000 -1.46916000000 -1.05932578400
P 30.22110000000 0.84084000000 1.05932578400
P 31.88160000000 2.39316000000 1.05932578400
P 30.22110000000 4.24116000000 -1.05932578400
P 31.88160000000 3.15084000000 -1.05932578400
P 30.22110000000 5.46084000000 1.05932578400
P 31.88160000000 7.01316000000 1.05932578400
P 30.22110000000 8.86116000000 -1.05932578400
P 31.88160000000 7.77084000000 -1.05932578400
P 30.22110000000 10.08084000000 1.05932578400
P 31.88160000000 11.63316000000 1.05932578400
P 30.22110000000 13.48116000000 -1.05932578400
P 31.88160000000 12.39084000000 -1.05932578400
P 30.22110000000 14.70084000000 1.05932578400
P 31.88160000000 16.25316000000 1.05932578400
P 30.22110000000 18.10116000000 -1.05932578400
P 31.88160000000 17.01084000000 -1.05932578400
P 30.22110000000 19.32084000000 1.05932578400
P 31.88160000000 20.87316000000 1.05932578400
P 30.22110000000 22.72116000000 -1.05932578400
P 31.88160000000 21.63084000000 -1.05932578400
P 30.22110000000 23.94084000000 1.05932578400
P 31.88160000000 25.49316000000 1.05932578400
P 30.22110000000 27.34116000000 -1.05932578400
P 31.88160000000 26.25084000000 -1.05932578400
P 30.22110000000 28.56084000000 1.05932578400
P 31.88160000000 30.11316000000 1.05932578400
P 30.22110000000 31.96116000000 -1.05932578400
P 31.88160000000 30.87084000000 -1.05932578400
P 30.22110000000 33.18084000000 1.05932578400
P 31.88160000000 34.73316000000 1.05932578400
P 30.22110000000 36.58116000000 -1.05932578400
P 31.88160000000 35.49084000000 -1.05932578400
P 30.22110000000 37.80084000000 1.05932578400
P 31.88160000000 39.35316000000 1.05932578400
P 30.22110000000 41.20116000000 -1.05932578400
P 31.88160000000 40.11084000000 -1.05932578400
P 33.54210000000 -3.77916000000 1.05932578400
P 35.20260000000 -2.22684000000 1.05932578400
P 33.54210000000 -0.37884000000 -1.05932578400
P 35.20260000000 -1.46916000000 -1.05932578400
P 33.54210000000 0.84084000000 1.05932578400
P 35.20260000000 2.39316000000 1.05932578400
P 33.54210000000 4.24116000000 -1.05932578400
P 35.20260000000 3.15084000000 -1.05932578400
P 33.54210000000 5.46084000000 1.05932578400
P 35.20260000000 7.01316000000 1.05932578400
P 33.54210000000 8.86116000000 -1.05932578400
P 35.20260000000 7.77084000000 -1.05932578400
P 33.54210000000 10.08084000000 1.05932578400
P 35.20260000000 11.63316000000 1.05932578400
P 33.54210000000 13.48116000000 -1.05932578400
P 35.20260000000 12.39084000000 -1.05932578400
P 33.54210000000 14.70084000000 1.05932578400
P 35.20260000000 16.25316000000 1.05932578400
P 33.54210000000 18.10116000000 -1.05932578400
P 35.20260000000 17.01084000000 -1.05932578400
P 33.54210000000 19.32084000000 1.05932578400
P 35.20260000000 20.87316000000 1.05932578400
P 33.54210000000 22.72116000000 -1.05932578400
P 35.20260000000 21.63084000000 -1.05932578400
P 33.54210000000 23.94084000000 1.05932578400
P 35.20260000000 25.49316000000 1.05932578400
P 33.54210000000 27.34116000000 -1.05932578400
P 35.20260000000 26.25084000000 -1.05932578400
P 33.54210000000 28.56084000000 1.05932578400
P 35.20260000000 30.11316000000 1.05932578400
P 33.54210000000 31.96116000000 -1.05932578400
P 35.20260000000 30.87084000000 -1.05932578400
P 33.54210000000 33.18084000000 1.05932578400
P 35.20260000000 34.73316000000 1.05932578400
P 33.54210000000 36.58116000000 -1.05932578400
P 35.20260000000 35.49084000000 -1.05932578400
P 33.54210000000 37.80084000000 1.05932578400
P 35.20260000000 39.35316000000 1.05932578400
P 33.54210000000 41.20116000000 -1.05932578400
P 35.20260000000 40.11084000000 -1.05932578400
P 36.86310000000 -3.77916000000 1.05932578400
P 38.52360000000 -2.22684000000 1.05932578400
P 36.86310000000 -0.37884000000 -1.05932578400
P 38.52360000000 -1.46916000000 -1.05932578400
P 36.86310000000 0.84084000000 1.05932578400
P 38.52360000000 2.39316000000 1.05932578400
P 36.86310000000 4.24116000000 -1.05932578400
P 38.52360000000 3.15084000000 -1.05932578400
P 36.86310000000 5.46084000000 1.05932578400
P 38.52360000000 7.01316000000 1.05932578400
P 36.86310000000 8.86116000000 -1.05932578400
P 38.52360000000 7.77084000000 -1.05932578400
P 36.86310000000 10.08084000000 1.05932578400
P 38.52360000000 11.63316000000 1.05932578400
P 36.86310000000 13.48116000000 -1.05932578400
P 38.52360000000 12.39084000000 -1.05932578400
P 36.86310000000 14.70084000000 1.05932578400
P 38.52360000000 16.25316000000 1.05932578400
P 36.86310000000 18.10116000000 -1.05932578400
P 38.52360000000 17.01084000000 -1.05932578400
P 36.86310000000 19.32084000000 1.05932578400
P 38.52360000000 20.87316000000 1.05932578400
P 36.86310000000 22.72116000000 -1.05932578400
P 38.52360000000 21.63084000000 -1.05932578400
P 36.86310000000 23.94084000000 1.05932578400
P 38.52360000000 25.49316000000 1.05932578400
P 36.86310000000 27.34116000000 -1.05932578400
P 38.52360000000 26.25084000000 -1.05932578400
P 36.86310000000 28.56084000000 1.05932578400
P 38.52360000000 30.11316000000 1.05932578400
P 36.86310000000 31.96116000000 -1.05932578400
P 38.52360000000 30.87084000000 -1.05932578400
P 36.86310000000 33.18084000000 1.05932578400
P 38.52360000000 34.73316000000 1.05932578400
P 36.86310000000 36.58116000000 -1.05932578400
P 38.52360000000 35.49084000000 -1.05932578400
P 36.86310000000 37.80084000000 1.05932578400
P 38.52360000000 39.35316000000 1.05932578400
P 36.86310000000 41.20116000000 -1.05932578400
P 38.52360000000 40.11084000000 -1.05932578400
P 40.18410000000 -3.77916000000 1.05932578400
P 41.84460000000 -2.22684000000 1.05932578400
P 40.18410000000 -0.37884000000 -1.05932578400
P 41.84460000000 -1.46916000000 -1.05932578400
P 40.18410000000 0.84084000000 1.05932578400
P 41.84460000000 2.39316000000 1.05932578400
P 40.18410000000 4.24116000000 -1.05932578400
P 41.84460000000 3.15084000000 -1.05932578400
P 40.18410000000 5.46084000000 1.05932578400
P 41.84460000000 7.01316000000 1.05932578400
P 40.18410000000 8.86116000000 -1.05932578400
P 41.84460000000 7.77084000000 -1.05932578400
P 40.18410000000 10.08084000000 1.05932578400
P 41.84460000000 11.63316000000 1.05932578400
P 40.18410000000 13.48116000000 -1.05932578400
P 41.84460000000 12.39084000000 -1.05932578400
P 40.18410000000 14.70084000000 1.05932578400
P 41.84460000000 16.25316000000 1.05932578400
P 40.18410000000 18.10116000000 -1.05932578400
P 41.84460000000 17.01084000000 -1.05932578400
P 40.18410000000 19.32084000000 1.05932578400
P 41.84460000000 20.87316000000 1.05932578400
P 40.18410000000 22.72116000000 -1.05932578400
P 41.84460000000 21.63084000000 -1.05932578400
P 40.18410000000 23.94084000000 1.05932578400
P 41.84460000000 25.49316000000 1.05932578400
P 40.18410000000 27.34116000000 -1.05932578400
P 41.84460000000 26.25084000000 -1.05932578400
P 40.18410000000 28.56084000000 1.05932578400
P 41.84460000000 30.11316000000 1.05932578400
P 40.18410000000 31.96116000000 -1.05932578400
P 41.84460000000 30.87084000000 -1.05932578400
P 40.18410000000 33.18084000000 1.05932578400
P 41.84460000000 34.73316000000 1.05932578400
P 40.18410000000 36.58116000000 -1.05932578400
P 41.84460000000 35.49084000000 -1.05932578400
P 40.18410000000 37.80084000000 1.05932578400
P 41.84460000000 39.35316000000 1.05932578400
P 40.18410000000 41.20116000000 -1.05932578400
P 41.84460000000 40.11084000000 -1.05932578400
P 43.50510000000 -3.77916000000 1.05932578400
P 45.16560000000 -2.22684000000 1.05932578400
P 43.50510000000 -0.37884000000 -1.05932578400
P 45.16560000000 -1.46916000000 -1.05932578400
P 43.50510000000 0.84084000000 1.05932578400
P 45.16560000000 2.39316000000 1.05932578400
P 43.50510000000 4.24116000000 -1.05932578400
P 45.16560000000 3.15084000000 -1.05932578400
P 43.50510000000 5.46084000000 1.05932578400
P 45.16560000000 7.01316000000 1.05932578400
P 43.50510000000 8.86116000000 -1.05932578400
P 45.16560000000 7.77084000000 -1.05932578400
P 43.50510000000 10.08084000000 1.05932578400
P 45.16560000000 11.63316000000 1.05932578400
P 43.50510000000 13.48116000000 -1.05932578400
P 45.16560000000 12.39084000000 -1.05932578400
P 43.50510000000 14.70084000000 1.05932578400
P 45.16560000000 16.25316000000 1.05932578400
P 43.50510000000 18.10116000000 -1.05932578400
P 45.16560000000 17.01084000000 -1.05932578400
P 43.50510000000 19.32084000000 1.05932578400
P 45.16560000000 20.87316000000 1.05932578400
P 43.50510000000 22.72116000000 -1.05932578400
P 45.16560000000 21.63084000000 -1.05932578400
P 43.50510000000 23.94084000000 1.05932578400
P 45.16560000000 25.49316000000 1.05932578400
P 43.50510000000 27.34116000000 -1.05932578400
P 45.16560000000 26.25084000000 -1.05932578400
P 43.50510000000 28.56084000000 1.05932578400
P 45.16560000000 30.11316000000 1.05932578400
P 43.50510000000 31.96116000000 -1.05932578400
P 45.16560000000 30.87084000000 -1.05932578400
P 43.50510000000 33.18084000000 1.05932578400
P 45.16560000000 34.73316000000 1.05932578400
P 43.50510000000 36.58116000000 -1.05932578400
P 45.16560000000 35.49084000000 -1.05932578400
P 43.50510000000 37.80084000000 1.05932578400
P 45.16560000000 39.35316000000 1.05932578400
P 43.50510000000 41.20116000000 -1.05932578400
P 45.16560000000 40.11084000000 -1.05932578400
P 46.82610000000 -3.77916000000 1.05932578400
P 48.48660000000 -2.22684000000 1.05932578400
P 46.82610000000 -0.37884000000 -1.05932578400
P 48.48660000000 -1.46916000000 -1.05932578400
P 46.82610000000 0.84084000000 1.05932578400
P 48.48660000000 2.39316000000 1.05932578400
P 46.82610000000 4.24116000000 -1.05932578400
P 48.48660000000 3.15084000000 -1.05932578400
P 46.82610000000 5.46084000000 1.05932578400
P 48.48660000000 7.01316000000 1.05932578400
P 46.82610000000 8.86116000000 -1.05932578400
P 48.48660000000 7.77084000000 -1.05932578400
P 46.82610000000 10.08084000000 1.05932578400
P 48.48660000000 11.63316000000 1.05932578400
P 46.82610000000 13.48116000000 -1.05932578400
P 48.48660000000 12.39084000000 -1.05932578400
P 46.82610000000 14.70084000000 1.05932578400
P 48.48660000000 16.25316000000 1.05932578400
P 46.82610000000 18.10116000000 -1.05932578400
P 48.48660000000 17.01084000000 -1.05932578400
P 46.82610000000 19.32084000000 1.05932578400
P 48.48660000000 20.87316000000 1.05932578400
P 46.82610000000 22.72116000000 -1.05932578400
P 48.48660000000 21.63084000000 -1.05932578400
P 46.82610000000 23.94084000000 1.05932578400
P 48.48660000000 25.49316000000 1.05932578400
P 46.82610000000 27.34116000000 -1.05932578400
P 48.48660000000 26.25084000000 -1.05932578400
P 46.82610000000 28.56084000000 1.05932578400
P 48.48660000000 30.11316000000 1.05932578400
P 46.82610000000 31.96116000000 -1.05932578400
P 48.48660000000 30.87084000000 -1.05932578400
P 46.82610000000 33.18084000000 1.05932578400
P 48.48660000000 34.73316000000 1.05932578400
P 46.82610000000 36.58116000000 -1.05932578400
P 48.48660000000 35.49084000000 -1.05932578400
P 46.82610000000 37.80084000000 1.05932578400
P 48.48660000000 39.35316000000 1.05932578400
P 46.82610000000 41.20116000000 -1.05932578400
P 48.48660000000 40.11084000000 -1.05932578400
P 50.14710000000 -3.77916000000 1.05932578400
P 51.80760000000 -2.22684000000 1.05932578400
P 50.14710000000 -0.37884000000 -1.05932578400
P 51.80760000000 -1.46916000000 -1.05932578400
P 50.14710000000 0.84084000000 1.05932578400
P 51.80760000000 2.39316000000 1.05932578400
P 50.14710000000 4.24116000000 -1.05932578400
P 51.80760000000 3.15084000000 -1.05932578400
P 50.14710000000 5.46084000000 1.05932578400
P 51.80760000000 7.01316000000 1.05932578400
P 50.14710000000 8.86116000000 -1.05932578400
P 51.80760000000 7.77084000000 -1.05932578400
P 50.14710000000 10.08084000000 1.05932578400
P 51.80760000000 11.63316000000 1.05932578400
P 50.14710000000 13.48116000000 -1.05932578400
P 51.80760000000 12.39084000000 -1.05932578400
P 50.14710000000 14.70084000000 1.05932578400
P 51.80760000000 16.25316000000 1.05932578400
P 50.14710000000 18.10116000000 -1.05932578400
P 51.80760000000 17.01084000000 -1.05932578400
P 50.14710000000 19.32084000000 1.05932578400
P 51.80760000000 20.87316000000 1.05932578400
P 50.14710000000 22.72116000000 -1.05932578400
P 51.80760000000 21.63084000000 -1.05932578400
P 50.14710000000 23.94084000000 1.05932578400
P 51.80760000000 25.49316000000 1.05932578400
P 50.14710000000 27.34116000000 -1.05932578400
P 51.80760000000 26.25084000000 -1.05932578400
P 50.14710000000 28.56084000000 1.05932578400
P 51.80760000000 30.11316000000 1.05932578400
P 50.14710000000 31.96116000000 -1.05932578400
P 51.80760000000 30.87084000000 -1.05932578400
P 50.14710000000 33.18084000000 1.05932578400
P 51.80760000000 34.73316000000 1.05932578400
P 50.14710000000 36.58116000000 -1.05932578400
P 51.80760000000 35.49084000000 -1.05932578400
P 50.14710000000 37.80084000000 1.05932578400
P 51.80760000000 39.35316000000 1.05932578400
P 50.14710000000 41.20116000000 -1.05932578400
P 51.80760000000 40.11084000000 -1.05932578400
P 53.46810000000 -3.77916000000 1.05932578400
P 55.12860000000 -2.22684000000 1.05932578400
P 53.46810000000 -0.37884000000 -1.05932578400
P 55.12860000000 -1.46916000000 -1.05932578400
P 53.46810000000 0.84084000000 1.05932578400
P 55.12860000000 2.39316000000 1.05932578400
P 53.46810000000 4.24116000000 -1.05932578400
P 55.12860000000 3.15084000000 -1.05932578400
P 53.46810000000 5.46084000000 1.05932578400
P 55.12860000000 7.01316000000 1.05932578400
P 53.46810000000 8.86116000000 -1.05932578400
P 55.12860000000 7.77084000000 -1.05932578400
P 53.46810000000 10.08084000000 1.05932578400
P 55.12860000000 11.63316000000 1.05932578400
P 53.46810000000 13.48116000000 -1.05932578400
P 55.12860000000 12.39084000000 -1.05932578400
P 53.46810000000 14.70084000000 1.05932578400
P 55.12860000000 16.25316000000 1.05932578400
P 53.46810000000 18.10116000000 -1.05932578400
P 55.12860000000 17.01084000000 -1.05932578400
P 53.46810000000 19.32084000000 1.05932578400
P 55.12860000000 20.87316000000 1.05932578400
P 53.46810000000 22.72116000000 -1.05932578400
P 55.12860000000 21.63084000000 -1.05932578400
P 53.46810000000 23.94084000000 1.05932578400
P 55.12860000000 25.49316000000 1.05932578400
P 53.46810000000 27.34116000000 -1.05932578400
P 55.12860000000 26.25084000000 -1.05932578400
P 53.46810000000 28.56084000000 1.05932578400
P 55.12860000000 30.11316000000 1.05932578400
P 53.46810000000 31.96116000000 -1.05932578400
P 55.12860000000 30.87084000000 -1.05932578400
P 53.46810000000 33.18084000000 1.05932578400
P 55.12860000000 34.73316000000 1.05932578400
P 53.46810000000 36.58116000000 -1.05932578400
P 55.12860000000 35.49084000000 -1.05932578400
P 53.46810000000 37.80084000000 1.05932578400
P 55.12860000000 39.35316000000 1.05932578400
P 53.46810000000 41.20116000000 -1.05932578400
P 55.12860000000 40.11084000000 -1.05932578400
Number of points in layer 1: 720
Layer 2 points (Angstrom):
P -2.70223971684 -3.98799202030 7.25932578400
P -1.16187738362 -2.31662918415 7.25932578400
P -2.94531470490 -0.60646931111 5.14067421600
P -1.21604083205 -1.56313771090 5.14067421600
P -3.03250464626 0.60646818241 7.25932578400
P -1.49214231304 2.27783101857 7.25932578400
P -3.27557963432 3.98799089160 5.14067421600
P -1.54630576147 3.03132249181 5.14067421600
P -1.82240724247 6.87229122128 7.25932578400
P -1.87657069089 7.62578269452 5.14067421600
P -2.15267217189 11.46675142399 7.25932578400
P -2.20683562031 12.22024289723 5.14067421600
P -2.48293710131 16.06121162670 7.25932578400
P -2.53710054974 16.81470309994 5.14067421600
P -2.81320203073 20.65567182941 7.25932578400
P -2.86736547916 21.40916330266 5.14067421600
P -3.14346696016 25.25013203212 7.25932578400
P -3.19763040858 26.00362350537 5.14067421600
P 0.60042298217 -3.73274360421 7.25932578400
P 2.14078531539 -2.06138076805 7.25932578400
P 0.35734799411 -0.35122089501 5.14067421600
P 2.08662186696 -1.30788929480 5.14067421600
P 0.27015805275 0.86171659850 7.25932578400
P 1.81052038596 2.53307943466 7.25932578400
P 0.02708306469 4.24323930770 5.14067421600
P 1.75635693754 3.28657090791 5.14067421600
P -0.06010687668 5.45617680121 7.25932578400
P 1.48025545654 7.12753963737 7.25932578400
P -0.30318186473 8.83769951041 5.14067421600
P 1.42609200812 7.88103111062 5.14067421600
P -0.39037180610 10.05063700393 7.25932578400
P 1.14999052712 11.72199984009 7.25932578400
P -0.63344679415 13.43215971312 5.14067421600
P 1.09582707869 12.47549131333 5.14067421600
P -0.72063673552 14.64509720664 7.25932578400
P 0.81972559770 16.31646004280 7.25932578400
P -0.96371172358 18.02661991583 5.14067421600
P 0.76556214927 17.06995151604 5.14067421600
P -1.05090166494 19.23955740935 7.25932578400
P 0.48946066827 20.91092024551 7.25932578400
P -1.29397665300 22.62108011854 5.14067421600
P 0.43529721985 21.66441171875 5.14067421600
P -1.38116659437 23.83401761206 7.25932578400
P 0.15919573885 25.50538044822 7.25932578400
P -1.62424158242 27.21554032126 5.14067421600
P 0.10503229043 26.25887192146 5.14067421600
P -1.71143152379 28.42847781477 7.25932578400
P -0.17106919057 30.09984065093 7.25932578400
P -1.95450651184 31.81000052397 5.14067421600
P -0.22523263900 30.85333212418 5.14067421600
P -2.04169645321 33.02293801748 7.25932578400
P -0.50133411999 34.69430085364 7.25932578400
P -2.28477144127 36.40446072668 5.14067421600
P -0.55549756842 35.44779232689 5.14067421600
P -2.37196138263 37.61739822019 7.25932578400
P -0.83159904942 39.28876105635 7.25932578400
P -2.61503637069 40.99892092939 5.14067421600
P -0.88576249784 40.04225252960 5.14067421600
P 3.90308568118 -3.47749518811 7.25932578400
P 5.44344801440 -1.80613235195 7.25932578400
P 3.66001069312 -0.09597247892 5.14067421600
P 5.38928456597 -1.05264087871 5.14067421600
P 3.57282075175 1.11696501460 7.25932578400
P 5.11318308497 2.78832785076 7.25932578400
P 3.32974576370 4.49848772380 5.14067421600
P 5.05901963655 3.54181932400 5.14067421600
P 3.24255582233 5.71142521731 7.25932578400
P 4.78291815555 7.38278805347 7.25932578400
P 2.99948083428 9.09294792651 5.14067421600
P 4.72875470713 8.13627952671 5.14067421600
P 2.91229089291 10.30588542002 7.25932578400
P 4.45265322613 11.97724825618 7.25932578400
P 2.66921590485 13.68740812922 5.14067421600
P 4.39848977770 12.73073972943 5.14067421600
P 2.58202596349 14.90034562273 7.25932578400
P 4.12238829671 16.57170845889 7.25932578400
P 2.33895097543 18.28186833193 5.14067421600
P 4.06822484828 17.32519993214 5.14067421600
P 2.25176103406 19.49480582545 7.25932578400
P 3.79212336728 21.16616866160 7.25932578400
P 2.00868604601 22.87632853464 5.14067421600
P 3.73795991886 21.91966013485 5.14067421600
P 1.92149610464 24.08926602816 7.25932578400
P 3.46185843786 25.76062886432 7.25932578400
P 1.67842111659 27.47078873735 5.14067421600
P 3.40769498944 26.51412033756 5.14067421600
P 1.59123117522 28.68372623087 7.25932578400
P 3.13159350844 30.35508906703 7.25932578400
P 1.34815618716 32.06524894006 5.14067421600
P 3.07743006001 31.10858054027 5.14067421600
P 1.26096624580 33.27818643358 7.25932578400
P 2.80132857902 34.94954926974 7.25932578400
P 1.01789125774 36.65970914277 5.14067421600
P 2.74716513059 35.70304074298 5.14067421600
P 0.93070131637 37.87264663629 7.25932578400
P 2.47106364959 39.54400947245 7.25932578400
P 0.68762632832 41.25416934549 5.14067421600
P 2.41690020117 40.29750094569 5.14067421600
P 7.29293832155 -4.43518426553 5.14067421600
P 7.20574838019 -3.22224677202 7.25932578400
P 8.74611071340 -1.55088393586 7.25932578400
P 6.96267339213 0.15927593718 5.14067421600
P 8.69194726498 -0.79739246261 5.14067421600
P 6.87548345076 1.37221343070 7.25932578400
P 8.41584578398 3.04357626686 7.25932578400
P 6.63240846271 4.75373613989 5.14067421600
P 8.36168233556 3.79706774010 5.14067421600
P 6.54521852134 5.96667363341 7.25932578400
P 8.08558085456 7.63803646957 7.25932578400
P 6.30214353329 9.34819634260 5.14067421600
P 8.03141740613 8.39152794281 5.14067421600
P 6.21495359192 10.56113383612 7.25932578400
P 7.75531592514 12.23249667228 7.25932578400
P 5.97187860386 13.94265654531 5.14067421600
P 7.70115247671 12.98598814552 5.14067421600
P 5.88468866250 15.15559403883 7.25932578400
P 7.42505099571 16.82695687499 7.25932578400
P 5.64161367444 18.53711674803 5.14067421600
P 7.37088754729 17.58044834823 5.14067421600
P 5.55442373307 19.75005424154 7.25932578400
P 7.09478606629 21.42141707770 7.25932578400
P 5.31134874502 23.13157695074 5.14067421600
P 7.04062261787 22.17490855095 5.14067421600
P 5.22415880365 24.34451444425 7.25932578400
P 6.76452113687 26.01587728041 7.25932578400
P 4.98108381560 27.72603715345 5.14067421600
P 6.71035768844 26.76936875366 5.14067421600
P 4.89389387423 28.93897464696 7.25932578400
P 6.43425620745 30.61033748312 7.25932578400
P 4.65081888617 32.32049735616 5.14067421600
P 6.38009275902 31.36382895637 5.14067421600
P 4.56362894481 33.53343484968 7.25932578400
P 6.10399127802 35.20479768583 7.25932578400
P 4.32055395675 36.91495755887 5.14067421600
P 6.04982782960 35.95828915908 5.14067421600
P 4.23336401538 38.12789505239 7.25932578400
P 5.77372634860 39.79925788855 7.25932578400
P 3.99028902733 41.50941776158 5.14067421600
P 5.71956290018 40.55274936179 5.14067421600
P 10.59560102056 -4.17993584944 5.14067421600
P 10.50841107919 -2.96699835592 7.25932578400
P 12.04877341241 -1.29563551976 7.25932578400
P 10.26533609114 0.41452435328 5.14067421600
P 11.99460996399 -0.54214404652 5.14067421600
P 10.17814614977 1.62746184679 7.25932578400
P 11.71850848299 3.29882468295 7.25932578400
P 9.93507116172 5.00898455599 5.14067421600
P 11.66434503456 4.05231615620 5.14067421600
P 9.84788122035 6.22192204950 7.25932578400
P 11.38824355357 7.89328488566 7.25932578400
P 9.60480623229 9.60344475870 5.14067421600
P 11.33408010514 8.64677635891 5.14067421600
P 9.51761629093 10.81638225221 7.25932578400
P 11.05797862415 12.48774508837 7.25932578400
P 9.27454130287 14.19790496141 5.14067421600
P 11.00381517572 13.24123656162 5.14067421600
P 9.18735136150 15.41084245493 7.25932578400
P 10.72771369472 17.08220529109 7.25932578400
P 8.94427637345 18.79236516412 5.14067421600
P 10.67355024630 17.83569676433 5.14067421600
P 8.85708643208 20.00530265764 7.25932578400
P 10.39744876530 21.67666549380 7.25932578400
P 8.61401144403 23.38682536683 5.14067421600
P 10.34328531687 22.43015696704 5.14067421600
P 8.52682150266 24.59976286035 7.25932578400
P 10.06718383588 26.27112569651 7.25932578400
P 8.28374651460 27.98128556954 5.14067421600
P 10.01302038745 27.02461716975 5.14067421600
P 8.19655657324 29.19422306306 7.25932578400
P 9.73691890645 30.86558589922 7.25932578400
P 7.95348158518 32.57574577226 5.14067421600
P 9.68275545803 31.61907737246 5.14067421600
P 7.86629164381 33.78868326577 7.25932578400
P 9.40665397703 35.46004610193 7.25932578400
P 7.62321665576 37.17020597497 5.14067421600
P 9.35249052861 36.21353757518 5.14067421600
P 7.53602671439 38.38314346848 7.25932578400
P 9.07638904761 40.05450630464 7.25932578400
P 9.02222559918 40.80799777789 5.14067421600
P 13.89826371957 -3.92468743334 5.14067421600
P 13.81107377820 -2.71174993982 7.25932578400
P 15.35143611142 -1.04038710366 7.25932578400
P 13.56799879015 0.66977276937 5.14067421600
P 15.29727266300 -0.28689563042 5.14067421600
P 13.48080884878 1.88271026289 7.25932578400
P 15.02117118200 3.55407309905 7.25932578400
P 13.23773386073 5.26423297208 5.14067421600
P 14.96700773357 4.30756457229 5.14067421600
P 13.15054391936 6.47717046560 7.25932578400
P 14.69090625258 8.14853330176 7.25932578400
P 12.90746893130 9.85869317480 5.14067421600
P 14.63674280415 8.90202477500 5.14067421600
P 12.82027898994 11.07163066831 7.25932578400
P 14.36064132315 12.74299350447 7.25932578400
P 12.57720400188 14.45315337751 5.14067421600
P 14.30647787473 13.49648497772 5.14067421600
P 12.49001406051 15.66609087102 7.25932578400
P 14.03037639373 17.33745370718 7.25932578400
P 12.24693907246 19.04761358022 5.14067421600
P 13.97621294531 18.09094518043 5.14067421600
P 12.15974913109 20.26055107373 7.25932578400
P 13.70011146431 21.93191390989 7.25932578400
P 11.91667414304 23.64207378293 5.14067421600
P 13.64594801588 22.68540538314 5.14067421600
P 11.82948420167 24.85501127645 7.25932578400
P 13.36984653489 26.52637411260 7.25932578400
P 11.58640921361 28.23653398564 5.14067421600
P 13.31568308646 27.27986558585 5.14067421600
P 11.49921927225 29.44947147916 7.25932578400
P 13.03958160546 31.12083431532 7.25932578400
P 11.25614428419 32.83099418835 5.14067421600
P 12.98541815704 31.87432578856 5.14067421600
P 11.16895434282 34.04393168187 7.25932578400
P 12.70931667604 35.71529451803 7.25932578400
P 10.92587935477 37.42545439106 5.14067421600
P 12.65515322762 36.46878599127 5.14067421600
P 10.83868941340 38.63839188458 7.25932578400
P 12.37905174662 40.30975472074 7.25932578400
P 12.32488829819 41.06324619398 5.14067421600
P 17.20092641858 -3.66943901724 5.14067421600
P 17.11373647721 -2.45650152373 7.25932578400
P 18.65409881043 -0.78513868757 7.25932578400
P 16.87066148916 0.92502118547 5.14067421600
P 18.59993536200 -0.03164721432 5.14067421600
P 16.78347154779 2.13795867898 7.25932578400
P 18.32383388101 3.80932151514 7.25932578400
P 16.54039655973 5.51948138818 5.14067421600
P 18.26967043258 4.56281298839 5.14067421600
P 16.45320661837 6.73241888170 7.25932578400
P 17.99356895158 8.40378171786 7.25932578400
P 16.21013163031 10.11394159089 5.14067421600
P 17.93940550316 9.15727319110 5.14067421600
P 16.12294168894 11.32687908441 7.25932578400
P 17.66330402216 12.99824192057 7.25932578400
P 15.87986670089 14.70840179360 5.14067421600
P 17.60914057374 13.75173339381 5.14067421600
P 15.79267675952 15.92133928712 7.25932578400
P 17.33303909274 17.59270212328 7.25932578400
P 15.54960177147 19.30286199631 5.14067421600
P 17.27887564431 18.34619359652 5.14067421600
P 15.46241183010 20.51579948983 7.25932578400
P 17.00277416332 22.18716232599 7.25932578400
P 15.21933684204 23.89732219903 5.14067421600
P 16.94861071489 22.94065379923 5.14067421600
P 15.13214690068 25.11025969254 7.25932578400
P 16.67250923389 26.78162252870 7.25932578400
P 14.88907191262 28.49178240174 5.14067421600
P 16.61834578547 27.53511400195 5.14067421600
P 14.80188197125 29.70471989525 7.25932578400
P 16.34224430447 31.37608273141 7.25932578400
P 14.55880698320 33.08624260445 5.14067421600
P 16.28808085605 32.12957420466 5.14067421600
P 14.47161704183 34.29918009796 7.25932578400
P 16.01197937505 35.97054293412 7.25932578400
P 14.22854205378 37.68070280716 5.14067421600
P 15.95781592662 36.72403440737 5.14067421600
P 14.14135211241 38.89364030068 7.25932578400
P 15.68171444563 40.56500313684 7.25932578400
P 15.62755099720 41.31849461008 5.14067421600
P 20.50358911759 -3.41419060115 5.14067421600
P 22.23286299044 -4.37085900094 5.14067421600
P 20.41639917622 -2.20125310763 7.25932578400
P 21.95676150944 -0.52989027147 7.25932578400
P 20.17332418816 1.18026960157 5.14067421600
P 21.90259806101 0.22360120177 5.14067421600
P 20.08613424680 2.39320709508 7.25932578400
P 21.62649658002 4.06456993124 7.25932578400
P 19.84305925874 5.77472980428 5.14067421600
P 21.57233313159 4.81806140449 5.14067421600
P 19.75586931737 6.98766729779 7.25932578400
P 21.29623165059 8.65903013395 7.25932578400
P 19.51279432932 10.36919000699 5.14067421600
P 21.24206820217 9.41252160720 5.14067421600
P 19.42560438795 11.58212750050 7.25932578400
P 20.96596672117 13.25349033666 7.25932578400
P 19.18252939990 14.96365020970 5.14067421600
P 20.91180327275 14.00698180991 5.14067421600
P 19.09533945853 16.17658770322 7.25932578400
P 20.63570179175 17.84795053937 7.25932578400
P 18.85226447047 19.55811041241 5.14067421600
P 20.58153834332 18.60144201262 5.14067421600
P 18.76507452911 20.77104790593 7.25932578400
P 20.30543686233 22.44241074209 7.25932578400
P 18.52199954105 24.15257061512 5.14067421600
P 20.25127341390 23.19590221533 5.14067421600
P 18.43480959968 25.36550810864 7.25932578400
P 19.97517193290 27.03687094480 7.25932578400
P 18.19173461163 28.74703081783 5.14067421600
P 19.92100848448 27.79036241804 5.14067421600
P 18.10454467026 29.95996831135 7.25932578400
P 19.64490700348 31.63133114751 7.25932578400
P 17.86146968221 33.34149102055 5.14067421600
P 19.59074355506 32.38482262075 5.14067421600
P 17.77427974084 34.55442851406 7.25932578400
P 19.31464207406 36.22579135022 7.25932578400
P 17.53120475278 37.93595122326 5.14067421600
P 19.26047862563 36.97928282347 5.14067421600
P 17.44401481142 39.14888871677 7.25932578400
P 18.98437714464 40.82025155293 7.25932578400
P 18.93021369621 41.57374302618 5.14067421600
P 23.80625181660 -3.15894218505 5.14067421600
P 25.53552568944 -4.11561058484 5.14067421600
P 23.71906187523 -1.94600469153 7.25932578400
P 25.25942420845 -0.27464185537 7.25932578400
P 23.47598688717 1.43551801766 5.14067421600
P 25.20526076002 0.47884961787 5.14067421600
P 23.38879694581 2.64845551118 7.25932578400
P 24.92915927902 4.31981834734 7.25932578400
P 23.14572195775 6.02997822037 5.14067421600
P 24.87499583060 5.07330982058 5.14067421600
P 23.05853201638 7.24291571389 7.25932578400
P 24.59889434960 8.91427855005 7.25932578400
P 22.81545702833 10.62443842308 5.14067421600
P 24.54473090118 9.66777002329 5.14067421600
P 22.72826708696 11.83737591660 7.25932578400
P 24.26862942018 13.50873875276 7.25932578400
P 22.48519209891 15.21889862580 5.14067421600
P 24.21446597175 14.26223022600 5.14067421600
P 22.39800215754 16.43183611931 7.25932578400
P 23.93836449076 18.10319895547 7.25932578400
P 22.15492716948 19.81335882851 5.14067421600
P 23.88420104233 18.85669042872 5.14067421600
P 22.06773722812 21.02629632202 7.25932578400
P 23.60809956133 22.69765915818 7.25932578400
P 21.82466224006 24.40781903122 5.14067421600
P 23.55393611291 23.45115063143 5.14067421600
P 21.73747229869 25.62075652473 7.25932578400
P 23.27783463191 27.29211936089 7.25932578400
P 21.49439731064 29.00227923393 5.14067421600
P 23.22367118349 28.04561083414 5.14067421600
P 21.40720736927 30.21521672745 7.25932578400
P 22.94756970249 31.88657956361 7.25932578400
P 21.16413238122 33.59673943664 5.14067421600
P 22.89340625406 32.64007103685 5.14067421600
P 21.07694243985 34.80967693016 7.25932578400
P 22.61730477307 36.48103976632 7.25932578400
P 20.83386745179 38.19119963935 5.14067421600
P 22.56314132464 37.23453123956 5.14067421600
P 20.74667751043 39.40413713287 7.25932578400
P 22.28703984364 41.07549996903 7.25932578400
P 28.89235183688 -4.61385364199 7.25932578400
P 27.10891451560 -2.90369376895 5.14067421600
P 28.83818838845 -3.86036216875 5.14067421600
P 27.02172457424 -1.69075627544 7.25932578400
P 28.56208690746 -0.01939343928 7.25932578400
P 26.77864958618 1.69076643376 5.14067421600
P 28.50792345903 0.73409803397 5.14067421600
P 26.69145964481 2.90370392727 7.25932578400
P 28.23182197803 4.57506676343 7.25932578400
P 26.44838465676 6.28522663647 5.14067421600
P 28.17765852961 5.32855823668 5.14067421600
P 26.36119471539 7.49816412999 7.25932578400
P 27.90155704861 9.16952696614 7.25932578400
P 26.11811972734 10.87968683918 5.14067421600
P 27.84739360019 9.92301843939 5.14067421600
P 26.03092978597 12.09262433270 7.25932578400
P 27.57129211919 13.76398716886 7.25932578400
P 25.78785479791 15.47414704189 5.14067421600
P 27.51712867076 14.51747864210 5.14067421600
P 25.70066485655 16.68708453541 7.25932578400
P 27.24102718977 18.35844737157 7.25932578400
P 25.45758986849 20.06860724460 5.14067421600
P 27.18686374134 19.11193884481 5.14067421600
P 25.37039992712 21.28154473812 7.25932578400
P 26.91076226034 22.95290757428 7.25932578400
P 25.12732493907 24.66306744732 5.14067421600
P 26.85659881192 23.70639904752 5.14067421600
P 25.04013499770 25.87600494083 7.25932578400
P 26.58049733092 27.54736777699 7.25932578400
P 24.79706000965 29.25752765003 5.14067421600
P 26.52633388250 28.30085925023 5.14067421600
P 24.70987006828 30.47046514354 7.25932578400
P 26.25023240150 32.14182797970 7.25932578400
P 24.46679508022 33.85198785274 5.14067421600
P 26.19606895307 32.89531945295 5.14067421600
P 24.37960513886 35.06492534625 7.25932578400
P 25.91996747208 36.73628818241 7.25932578400
P 24.13653015080 38.44644805545 5.14067421600
P 25.86580402365 37.48977965566 5.14067421600
P 24.04934020943 39.65938554897 7.25932578400
P 25.58970254265 41.33074838512 7.25932578400
P 32.19501453589 -4.35860522589 7.25932578400
P 30.41157721461 -2.64844535286 5.14067421600
P 32.14085108746 -3.60511375265 5.14067421600
P 30.32438727325 -1.43550785934 7.25932578400
P 31.86474960646 0.23585497682 7.25932578400
P 30.08131228519 1.94601484985 5.14067421600
P 31.81058615804 0.98934645006 5.14067421600
P 29.99412234382 3.15895234337 7.25932578400
P 31.53448467704 4.83031517953 7.25932578400
P 29.75104735577 6.54047505257 5.14067421600
P 31.48032122862 5.58380665277 5.14067421600
P 29.66385741440 7.75341254608 7.25932578400
P 31.20421974762 9.42477538224 7.25932578400
P 29.42078242635 11.13493525528 5.14067421600
P 31.15005629919 10.17826685549 5.14067421600
P 29.33359248498 12.34787274879 7.25932578400
P 30.87395481820 14.01923558495 7.25932578400
P 29.09051749692 15.72939545799 5.14067421600
P 30.81979136977 14.77272705820 5.14067421600
P 29.00332755556 16.94233295150 7.25932578400
P 30.54368988877 18.61369578766 7.25932578400
P 28.76025256750 20.32385566070 5.14067421600
P 30.48952644035 19.36718726091 5.14067421600
P 28.67306262613 21.53679315422 7.25932578400
P 30.21342495935 23.20815599038 7.25932578400
P 28.42998763808 24.91831586341 5.14067421600
P 30.15926151093 23.96164746362 5.14067421600
P 28.34279769671 26.13125335693 7.25932578400
P 29.88316002993 27.80261619309 7.25932578400
P 28.09972270866 29.51277606612 5.14067421600
P 29.82899658150 28.55610766633 5.14067421600
P 28.01253276729 30.72571355964 7.25932578400
P 29.55289510051 32.39707639580 7.25932578400
P 27.76945777923 34.10723626883 5.14067421600
P 29.49873165208 33.15056786904 5.14067421600
P 27.68226783787 35.32017376235 7.25932578400
P 29.22263017108 36.99153659851 7.25932578400
P 27.43919284981 38.70169647155 5.14067421600
P 29.16846672266 37.74502807175 5.14067421600
P 27.35200290844 39.91463396506 7.25932578400
P 35.49767723490 -4.10335680980 7.25932578400
P 33.71423991362 -2.39319693676 5.14067421600
P 35.44351378647 -3.34986533655 5.14067421600
P 33.62704997225 -1.18025944324 7.25932578400
P 35.16741230547 0.49110339291 7.25932578400
P 33.38397498420 2.20126326595 5.14067421600
P 35.11324885705 1.24459486616 5.14067421600
P 33.29678504283 3.41420075947 7.25932578400
P 34.83714737605 5.08556359563 7.25932578400
P 33.05371005478 6.79572346866 5.14067421600
P 34.78298392762 5.83905506887 5.14067421600
P 32.96652011341 8.00866096218 7.25932578400
P 34.50688244663 9.68002379834 7.25932578400
P 32.72344512535 11.39018367137 5.14067421600
P 34.45271899820 10.43351527158 5.14067421600
P 32.63625518399 12.60312116489 7.25932578400
P 34.17661751721 14.27448400105 7.25932578400
P 32.39318019593 15.98464387409 5.14067421600
P 34.12245406878 15.02797547429 5.14067421600
P 32.30599025456 17.19758136760 7.25932578400
P 33.84635258778 18.86894420376 7.25932578400
P 32.06291526651 20.57910407680 5.14067421600
P 33.79218913936 19.62243567700 5.14067421600
P 31.97572532514 21.79204157031 7.25932578400
P 33.51608765836 23.46340440647 7.25932578400
P 31.73265033709 25.17356427951 5.14067421600
P 33.46192420993 24.21689587972 5.14067421600
P 31.64546039572 26.38650177302 7.25932578400
P 33.18582272894 28.05786460918 7.25932578400
P 31.40238540766 29.76802448222 5.14067421600
P 33.13165928051 28.81135608243 5.14067421600
P 31.31519546630 30.98096197574 7.25932578400
P 32.85555779952 32.65232481189 7.25932578400
P 31.07212047824 34.36248468493 5.14067421600
P 32.80139435109 33.40581628514 5.14067421600
P 30.98493053687 35.57542217845 7.25932578400
P 32.52529287009 37.24678501461 7.25932578400
P 30.74185554882 38.95694488764 5.14067421600
P 32.47112942167 38.00027648785 5.14067421600
P 30.65466560745 40.16988238116 7.25932578400
P 38.80033993390 -3.84810839370 7.25932578400
P 37.01690261263 -2.13794852066 5.14067421600
P 38.74617648548 -3.09461692046 5.14067421600
P 36.92971267126 -0.92501102715 7.25932578400
P 38.47007500448 0.74635180901 7.25932578400
P 36.68663768321 2.45651168205 5.14067421600
P 38.41591155606 1.49984328226 5.14067421600
P 36.59944774184 3.66944917556 7.25932578400
P 38.13981007506 5.34081201172 7.25932578400
P 36.35637275379 7.05097188476 5.14067421600
P 38.08564662663 6.09430348497 5.14067421600
P 36.26918281242 8.26390937827 7.25932578400
P 37.80954514564 9.93527221443 7.25932578400
P 36.02610782436 11.64543208747 5.14067421600
P 37.75538169721 10.68876368768 5.14067421600
P 35.93891788300 12.85836958099 7.25932578400
P 37.47928021621 14.52973241715 7.25932578400
P 35.69584289494 16.23989229018 5.14067421600
P 37.42511676779 15.28322389039 5.14067421600
P 35.60865295357 17.45282978370 7.25932578400
P 37.14901528679 19.12419261986 7.25932578400
P 35.36557796552 20.83435249289 5.14067421600
P 37.09485183837 19.87768409310 5.14067421600
P 35.27838802415 22.04728998641 7.25932578400
P 36.81875035737 23.71865282257 7.25932578400
P 35.03531303610 25.42881269560 5.14067421600
P 36.76458690894 24.47214429581 5.14067421600
P 34.94812309473 26.64175018912 7.25932578400
P 36.48848542795 28.31311302528 7.25932578400
P 34.70504810667 30.02327289832 5.14067421600
P 36.43432197952 29.06660449852 5.14067421600
P 34.61785816531 31.23621039183 7.25932578400
P 36.15822049852 32.90757322799 7.25932578400
P 34.37478317725 34.61773310103 5.14067421600
P 36.10405705010 33.66106470124 5.14067421600
P 34.28759323588 35.83067059454 7.25932578400
P 35.82795556910 37.50203343070 7.25932578400
P 34.04451824783 39.21219330374 5.14067421600
P 35.77379212068 38.25552490395 5.14067421600
P 33.95732830646 40.42513079725 7.25932578400
P 42.10300263291 -3.59285997760 7.25932578400
P 40.31956531164 -1.88270010457 5.14067421600
P 42.04883918449 -2.83936850436 5.14067421600
P 40.23237537027 -0.66976261105 7.25932578400
P 41.77273770349 1.00160022511 7.25932578400
P 39.98930038222 2.71176009814 5.14067421600
P 41.71857425506 1.75509169835 5.14067421600
P 39.90211044085 3.92469759166 7.25932578400
P 41.44247277407 5.59606042782 7.25932578400
P 39.65903545279 7.30622030085 5.14067421600
P 41.38830932564 6.34955190106 5.14067421600
P 39.57184551143 8.51915779437 7.25932578400
P 41.11220784464 10.19052063053 7.25932578400
P 39.32877052337 11.90068050357 5.14067421600
P 41.05804439622 10.94401210377 5.14067421600
P 39.24158058200 13.11361799708 7.25932578400
P 40.78194291522 14.78498083324 7.25932578400
P 38.99850559395 16.49514070628 5.14067421600
P 40.72777946680 15.53847230649 5.14067421600
P 38.91131565258 17.70807819979 7.25932578400
P 40.45167798580 19.37944103595 7.25932578400
P 38.66824066453 21.08960090899 5.14067421600
P 40.39751453737 20.13293250920 5.14067421600
P 38.58105072316 22.30253840251 7.25932578400
P 40.12141305638 23.97390123866 7.25932578400
P 38.33797573510 25.68406111170 5.14067421600
P 40.06724960795 24.72739271191 5.14067421600
P 38.25078579374 26.89699860522 7.25932578400
P 39.79114812695 28.56836144138 7.25932578400
P 38.00771080568 30.27852131441 5.14067421600
P 39.73698467853 29.32185291462 5.14067421600
P 37.92052086431 31.49145880793 7.25932578400
P 39.46088319753 33.16282164409 7.25932578400
P 37.67744587626 34.87298151712 5.14067421600
P 39.40671974911 33.91631311733 5.14067421600
P 37.59025593489 36.08591901064 7.25932578400
P 39.13061826811 37.75728184680 7.25932578400
P 37.34718094684 39.46744171983 5.14067421600
P 39.07645481968 38.51077332004 5.14067421600
P 37.25999100547 40.68037921335 7.25932578400
P 45.40566533192 -3.33761156151 7.25932578400
P 43.62222801065 -1.62745168847 5.14067421600
P 45.35150188350 -2.58412008826 5.14067421600
P 43.53503806928 -0.41451419496 7.25932578400
P 45.07540040250 1.25684864120 7.25932578400
P 43.29196308123 2.96700851424 5.14067421600
P 45.02123695407 2.01034011445 5.14067421600
P 43.20477313986 4.17994600776 7.25932578400
P 44.74513547308 5.85130884391 7.25932578400
P 42.96169815180 7.56146871695 5.14067421600
P 44.69097202465 6.60480031716 5.14067421600
P 42.87450821044 8.77440621047 7.25932578400
P 44.41487054365 10.44576904663 7.25932578400
P 42.63143322238 12.15592891966 5.14067421600
P 44.36070709523 11.19926051987 5.14067421600
P 42.54424328101 13.36886641318 7.25932578400
P 44.08460561423 15.04022924934 7.25932578400
P 42.30116829296 16.75038912237 5.14067421600
P 44.03044216581 15.79372072258 5.14067421600
P 42.21397835159 17.96332661589 7.25932578400
P 43.75434068481 19.63468945205 7.25932578400
P 41.97090336354 21.34484932509 5.14067421600
P 43.70017723638 20.38818092529 5.14067421600
P 41.88371342217 22.55778681860 7.25932578400
P 43.42407575539 24.22914965476 7.25932578400
P 41.64063843411 25.93930952780 5.14067421600
P 43.36991230696 24.98264112801 5.14067421600
P 41.55344849274 27.15224702131 7.25932578400
P 43.09381082596 28.82360985747 7.25932578400
P 41.31037350469 30.53376973051 5.14067421600
P 43.03964737754 29.57710133072 5.14067421600
P 41.22318356332 31.74670722402 7.25932578400
P 42.76354589654 33.41807006018 7.25932578400
P 40.98010857527 35.12822993322 5.14067421600
P 42.70938244812 34.17156153343 5.14067421600
P 40.89291863390 36.34116742674 7.25932578400
P 42.43328096712 38.01253026289 7.25932578400
P 40.64984364584 39.72269013593 5.14067421600
P 42.37911751869 38.76602173614 5.14067421600
P 40.56265370448 40.93562762945 7.25932578400
P 48.70832803093 -3.08236314541 7.25932578400
P 46.92489070966 -1.37220327238 5.14067421600
P 48.65416458250 -2.32887167217 5.14067421600
P 46.83770076829 -0.15926577886 7.25932578400
P 48.37806310151 1.51209705730 7.25932578400
P 46.59462578023 3.22225693034 5.14067421600
P 48.32389965308 2.26558853054 5.14067421600
P 46.50743583887 4.43519442385 7.25932578400
P 48.04779817208 6.10655726001 7.25932578400
P 46.26436085081 7.81671713305 5.14067421600
P 47.99363472366 6.86004873326 5.14067421600
P 46.17717090944 9.02965462656 7.25932578400
P 47.71753324266 10.70101746272 7.25932578400
P 45.93409592139 12.41117733576 5.14067421600
P 47.66336979424 11.45450893597 5.14067421600
P 45.84690598002 13.62411482927 7.25932578400
P 47.38726831324 15.29547766543 7.25932578400
P 45.60383099197 17.00563753847 5.14067421600
P 47.33310486481 16.04896913868 5.14067421600
P 45.51664105060 18.21857503199 7.25932578400
P 47.05700338382 19.88993786815 7.25932578400
P 45.27356606254 21.60009774118 5.14067421600
P 47.00283993539 20.64342934139 5.14067421600
P 45.18637612118 22.81303523470 7.25932578400
P 46.72673845439 24.48439807086 7.25932578400
P 44.94330113312 26.19455794389 5.14067421600
P 46.67257500597 25.23788954410 5.14067421600
P 44.85611119175 27.40749543741 7.25932578400
P 46.39647352497 29.07885827357 7.25932578400
P 44.61303620370 30.78901814660 5.14067421600
P 46.34231007655 29.83234974681 5.14067421600
P 44.52584626233 32.00195564012 7.25932578400
P 46.06620859555 33.67331847628 7.25932578400
P 44.28277127428 35.38347834932 5.14067421600
P 46.01204514712 34.42680994952 5.14067421600
P 44.19558133291 36.59641584283 7.25932578400
P 45.73594366613 38.26777867899 7.25932578400
P 43.95250634485 39.97793855203 5.14067421600
P 45.68178021770 39.02127015224 5.14067421600
P 43.86531640349 41.19087604554 7.25932578400
P 50.47062839672 -4.49847756547 7.25932578400
P 52.01099072994 -2.82711472932 7.25932578400
P 50.22755340866 -1.11695485628 5.14067421600
P 51.95682728151 -2.07362325607 5.14067421600
P 50.14036346730 0.09598263724 7.25932578400
P 51.68072580052 1.76734547340 7.25932578400
P 49.89728847924 3.47750534643 5.14067421600
P 51.62656235209 2.52083694664 5.14067421600
P 49.81009853787 4.69044283995 7.25932578400
P 51.35046087109 6.36180567611 7.25932578400
P 49.56702354982 8.07196554914 5.14067421600
P 51.29629742267 7.11529714935 5.14067421600
P 49.47983360845 9.28490304266 7.25932578400
P 51.02019594167 10.95626587882 7.25932578400
P 49.23675862040 12.66642575186 5.14067421600
P 50.96603249325 11.70975735206 5.14067421600
P 49.14956867903 13.87936324537 7.25932578400
P 50.68993101225 15.55072608153 7.25932578400
P 48.90649369097 17.26088595457 5.14067421600
P 50.63576756382 16.30421755478 5.14067421600
P 48.81930374961 18.47382344808 7.25932578400
P 50.35966608283 20.14518628424 7.25932578400
P 48.57622876155 21.85534615728 5.14067421600
P 50.30550263440 20.89867775749 5.14067421600
P 48.48903882018 23.06828365079 7.25932578400
P 50.02940115340 24.73964648695 7.25932578400
P 48.24596383213 26.44980635999 5.14067421600
P 49.97523770498 25.49313796020 5.14067421600
P 48.15877389076 27.66274385351 7.25932578400
P 49.69913622398 29.33410668966 7.25932578400
P 47.91569890271 31.04426656270 5.14067421600
P 49.64497277556 30.08759816291 5.14067421600
P 47.82850896134 32.25720405622 7.25932578400
P 49.36887129456 33.92856689238 7.25932578400
P 47.58543397328 35.63872676541 5.14067421600
P 49.31470784613 34.68205836562 5.14067421600
P 47.49824403192 36.85166425893 7.25932578400
P 49.03860636514 38.52302709509 7.25932578400
P 47.25516904386 40.23318696812 5.14067421600
P 48.98444291671 39.27651856833 5.14067421600
P 47.16797910249 41.44612446164 7.25932578400
P 53.77329109573 -4.24322914938 7.25932578400
P 55.31365342895 -2.57186631322 7.25932578400
P 53.53021610767 -0.86170644018 5.14067421600
P 55.25948998052 -1.81837483997 5.14067421600
P 53.44302616631 0.35123105333 7.25932578400
P 54.98338849952 2.02259388949 7.25932578400
P 53.19995117825 3.73275376253 5.14067421600
P 54.92922505110 2.77608536274 5.14067421600
P 53.11276123688 4.94569125604 7.25932578400
P 54.65312357010 6.61705409220 7.25932578400
P 52.86968624883 8.32721396524 5.14067421600
P 54.59896012168 7.37054556545 5.14067421600
P 52.78249630746 9.54015145876 7.25932578400
P 54.32285864068 11.21151429492 7.25932578400
P 52.53942131941 12.92167416795 5.14067421600
P 54.26869519225 11.96500576816 5.14067421600
P 52.45223137804 14.13461166147 7.25932578400
P 53.99259371126 15.80597449763 7.25932578400
P 52.20915638998 17.51613437066 5.14067421600
P 53.93843026283 16.55946597087 5.14067421600
P 52.12196644862 18.72907186418 7.25932578400
P 53.66232878183 20.40043470034 7.25932578400
P 51.87889146056 22.11059457337 5.14067421600
P 53.60816533341 21.15392617358 5.14067421600
P 51.79170151919 23.32353206689 7.25932578400
P 53.33206385241 24.99489490305 7.25932578400
P 51.54862653114 26.70505477609 5.14067421600
P 53.27790040399 25.74838637629 5.14067421600
P 51.46143658977 27.91799226960 7.25932578400
P 53.00179892299 29.58935510576 7.25932578400
P 51.21836160172 31.29951497880 5.14067421600
P 52.94763547456 30.34284657901 5.14067421600
P 51.13117166035 32.51245247231 7.25932578400
P 52.67153399357 34.18381530847 7.25932578400
P 50.88809667229 35.89397518151 5.14067421600
P 52.61737054514 34.93730678172 5.14067421600
P 50.80090673093 37.10691267502 7.25932578400
P 52.34126906414 38.77827551118 7.25932578400
P 50.55783174287 40.48843538422 5.14067421600
P 52.28710561572 39.53176698443 5.14067421600
P 56.41542393589 5.20093967214 7.25932578400
P 56.17234894784 8.58246238134 5.14067421600
P 56.08515900647 9.79539987485 7.25932578400
P 55.84208401841 13.17692258405 5.14067421600
P 55.75489407705 14.38986007756 7.25932578400
P 55.51181908899 17.77138278676 5.14067421600
P 55.42462914762 18.98432028028 7.25932578400
P 55.18155415957 22.36584298947 5.14067421600
P 55.09436421820 23.57878048299 7.25932578400
P 54.85128923015 26.96030319218 5.14067421600
P 54.76409928878 28.17324068570 7.25932578400
P 56.30446162200 29.84460352186 7.25932578400
P 54.52102430072 31.55476339489 5.14067421600
P 56.25029817357 30.59809499510 5.14067421600
P 54.43383435936 32.76770088841 7.25932578400
P 55.97419669258 34.43906372457 7.25932578400
P 54.19075937130 36.14922359761 5.14067421600
P 55.92003324415 35.19255519781 5.14067421600
P 54.10356942993 37.36216109112 7.25932578400
P 55.64393176315 39.03352392728 7.25932578400
P 53.86049444188 40.74368380032 5.14067421600
P 55.58976831473 39.78701540052 5.14067421600
Number of points in layer 2: 724

Total number of atoms: 1444