natom :
546

Moire lattice vectors (in Angstrom)
a1 :
29.7247444693 0.0000000000 0.0000000000
a3 :
0.0000000000 0.0000000000 100.0000000000
a2 :
14.8623722464 25.7423838246 0.0000000000

type    Mass
1	95.9400000000
2	32.0660000000
3	32.0660000000
4	95.9400000000
5	32.0660000000
6	32.0660000000

Atomic positions (in Angstrom)
id    type    x    y    z
1	2	27.9170918958	0.1178629108	3.9938232798
2	3	27.9398818178	0.1193434233	7.1099041655
3	2	1.0058991086	1.5065428814	3.9938232793
4	3	0.9957863136	1.4860659722	7.1099041650
5	2	39.7829078122	21.3361127882	4.0667419501
6	3	39.8224438611	21.3798190926	7.1835353773
7	2	42.5782243243	22.7301276920	4.0140534257
8	3	42.5970334346	22.7668155555	7.1302853244
9	1	41.7919163492	24.3625731982	5.5643213767
10	2	15.6641276451	24.1179794901	3.9938232770
11	3	15.6514505237	24.1369758808	7.1099041627
12	1	0.0000006455	0.0000004852	5.5431084424
13	2	18.4755101629	25.5087602184	4.0140534246
14	3	18.4343329870	25.5067054496	7.1302853234
15	1	2.7963393503	1.3801800320	5.5639883469
16	2	6.4112883051	1.1688742087	4.0646468413
17	3	6.3576655616	1.1509437891	7.1816058717
18	2	9.1901100317	2.5891214579	4.1234579459
19	3	9.1443316878	2.5658295788	7.2416233140
20	2	36.8637314498	16.8049674795	4.1646995043
21	3	36.8894278404	16.8300304704	7.2831660183
22	2	39.6173700013	18.2107942901	4.1159199786
23	3	39.6425744816	18.2574349744	7.2337095140
24	1	38.8251962749	19.8459061653	5.6613905363
25	2	12.6690033961	19.6056094646	4.0646468410
26	3	12.6802865727	19.6610133317	7.1816058714
27	1	41.5976412598	21.2456533940	5.6015686527
28	2	15.4672358091	20.9938658571	4.0321316587
29	3	15.4528817878	21.0429293034	7.1485624975
30	1	14.6594740878	22.6305941813	5.5639883452
31	2	18.2760940691	22.3839361291	4.0332009718
32	3	18.2342074049	22.4158242521	7.1495413739
33	1	17.4549248717	24.0115747813	5.5643213735
34	2	21.0804207374	23.7849525587	4.0667419467
35	3	21.0228019432	23.7973386260	7.1835353739
36	1	20.2513941487	25.4017875218	5.6015686512
37	2	23.8697948572	25.2042518594	4.1159199768
38	3	23.8168005998	25.2027592347	7.2337095122
39	1	8.1798139379	1.0697201895	5.6582850484
40	2	11.7810846673	0.9011072481	4.1584654821
41	3	11.7511059019	0.8942667190	7.2772401276
42	1	10.9619515521	2.5029511517	5.7106749807
43	2	14.5465374835	2.3532974607	4.1784230869
44	3	14.5482298300	2.3466445482	7.2976481379
45	2	33.9991513368	12.2732866905	4.1782995583
46	3	34.0019562506	12.2417476285	7.2968365105
47	2	36.7365017528	13.6821902815	4.1795281085
48	3	36.7438070818	13.6808800205	7.2984130189
49	1	35.9231853410	15.2913995090	5.7415533841
50	2	9.7522122237	15.0891128815	4.1584654827
51	3	9.7612775364	15.1184955174	7.2772401281
52	1	38.6681104578	16.7141771124	5.7062672252
53	2	12.5095627295	16.4889556319	4.1234579450
54	3	12.5122805447	16.5402467798	7.2416233130
55	1	11.6988706813	18.1235983486	5.6582850486
56	2	15.2900604343	17.8818246512	4.0912896147
57	3	15.2760226137	17.9399740656	7.2087162636
58	1	14.4710579962	19.5179591496	5.6169245135
59	2	18.0886730694	19.2734492961	4.0796430977
60	3	18.0520167004	19.3234820017	7.1966453303
61	1	17.2584834405	20.9039869086	5.6014005538
62	2	20.8916404868	20.6725336172	4.0958089404
63	3	20.8379784702	20.7062875459	7.2128942261
64	1	20.0540714132	22.2939918472	5.6193963158
65	2	23.6852848653	22.0874760477	4.1307264874
66	3	23.6314325921	22.1059275648	7.2484123230
67	1	22.8498332981	23.7006533488	5.6613905330
68	2	26.4640958625	23.5224443261	4.1646995016
69	3	26.4295424801	23.5321665560	7.2831660157
70	1	25.6405331243	25.1304775684	5.7062672234
71	2	29.2321150957	24.9736487770	4.1795281071
72	3	29.2295971503	24.9806305062	7.2984130176
73	1	13.5628407191	0.8366390487	5.7338373045
74	2	17.1366002798	0.6869497053	4.1671978819
75	3	17.1674160773	0.6919957863	7.2859285808
76	1	16.3444346685	2.2896937076	5.7343869447
77	2	19.9125108407	2.1328501374	4.1324449495
78	3	19.9660711890	2.1308825960	7.2505691569
79	2	33.8674181036	9.1535139752	4.1357178042
80	3	33.8557611202	9.0998408626	7.2535866284
81	1	33.0431096516	10.7359328766	5.7177355732
82	2	6.8889885434	10.5581790832	4.1671978818
83	3	6.8779506805	10.5289687780	7.2859285806
84	1	35.7906929118	12.1542003239	5.7367657305
85	2	9.6271194304	11.9680653838	4.1784230863
86	3	9.6205116670	11.9699262239	7.2976481372
87	1	8.8055030996	13.5783009767	5.7338373049
88	2	12.3723836617	13.3769605503	4.1686982072
89	3	12.3675698663	13.4067451576	7.2878716316
90	1	11.5490162957	14.9975810166	5.7106749801
91	2	15.1363959913	14.7800903538	4.1478888343
92	3	15.1256346387	14.8262922739	7.2665625390
93	1	14.3066726708	16.4046953139	5.6793915184
94	2	17.9213880368	16.1783153318	4.1324449434
95	3	17.8963118019	16.2256837265	7.2505691506
96	1	17.0821159669	17.8002319522	5.6580567701
97	2	20.7182116099	17.5779675150	4.1357177982
98	3	20.6775578223	17.6148993176	7.2535866224
99	1	19.8712679904	19.1931379544	5.6606022509
100	2	23.5119901508	18.9876464441	4.1575245171
101	3	23.4660446580	19.0116430076	7.2755258261
102	1	22.6657143296	20.5965390967	5.6865377863
103	2	26.2924227057	20.4138351181	4.1833217480
104	3	26.2585672053	20.4302632002	7.3017152151
105	1	25.4580684326	22.0203535226	5.7203130789
106	2	29.0593486740	21.8565341449	4.1942521300
107	3	29.0525704203	21.8724428133	7.3129387840
108	1	28.2451572294	23.4646914886	5.7415533818
109	2	31.8209366038	23.3074855745	4.1782995565
110	3	31.8468477759	23.3256842310	7.2968365088
111	1	31.0282976362	24.9185492731	5.7367657294
112	2	34.5886056477	24.7532876079	4.1357178035
113	3	34.6409164187	24.7700289181	7.2535866278
114	1	18.9492096195	0.6227202261	5.7049616491
115	2	22.5093329659	0.4404100717	4.0796431048
116	3	22.5709907447	0.4471390647	7.1966453375
117	1	21.7367678710	2.0487227631	5.6580567776
118	2	25.3099760431	1.8504330556	4.0321316653
119	3	25.3596432471	1.8383322789	7.1485625042
120	2	30.9263859673	4.6355938382	4.0332009783
121	3	30.9197133761	4.5833748586	7.1495413804
122	2	3.9891126119	6.0285259091	4.0796431038
123	3	3.9641112043	5.9717642084	7.1966453364
124	1	32.8921112834	7.6124540653	5.6606022580
125	2	6.7532197680	7.4312198044	4.1324449475
126	3	6.7247356545	7.3858189511	7.2505691548
127	1	5.9270595124	9.0205280877	5.7049616485
128	2	9.5003880594	8.8449920942	4.1720188025
129	3	9.4791350704	8.8224556972	7.2911404070
130	1	8.6730883718	10.4428426246	5.7343869437
131	2	12.2442299922	10.2646848005	4.1886243264
132	3	12.2332123109	10.2678275366	7.3082218207
133	1	11.4151856714	11.8701125778	5.7410561382
134	2	14.9988243923	11.6820757867	4.1844908477
135	3	14.9934874920	11.7047049471	7.3040158762
136	1	14.1649059328	13.2910511068	5.7288553618
137	2	17.7721666085	13.0923116575	4.1720188010
138	3	17.7632760099	13.1219854867	7.2911404055
139	1	16.9299901246	14.6996560627	5.7113329156
140	2	20.5615298211	14.4972564829	4.1671978791
141	3	20.5417518851	14.5214207084	7.2859285779
142	1	19.7108495127	16.0991369600	5.7049616440
143	2	23.3541474193	15.9039968302	4.1782995547
144	3	23.3254313317	15.9173372378	7.2968365069
145	1	22.5007808040	17.5006301251	5.7177355675
146	2	26.1360556577	17.3204754882	4.1984251875
147	3	26.1103912775	17.3273689699	7.3169831841
148	1	25.2907831862	18.9165231941	5.7419377851
149	2	28.9018165942	18.7503994164	4.2103356504
150	3	28.8939830562	18.7599307329	7.3289985194
151	1	28.0751689532	20.3519335394	5.7592884599
152	2	31.6566889847	20.1900430417	4.1984251888
153	3	31.6754911021	20.2088223057	7.3169831854
154	1	30.8536565180	21.8007508666	5.7531870887
155	2	34.4125341403	21.6289649559	4.1575245212
156	3	34.4562885186	21.6567566370	7.2755258303
157	1	33.6303449040	23.2482060966	5.7177355714
158	2	37.1818640674	23.0558107479	4.0958089461
159	3	37.2379268360	23.0854064518	7.2128942318
160	1	36.4108560889	24.6791770808	5.6606022574
161	2	39.9717553278	24.4652391372	4.0332009770
162	3	40.0203145874	24.4855699896	7.1495413792
163	1	24.3365147751	0.3441065765	5.6014005605
164	1	27.1313052132	1.7316110661	5.5639883501
165	1	29.9273941460	3.1106211245	5.5643213785
166	2	3.8099067964	2.8980863672	4.0321316621
167	3	3.7745936177	2.8611236934	7.1485625009
168	1	2.9921204341	4.4942917929	5.6014005595
169	2	6.5936012245	4.3006685955	4.0912896180
170	3	6.5502612665	4.2594367771	7.2087162670
171	1	5.7682348091	5.8934305603	5.6580567749
172	2	9.3566141421	5.7184584333	4.1478888366
173	3	9.3219827833	5.6860378682	7.2665625414
174	1	8.5294752155	7.3119736623	5.7113329184
175	2	12.1083592574	7.1483252170	4.1844908487
176	3	12.0914302801	7.1323887467	7.3040158772
177	1	11.2811672640	8.7441590786	5.7445064178
178	2	14.8623728810	8.5807950897	4.1957463677
179	3	14.8623728799	8.5807950905	7.3155311037
180	1	14.0330472390	10.1774930238	5.7530400270
181	2	17.6297355916	10.0062284865	4.1886243275
182	3	17.6379661195	10.0141987121	7.3082218218
183	1	16.7944530528	11.6005281366	5.7445064173
184	2	20.4134617299	11.4210224261	4.1784230873
185	3	20.4183771447	11.4258145001	7.2976481383
186	1	19.5695956027	13.0098489398	5.7343869426
187	2	23.2056185111	12.8289300367	4.1795281086
188	3	23.2008311258	12.8232585703	7.2984130191
189	1	22.3552448106	14.4120195003	5.7367657283
190	2	25.9915021802	14.2378672446	4.1942521321
191	3	25.9811139937	14.2240427738	7.3129387860
192	1	25.1426579946	15.8196750607	5.7531870883
193	2	28.7602598028	15.6545078286	4.2103356519
194	3	28.7559222086	15.6429581307	7.3289985209
195	1	27.9236427389	17.2426336266	5.7704841794
196	2	31.5121589619	17.0798618481	4.2103356519
197	3	31.5243300912	17.0818802331	7.3289985209
198	1	30.6954824107	18.6808681499	5.7704841799
199	2	34.2574334837	18.5079453947	4.1833217512
200	3	34.2885883694	18.5290510764	7.3017152183
201	1	33.4615430786	20.1240466246	5.7419377882
202	2	37.0104179669	19.9289725332	4.1307264914
203	3	37.0533235870	19.9663842100	7.2484123270
204	1	36.2290139596	21.5574149919	5.6865377913
205	1	39.0048726232	22.9704377303	5.6193963208
206	1	5.5861684056	2.7733244274	5.6169245160
207	1	8.3645266376	4.1875944786	5.6793915207
208	2	11.9537663621	4.0263184414	4.1686982084
209	3	11.9303790334	4.0072572677	7.2878716328
210	1	11.1319049870	5.6216429864	5.7288553634
211	2	14.7131530595	5.4714719828	4.1886243277
212	3	14.7159402100	5.4603590229	7.3082218220
213	1	13.8942547289	7.0642290496	5.7530400278
214	2	17.4799349937	6.9119842662	4.1844908506
215	3	17.5022008686	6.9052915780	7.3040158791
216	1	16.6598166738	8.5006631970	5.7530400284
217	2	20.2609686204	8.3391062795	4.1686982113
218	3	20.2891697425	8.3283828470	7.2878716358
219	1	19.4345989901	9.9214880424	5.7410561405
220	2	23.0538217536	9.7521651424	4.1584654865
221	3	23.0747352053	9.7296230364	7.2772401320
222	1	22.2187748243	11.3274452469	5.7338373067
223	2	25.8464080480	11.1573572906	4.1646995070
224	3	25.8552650388	11.1225720712	7.2831660212
225	1	25.0058927879	12.7286780997	5.7415533850
226	2	28.6243791704	12.5629885820	4.1833217532
227	3	28.6270797833	12.5254548208	7.3017152203
228	1	27.7866143865	14.1378429115	5.7592884630
229	2	31.3814907168	13.9742505640	4.1984251908
230	3	31.3883529772	13.9485778214	7.3169831874
231	1	30.5551102072	15.5612673201	5.7704841811
232	2	34.1233845052	15.3903677047	4.1942521325
233	3	34.1405509431	15.3882835100	7.3129387865
234	1	33.3124520177	16.9949926461	5.7592884624
235	1	36.0658963703	18.4272581910	5.7203130824
236	1	13.7373339810	3.9507846512	5.7410561393
237	2	17.3145639761	3.8050815192	4.1720188044
238	3	17.3447075617	3.7979440883	7.2911404090
239	1	16.5114983255	5.3976980558	5.7445064196
240	2	20.0941085115	5.2438364853	4.1478888402
241	3	20.1395012218	5.2300551308	7.2665625451
242	1	19.2903077234	6.8296911786	5.7288553664
243	2	22.8874458847	6.6643081843	4.1234579515
244	3	22.9305064134	6.6363089151	7.2416233197
245	1	22.0761507964	8.2418531048	5.7106749853
246	2	25.6870705034	8.0697229498	4.1159199841
247	3	25.7148602813	8.0245748896	7.2337095196
248	1	24.8655917781	9.6401144176	5.7062672295
249	2	28.4785325293	9.4683205174	4.1307264952
250	3	28.4894791828	9.4124573237	7.2484123309
251	1	27.6502705567	11.0371573847	5.7203130854
252	2	31.2497110696	10.8681576965	4.1575245236
253	3	31.2519021833	10.8163694533	7.2755258327
254	1	30.4219090936	12.4441992790	5.7419377905
255	1	33.1779208451	13.8643431698	5.7531870909
256	1	19.1276533040	3.7307555479	5.7113329211
257	2	22.7034569881	3.5598920294	4.0912896222
258	3	22.7608347682	3.5429744318	7.2087162713
259	1	21.9159193375	5.1500954818	5.6793915255
260	2	25.5068269465	4.9679016046	4.0646468478
261	3	25.5491665162	4.9304281544	7.1816058784
262	1	24.7084340278	6.5490667375	5.6582850553
263	2	28.3109068139	6.3637037554	4.0667419547
264	3	28.3289895620	6.3076113811	7.1835353820
265	1	27.4992057896	7.9382095863	5.6613905412
266	2	31.1007308084	7.7564247354	4.0958089484
267	3	31.0983300581	7.6930751015	7.2128942341
268	1	30.2795070721	9.3308150111	5.6865377943
269	1	24.5298922471	3.4511017002	5.6169245210
270	2	28.1205008775	3.2458811951	4.0140534299
271	3	28.1428689479	3.2112480955	7.1302853287
272	1	27.3251999569	4.8373281868	5.6015686583
273	1	30.1152913282	6.2203395245	5.6193963237
274	5	42.8022540418	25.6230413498	10.5691434640
275	6	42.7794641198	25.6245218666	13.6852243498
276	5	30.5138227259	1.6054088923	10.5691434647
277	6	30.5264998475	1.6244052870	13.6852243504
278	5	37.7928786368	19.1060758581	10.4374243141
279	6	37.7498181060	19.0780765893	13.5555896823
280	5	40.4115387387	20.8119566188	10.4974417563
281	6	40.3691991677	20.7744831706	13.6144007868
282	5	13.2804967008	22.5311366778	10.5487623052
283	6	13.2581286301	22.4965035816	13.6649942040
284	4	41.9936774362	24.0107737093	12.1150592817
285	5	15.8581585364	24.2563188011	10.5691434669
286	6	15.8682713317	24.2358418961	13.6852243526
287	4	0.0000006232	0.0000004659	12.1359391872
288	5	3.5719607188	0.2356793236	10.5487623063
289	6	3.6131378950	0.2336245588	13.6649942050
290	4	2.5925526050	1.7308099942	12.1147262540
291	5	6.1604296777	1.9450461472	10.4955122540
292	6	6.2180484719	1.9574322174	13.6123056812
293	5	35.2807493674	14.3165702735	10.3813994916
294	6	35.2758339498	14.3213623455	13.5006245426
295	5	37.9371074284	16.0127617368	10.4018075011
296	6	37.9161939741	15.9902196297	13.5205821467
297	4	36.9385230189	17.5005316684	11.9683726478
298	5	10.8524880345	17.7178098840	10.4453381160
299	6	10.8246982549	17.6726618237	13.5631276515
300	4	39.5708062499	19.1933180364	12.0207625796
301	5	13.4666173144	19.4347733930	10.4955122545
302	6	13.4485345658	19.3786810199	13.6123056817
303	4	12.4628277094	20.9050565880	12.0774789770
304	5	16.0573411284	21.1590099158	10.5295062552
305	6	16.0640137201	21.1067909387	13.6458466573
306	4	15.0650218988	22.6317636511	12.1147262556
307	5	18.6369658401	22.8812610810	10.5304851326
308	6	18.6722790197	22.8442984103	13.6469159714
309	4	17.6587115735	24.3622047439	12.1150592850
310	5	21.2200377856	24.5914409851	10.4974417594
311	6	21.2736605300	24.5735105686	13.6144007898
312	4	5.3890218809	0.3405972539	12.0774789783
313	5	8.9544283333	0.5396255394	10.4453381170
314	6	9.0074225912	0.5381329171	13.5631276524
315	4	7.9874610329	2.0417314265	12.0176570951
316	5	11.5671702163	2.2102182183	10.3958816124
317	6	11.6017235990	2.2199404496	13.5143481264
318	5	32.7586840181	9.5167010476	10.4284784738
319	6	32.7837602514	9.5640694410	13.5466026812
320	5	35.4041241046	11.2209640649	10.3931190495
321	6	35.4239020380	11.2451282886	13.5118497484
322	4	34.4319678225	12.7325358333	11.9446606853
323	5	8.3384588780	12.9191262031	10.3806346120
324	6	8.3432462606	12.9134547346	13.4995195224
325	4	37.0811470455	14.4149395259	11.9452103248
326	5	10.9928927915	14.6198127029	10.3958816132
327	6	10.9840357987	14.5850274817	13.5143481273
328	4	10.0032195304	16.1022703558	11.9727804052
329	5	13.6271069352	16.3299274514	10.4306353056
330	6	13.6161602810	16.2740642566	13.5483211412
331	4	12.6368335418	17.8041751882	12.0176570954
332	5	16.2359578102	18.0493096744	10.4661534028
333	6	16.2383585610	17.9859600405	13.5832386884
334	4	15.2529190804	19.5220452511	12.0596513130
335	5	18.8264834259	19.7706205678	10.4824022993
336	6	18.8514848349	19.7138588680	13.5994045318
337	4	17.8544926561	21.2480929834	12.0776470758
338	5	21.4126334890	21.4829479988	10.4703313667
339	6	21.4559734484	21.4417161819	13.5877580156
340	4	20.4485406287	22.9690603489	12.0621231170
341	5	24.0067039118	23.1765551966	10.4374243176
342	6	24.0524822567	23.1532633192	13.5555896857
343	4	23.0421861626	24.6726645866	12.0207625823
344	5	26.6134781275	24.8481180559	10.4018075024
345	6	26.6434568936	24.8412775285	13.5205821478
346	4	10.7781608584	0.6119072075	11.9727804056
347	5	14.3672248848	0.7617542686	10.3806346110
348	6	14.3697428309	0.7687359993	13.4995195214
349	4	13.3827849659	2.2776932875	11.9374942461
350	5	16.9844755122	2.4167005444	10.3822111187
351	6	16.9585643409	2.4348992018	13.5007480710
352	5	30.3152539946	4.6994554703	10.5304851264
353	6	30.3296080158	4.7485189189	13.6469159653
354	5	32.9143889110	6.4189027717	10.4824022937
355	6	32.9510452789	6.4689354781	13.5994045264
356	4	31.9444881793	7.9421528224	12.0209908533
357	5	5.8151855675	8.1274854556	10.4254610033
358	6	5.8558393532	8.1644172575	13.5433298276
359	4	34.5732217282	9.6432478135	11.9740859817
360	5	8.4630590802	9.8250475356	10.3822111217
361	6	8.4917751655	9.8383879414	13.5007480739
362	4	7.4928725595	11.3303652727	11.9422819007
363	5	11.1187417443	11.5183420007	10.3661088457
364	6	11.1291299289	11.5045175273	13.4847954996
365	4	10.1435205386	13.0137066737	11.9374942475
366	5	13.7647075348	13.2169299551	10.3773324139
367	6	13.7620069212	13.1793961913	13.4957258810
368	4	12.7878983083	14.7052273898	11.9587345499
369	5	16.3895299350	14.9260153239	10.4035218028
370	6	16.3873388219	14.8742270785	13.5215231118
371	4	15.4171348242	16.4115697648	11.9925098424
372	5	18.9933888722	16.6425439155	10.4254610069
373	6	19.0050458572	16.5888708013	13.5433298310
374	4	18.0297390359	18.1299307115	12.0184453783
375	5	21.5871078765	18.3565658269	10.4284784792
376	6	21.6155919918	18.3111649728	13.5466026864
377	4	20.6306070316	19.8489542168	12.0209908598
378	5	24.1843550064	20.0563469089	10.4124850912
379	6	24.2189863666	20.0239263437	13.5311587959
380	4	23.2268988611	21.5547902982	11.9996561120
381	5	26.7927512576	21.7351275083	10.3911759985
382	6	26.8161385870	21.7160663352	13.5103494229
383	4	25.8243237769	23.2394336246	11.9683726503
384	5	29.4106020551	23.3957402269	10.3813994924
385	6	29.4089097090	23.3890873156	13.5006245433
386	4	28.4252129453	24.9057457273	11.9452103251
387	5	32.0297883032	25.0503889884	10.3931190484
388	6	31.9989725060	25.0554350711	13.5118497472
389	4	16.1659253710	0.8238355031	11.9422818989
390	5	19.7785441527	0.9723558567	10.4254610002
391	6	19.7262333823	0.9890971689	13.5433298244
392	4	18.7679726406	2.4941786802	11.9613120557
393	4	29.5218462920	3.1117905945	12.1150592801
394	5	3.3718351407	3.3265605209	10.5295062519
395	6	3.4137218046	3.3584486469	13.6458466541
396	4	32.1208556474	4.8383978665	12.0776470705
397	5	5.9756062097	5.0360972271	10.4661533996
398	6	6.0292682254	5.0698511571	13.5832386853
399	4	5.0088957313	6.5492468198	12.0184453739
400	5	8.6036724013	6.7307417659	10.4035218008
401	6	8.6496178927	6.7547383289	13.5215231099
402	4	7.6384085484	8.2417546485	11.9613120595
403	5	11.2480190240	8.4150158046	10.3620644449
404	6	11.2736834030	8.4219092844	13.4806224415
405	4	10.2802857421	9.9227097132	11.9258605415
406	5	13.8935499572	10.0994266455	10.3500491101
407	6	13.8978875510	10.0878769447	13.4687119791
408	4	12.9242421361	11.6045418634	11.9197591695
409	5	16.5259807271	11.7938069565	10.3620644450
410	6	16.5191184674	11.7681342107	13.4806224416
411	4	15.5595368446	13.2981854973	11.9371098438
412	5	19.1395840014	13.5006371506	10.3822111223
413	6	19.1367790892	13.4690980855	13.5007480745
414	4	18.1807374037	15.0064519008	11.9613120616
415	5	21.7403229017	15.2134160015	10.3931190516
416	6	21.7513607665	15.1842056935	13.5118497504
417	4	20.7894317346	16.7218566902	11.9740859855
418	5	24.3415072928	16.9199290815	10.3879072244
419	6	24.3627602833	16.8973926824	13.5070288289
420	4	23.3918474387	18.4304111152	11.9677147144
421	5	26.9538025038	18.6099960306	10.3750317537
422	6	26.9707314817	18.5940595590	13.4945567822
423	4	25.9942772110	20.1207417903	11.9501922683
424	5	29.5783124345	20.2820257529	10.3708258088
425	6	29.5755252838	20.2709127927	13.4904233031
426	4	28.5997062058	21.7916001247	11.9379914915
427	5	32.2070797863	21.9444406863	10.3879072218
428	6	32.1769362003	21.9373032563	13.5070288264
429	4	31.2068068938	23.4526910681	11.9446606854
430	5	34.8284434136	23.6115021780	10.4284784735
431	6	34.7748830650	23.6095346386	13.5466026808
432	4	33.8115818455	25.1196645498	11.9740859800
433	5	37.4333629695	25.2952457091	10.4824022918
434	6	37.3717051908	25.3019747050	13.5994045244
435	4	21.5484838230	1.0632076956	12.0184453704
436	5	25.1579423202	1.2568147843	10.5295062482
437	6	25.1093830612	1.2771456401	13.6458466504
438	4	5.1916991491	3.4483929278	12.0596513105
439	5	8.7690603299	3.6364572087	10.4306353043
440	6	8.8229126028	3.6549087272	13.5483211399
441	4	7.8033420689	5.1458456779	11.9925098401
442	5	11.3961949465	5.3121215742	10.3773324125
443	6	11.4300504465	5.3285496560	13.4957258796
444	4	10.4284109290	6.8258615805	11.9371098426
445	5	14.0316108002	6.9824540429	10.3500491091
446	6	14.0394443382	6.9919853578	13.4687119781
447	4	13.0612704848	8.4997511488	11.9085634501
448	5	16.6619578373	8.6605045444	10.3500491084
449	6	16.6497867087	8.6625229268	13.4687119774
450	4	15.6927379555	10.1811174565	11.9085634499
451	5	19.2781786908	10.3541012691	10.3661088431
452	6	19.2610122546	10.3520170712	13.4847954971
453	4	18.3155485952	11.8780416081	11.9258605408
454	5	21.8814348312	12.0615047592	10.3806346103
455	6	21.8741295042	12.0601944950	13.4995195208
456	4	20.9283206634	13.5881844546	11.9422819010
457	5	24.4828838876	13.7724585555	10.3813994915
458	6	24.4894916526	13.7743193925	13.5006245424
459	4	23.5354605940	15.2995421535	11.9446606871
460	5	27.0955845334	15.4745572415	10.3708258081
461	6	27.1066022152	15.4776999749	13.4904233024
462	4	26.1435394873	16.9982256984	11.9345412127
463	5	29.7247451037	17.1615896859	10.3635165260
464	6	29.7247451043	17.1615896847	13.4833012619
465	4	28.7566269529	18.6781557263	11.9260076027
466	5	32.3645730929	18.8370931968	10.3750317518
467	6	32.3423072168	18.8304005078	13.4945567803
468	4	31.3738705498	20.3446867192	11.9345412113
469	5	35.0018734459	20.5123296429	10.4124850869
470	6	34.9564807341	20.4985482891	13.5311587917
471	4	33.9900255283	22.0116292270	11.9677147101
472	5	37.6232069916	22.1994103415	10.4703313610
473	6	37.5658292105	22.1824927461	13.5877580100
474	4	36.5991400953	23.6936620122	12.0209908531
475	5	40.2220154704	23.9040524943	10.5304851273
476	6	40.1723482660	23.8919517211	13.6469159661
477	4	39.1988869998	25.3982781992	12.0776470688
478	4	26.9295440822	1.3798115779	12.1147262506
479	4	10.5956961705	3.7220312527	11.9587345486
480	5	14.1901981591	3.8699419619	10.3661088436
481	6	14.1969764132	3.8858506305	13.4847954975
482	4	13.2127966942	5.3904512364	11.9197591679
483	5	16.8131188432	5.5335624708	10.3620644420
484	6	16.7943167267	5.5523417339	13.4806224386
485	4	15.8331101546	7.0615166269	11.9085634484
486	5	19.4262161125	7.2133337015	10.3773324088
487	6	19.3950612283	7.2344393814	13.4957258759
488	4	18.4500797641	8.7473921318	11.9197591662
489	5	22.0270555855	8.9123543084	10.3958816081
490	6	22.0013591969	8.9374172970	13.5143481222
491	4	21.0608130895	10.4509852696	11.9374942442
492	5	24.6236497532	10.6238892614	10.4018074977
493	6	24.6145844422	10.6532718948	13.5205821432
494	4	23.6678753192	12.1640838017	11.9452103229
495	5	27.2299420858	12.3356396204	10.3911759942
496	6	27.2347558818	12.3654242249	13.5103494187
497	4	26.2775578927	13.8722721996	11.9379914895
498	5	29.8558597139	14.0376798294	10.3750317508
499	6	29.8611966135	14.0603089870	13.4945567794
500	4	28.8954194617	15.5648917520	11.9260076014
501	5	32.5003383430	15.7281860627	10.3708258074
502	6	32.4921078132	15.7361562863	13.4904233017
503	4	31.5221888973	17.2417215775	11.9260076015
504	5	35.1515419664	17.4140019267	10.3911759959
505	6	35.1233408420	17.4032784932	13.5103494204
506	4	34.1526799469	18.9126935953	11.9501922653
507	4	36.7782915606	20.5922892922	11.9996561073
508	4	39.3922644699	22.2912830746	12.0621231120
509	4	15.9912842570	3.9416339101	11.9258605387
510	5	19.5939162566	4.0856281392	10.4035217962
511	6	19.5501618796	4.1134198207	13.5215231053
512	4	18.5991708200	5.6183381529	11.9371098386
513	5	22.1909513269	5.7760005671	10.4306352981
514	6	22.1480457085	5.8134122436	13.5483211338
515	4	21.2035241140	7.3151265872	11.9587345436
516	5	24.7802022239	7.4849498029	10.4453381099
517	6	24.7549977452	7.5315904864	13.5631276455
518	4	23.8057382038	9.0282076658	11.9727804000
519	5	27.3746527594	9.2021379971	10.4374243105
520	6	27.3719349448	9.2534291435	13.5555896787
521	4	26.4113885133	10.7448037608	11.9683726447
522	5	29.9880068567	10.9160925020	10.4124850853
523	6	29.9987682086	10.9622944199	13.5311587901
524	4	29.0272781525	12.4513336690	11.9501922638
525	5	32.6256482308	12.6203992878	10.3879072211
526	6	32.6345388273	12.6500731147	13.5070288257
527	4	31.6568252743	14.1418566377	11.9345412102
528	4	34.2969712125	15.8208967309	11.9379914898
529	5	22.3755545711	2.6569783233	10.4661533945
530	6	22.3194918036	2.6865740292	13.5832386803
531	4	21.3666416981	4.1849697854	11.9925098345
532	5	24.9600715981	4.3625656828	10.4955122471
533	6	24.9205355504	4.4062719888	13.6123056744
534	4	23.9628240155	5.8964786123	12.0176570880
535	5	27.5426587816	6.0813714437	10.4974417516
536	6	27.5313756058	6.1367753116	13.6144007822
537	4	26.5612428936	7.6187864284	12.0207625746
538	5	30.1383948262	7.8024107093	10.4703313593
539	6	30.1524326464	7.8605601233	13.5877580084
540	4	29.1690448857	9.3376894619	11.9996561049
541	4	31.7923623422	11.0427287116	11.9677147094
542	4	24.1425003587	2.7719470464	12.0596513050
543	5	27.7346611693	2.9755692184	10.5487623009
544	6	27.7158520595	3.0122570850	13.6649941997
545	4	26.7352689973	4.4967313825	12.0774789713
546	4	29.3334302056	6.2244256262	12.0621231095
