S1 1.1052632782 1.0701753445 0.1396496875
S2 1.1052632782 1.0701753445 0.2389842683
S1 1.0877194471 0.9473682904 0.1396496875
S2 1.0877194471 0.9473682904 0.2389842683
S1 0.9649124073 1.0877191833 0.1396496875
S2 0.9649124073 1.0877191833 0.2389842683
Mo 1.0175439728 1.1228069088 0.1893169779
S1 1.0701755734 0.8245613040 0.1396496875
S2 1.0701755734 0.8245613040 0.2389842683
Mo 1.1228071334 0.8596489906 0.1893169779
S1 0.9473685337 0.9649121969 0.1396496875
S2 0.9473685337 0.9649121969 0.2389842683
Mo 1.0000001473 0.9999998935 0.1893169779
S1 0.8245615420 1.1052630610 0.1396496875
S2 0.8245615420 1.1052630610 0.2389842683
S1 1.0526316942 0.7017542787 0.1396496875
S2 1.0526316942 0.7017542787 0.2389842683
Mo 1.1052632597 0.7368420042 0.1893169779
S1 0.9298246545 0.8421051716 0.1396496875
S2 0.9298246545 0.8421051716 0.2389842683
Mo 0.9824562681 0.8771928683 0.1893169779
S1 0.8070176628 0.9824560358 0.1396496875
S2 0.8070176628 0.9824560358 0.2389842683
Mo 0.8596492283 1.0175437612 0.1893169779
S1 0.6842106230 1.1228069287 0.1396496875
S2 0.6842106230 1.1228069287 0.2389842683
S1 1.0350878206 0.5789472923 0.1396496875
S2 1.0350878206 0.5789472923 0.2389842683
Mo 1.0877194342 0.6140349889 0.1893169779
S1 0.9122808289 0.7192981564 0.1396496875
S2 0.9122808289 0.7192981564 0.2389842683
Mo 0.9649123944 0.7543858819 0.1893169779
S1 0.7894737892 0.8596490494 0.1396496875
S2 0.7894737892 0.8596490494 0.2389842683
Mo 0.8421053491 0.8947367359 0.1893169779
S1 0.6666667494 0.9999999423 0.1396496875
S2 0.6666667494 0.9999999423 0.2389842683
Mo 0.7192983630 1.0350876389 0.1893169779
S1 1.0175439414 0.4561402670 0.1396496875
S2 1.0175439414 0.4561402670 0.2389842683
Mo 1.0701755550 0.4912279636 0.1893169779
S1 0.8947369497 0.5964911311 0.1396496875
S2 0.8947369497 0.5964911311 0.2389842683
Mo 0.9473685152 0.6315788566 0.1893169779
S1 0.7719299100 0.7368420241 0.1396496875
S2 0.7719299100 0.7368420241 0.2389842683
Mo 0.8245615235 0.7719297207 0.1893169779
S1 0.6491229183 0.8771928882 0.1396496875
S2 0.6491229183 0.8771928882 0.2389842683
Mo 0.7017544838 0.9122806137 0.1893169779
S1 0.5263158785 1.0175437811 0.1396496875
S2 0.5263158785 1.0175437811 0.2389842683
Mo 0.5789474440 1.0526315066 0.1893169779
S1 1.1228071075 0.1929823876 0.1396496875
S2 1.1228071075 0.1929823876 0.2389842683
S1 1.0000001158 0.3333332517 0.1396496875
S2 1.0000001158 0.3333332517 0.2389842683
Mo 1.0526316813 0.3684209772 0.1893169779
S1 0.8771930761 0.4736841447 0.1396496875
S2 0.8771930761 0.4736841447 0.2389842683
Mo 0.9298246415 0.5087718702 0.1893169779
S1 0.7543860363 0.6140350377 0.1396496875
S2 0.7543860363 0.6140350377 0.2389842683
Mo 0.8070176499 0.6491227343 0.1893169779
S1 0.6315790447 0.7543859018 0.1396496875
S2 0.6315790447 0.7543859018 0.2389842683
Mo 0.6842106101 0.7894736273 0.1893169779
S1 0.5087720049 0.8947367947 0.1396496875
S2 0.5087720049 0.8947367947 0.2389842683
Mo 0.5614036185 0.9298244914 0.1893169779
S1 0.3859650132 1.0350876589 0.1396496875
S2 0.3859650132 1.0350876589 0.2389842683
Mo 0.4385965787 1.0701753843 0.1893169779
S1 0.9824562366 0.2105262264 0.1396496875
S2 0.9824562366 0.2105262264 0.2389842683
Mo 1.0350878021 0.2456139519 0.1893169779
S1 0.8596491969 0.3508771194 0.1396496875
S2 0.8596491969 0.3508771194 0.2389842683
Mo 0.9122808104 0.3859648160 0.1893169779
S1 0.7368422052 0.4912279835 0.1396496875
S2 0.7368422052 0.4912279835 0.2389842683
Mo 0.7894737707 0.5263157090 0.1893169779
S1 0.6140351654 0.6315788765 0.1396496875
S2 0.6140351654 0.6315788765 0.2389842683
Mo 0.6666667309 0.6666666020 0.1893169779
S1 0.4912281257 0.7719297695 0.1396496875
S2 0.4912281257 0.7719297695 0.2389842683
Mo 0.5438597393 0.8070174661 0.1893169779
S1 0.3684211340 0.9122806336 0.1396496875
S2 0.3684211340 0.9122806336 0.2389842683
Mo 0.4210526995 0.9473683591 0.1893169779
S1 0.2456140943 1.0526315265 0.1396496875
S2 0.2456140943 1.0526315265 0.2389842683
Mo 0.2982457078 1.0877192232 0.1893169779
S1 0.8421053232 0.2280701330 0.1396496875
S2 0.8421053232 0.2280701330 0.2389842683
Mo 0.8947369312 0.2631577908 0.1893169779
S1 0.7192983316 0.3684209971 0.1396496875
S2 0.7192983316 0.3684209971 0.2389842683
Mo 0.7719298970 0.4035087226 0.1893169779
S1 0.5964912918 0.5087718901 0.1396496875
S2 0.5964912918 0.5087718901 0.2389842683
Mo 0.6491229054 0.5438595867 0.1893169779
S1 0.4736843001 0.6491227542 0.1396496875
S2 0.4736843001 0.6491227542 0.2389842683
Mo 0.5263158601 0.6842104408 0.1893169779
S1 0.3508772604 0.7894736472 0.1396496875
S2 0.3508772604 0.7894736472 0.2389842683
Mo 0.4035088258 0.8245613727 0.1893169779
S1 0.2280702206 0.9298245401 0.1396496875
S2 0.2280702206 0.9298245401 0.2389842683
Mo 0.2807018342 0.9649122368 0.1893169779
Mo 0.1578947944 1.1052631297 0.1893169779
Mo 0.8771930576 0.1403508044 0.1893169779
S1 0.7017544524 0.2456139718 0.1396496875
S2 0.7017544524 0.2456139718 0.2389842683
Mo 0.7543860178 0.2807016973 0.1893169779
S1 0.5789474126 0.3859648648 0.1396496875
S2 0.5789474126 0.3859648648 0.2389842683
Mo 0.6315790262 0.4210525614 0.1893169779
S1 0.4561404209 0.5263157289 0.1396496875
S2 0.4561404209 0.5263157289 0.2389842683
Mo 0.5087719864 0.5614034544 0.1893169779
S1 0.3333333812 0.6666666219 0.1396496875
S2 0.3333333812 0.6666666219 0.2389842683
Mo 0.3859649947 0.7017543185 0.1893169779
S1 0.2105263895 0.8070174860 0.1396496875
S2 0.2105263895 0.8070174860 0.2389842683
Mo 0.2631579550 0.8421052115 0.1893169779
Mo 0.1403509152 0.9824561045 0.1893169779
Mo 0.7368421923 0.1578946821 0.1893169779
S1 0.5614035870 0.2631578496 0.1396496875
S2 0.5614035870 0.2631578496 0.2389842683
Mo 0.6140351525 0.2982455750 0.1893169779
S1 0.4385965473 0.4035087425 0.1396496875
S2 0.4385965473 0.4035087425 0.2389842683
Mo 0.4912281128 0.4385964680 0.1893169779
S1 0.3157895075 0.5438596355 0.1396496875
S2 0.3157895075 0.5438596355 0.2389842683
Mo 0.3684211211 0.5789473321 0.1893169779
S1 0.1929825159 0.6842104996 0.1396496875
S2 0.1929825159 0.6842104996 0.2389842683
Mo 0.2456140813 0.7192982251 0.1893169779
S1 0.5438597078 0.1403508243 0.1396496875
S2 0.5438597078 0.1403508243 0.2389842683
Mo 0.5964912733 0.1754385498 0.1893169779
S1 0.4210526681 0.2807017172 0.1396496875
S2 0.4210526681 0.2807017172 0.2389842683
Mo 0.4736842817 0.3157894139 0.1893169779
S1 0.2982456764 0.4210525814 0.1396496875
S2 0.2982456764 0.4210525814 0.2389842683
Mo 0.3508772419 0.4561403068 0.1893169779
S1 0.1754386366 0.5614034743 0.1396496875
S2 0.1754386366 0.5614034743 0.2389842683
Mo 0.2280702021 0.5964911998 0.1893169779
S1 0.4035087944 0.1578947308 0.1396496875
S2 0.4035087944 0.1578947308 0.2389842683
Mo 0.4561404080 0.1929824275 0.1893169779
S1 0.2807018028 0.2982455950 0.1396496875
S2 0.2807018028 0.2982455950 0.2389842683
Mo 0.3333333682 0.3333333204 0.1893169779
S1 0.1578947630 0.4385964879 0.1396496875
S2 0.1578947630 0.4385964879 0.2389842683
Mo 0.2105263766 0.4736841845 0.1893169779
S1 0.2631579236 0.1754385697 0.1396496875
S2 0.2631579236 0.1754385697 0.2389842683
Mo 0.3157894890 0.2105262951 0.1893169779
S1 0.1403508838 0.3157894626 0.1396496875
S2 0.1403508838 0.3157894626 0.2389842683
Mo 0.1929824974 0.3508771593 0.1893169779
Mo 0.1754386237 0.2280701729 0.1893169779
Se1 1.0700058749 1.0196536223 0.3359491973
Se2 1.0700058749 1.0196536223 0.4352837780
Mo 1.0446567068 1.1093240035 0.3856164877
Mo 1.1207041629 0.8403128889 0.3856164877
Se1 1.0310339135 0.9046342418 0.3359491973
Se2 1.0310339135 0.9046342418 0.4352837780
Mo 1.0056847935 0.9943045941 0.3856164877
Se1 0.9160144959 1.0586259758 0.3359491973
Se2 0.9160144959 1.0586259758 0.4352837780
Se1 1.1070814176 0.6356230982 0.3359491973
Se2 1.1070814176 0.6356230982 0.4352837780
Mo 1.0817322496 0.7252934794 0.3856164877
Se1 0.9920620001 0.7896148323 0.3359491973
Se2 0.9920620001 0.7896148323 0.4352837780
Mo 0.9667128321 0.8792852135 0.3856164877
Se1 0.8770425826 0.9436065664 0.3359491973
Se2 0.8770425826 0.9436065664 0.4352837780
Mo 0.8516934145 1.0332769475 0.3856164877
Se1 0.7620231651 1.0975983004 0.3359491973
Se2 0.7620231651 1.0975983004 0.4352837780
Se1 1.0681094562 0.5206037177 0.3359491973
Se2 1.0681094562 0.5206037177 0.4352837780
Mo 1.0427602881 0.6102740988 0.3856164877
Se1 0.9530900387 0.6745954517 0.3359491973
Se2 0.9530900387 0.6745954517 0.4352837780
Mo 0.9277409187 0.7642658040 0.3856164877
Se1 0.8380706212 0.8285871858 0.3359491973
Se2 0.8380706212 0.8285871858 0.4352837780
Mo 0.8127215012 0.9182575381 0.3856164877
Se1 0.7230512517 0.9825788910 0.3359491973
Se2 0.7230512517 0.9825788910 0.4352837780
Mo 0.6977020837 1.0722492721 0.3856164877
Mo 1.1188077923 0.3412629553 0.3856164877
Se1 1.0291375429 0.4055843082 0.3359491973
Se2 1.0291375429 0.4055843082 0.4352837780
Mo 1.0037883748 0.4952546894 0.3856164877
Se1 0.9141181254 0.5595760423 0.3359491973
Se2 0.9141181254 0.5595760423 0.4352837780
Mo 0.8887689573 0.6492464234 0.3856164877
Se1 0.7990987078 0.7135677763 0.3359491973
Se2 0.7990987078 0.7135677763 0.4352837780
Mo 0.7737495398 0.8032381575 0.3856164877
Se1 0.6840792903 0.8675595104 0.3359491973
Se2 0.6840792903 0.8675595104 0.4352837780
Mo 0.6587301222 0.9572298915 0.3856164877
Se1 0.5690598728 1.0215512444 0.3359491973
Se2 0.5690598728 1.0215512444 0.4352837780
Mo 0.5437107047 1.1112216256 0.3856164877
Se1 1.1051849990 0.1365731936 0.3359491973
Se2 1.1051849990 0.1365731936 0.4352837780
Mo 1.0798358309 0.2262435747 0.3856164877
Se1 0.9901655814 0.2905649276 0.3359491973
Se2 0.9901655814 0.2905649276 0.4352837780
Mo 0.9648164134 0.3802353088 0.3856164877
Se1 0.8751461639 0.4445566617 0.3359491973
Se2 0.8751461639 0.4445566617 0.4352837780
Mo 0.8497970440 0.5342270140 0.3856164877
Se1 0.7601267464 0.5985483957 0.3359491973
Se2 0.7601267464 0.5985483957 0.4352837780
Mo 0.7347776264 0.6882187480 0.3856164877
Se1 0.6451073770 0.7525401009 0.3359491973
Se2 0.6451073770 0.7525401009 0.4352837780
Mo 0.6197582089 0.8422104821 0.3856164877
Se1 0.5300879594 0.9065318350 0.3359491973
Se2 0.5300879594 0.9065318350 0.4352837780
Mo 0.5047387914 0.9962022161 0.3856164877
Se1 0.4150685419 1.0605235690 0.3359491973
Se2 0.4150685419 1.0605235690 0.4352837780
Se1 0.9511936681 0.1755455182 0.3359491973
Se2 0.9511936681 0.1755455182 0.4352837780
Mo 0.9258445000 0.2652158993 0.3856164877
Se1 0.8361742506 0.3295372522 0.3359491973
Se2 0.8361742506 0.3295372522 0.4352837780
Mo 0.8108250825 0.4192076334 0.3856164877
Se1 0.7211548331 0.4835289863 0.3359491973
Se2 0.7211548331 0.4835289863 0.4352837780
Mo 0.6958056650 0.5731993674 0.3856164877
Se1 0.6061354155 0.6375207203 0.3359491973
Se2 0.6061354155 0.6375207203 0.4352837780
Mo 0.5807862475 0.7271911015 0.3856164877
Se1 0.4911159980 0.7915124544 0.3359491973
Se2 0.4911159980 0.7915124544 0.4352837780
Mo 0.4657668299 0.8811828356 0.3856164877
Se1 0.3760965805 0.9455041884 0.3359491973
Se2 0.3760965805 0.9455041884 0.4352837780
Mo 0.3507474124 1.0351745696 0.3856164877
Se1 0.2610771630 1.0994959225 0.3359491973
Se2 0.2610771630 1.0994959225 0.4352837780
Mo 0.8868725867 0.1501964899 0.3856164877
Se1 0.7972022891 0.2145178716 0.3359491973
Se2 0.7972022891 0.2145178716 0.4352837780
Mo 0.7718531692 0.3041882239 0.3856164877
Se1 0.6821828716 0.3685096057 0.3359491973
Se2 0.6821828716 0.3685096057 0.4352837780
Mo 0.6568337517 0.4581799580 0.3856164877
Se1 0.5671635022 0.5225013109 0.3359491973
Se2 0.5671635022 0.5225013109 0.4352837780
Mo 0.5418143341 0.6121716920 0.3856164877
Se1 0.4521440847 0.6764930449 0.3359491973
Se2 0.4521440847 0.6764930449 0.4352837780
Mo 0.4267949166 0.7661634261 0.3856164877
Se1 0.3371246671 0.8304847790 0.3359491973
Se2 0.3371246671 0.8304847790 0.4352837780
Mo 0.3117754991 0.9201551602 0.3856164877
Se1 0.2221052496 0.9844765130 0.3359491973
Se2 0.2221052496 0.9844765130 0.4352837780
Mo 0.1967560816 1.0741468942 0.3856164877
Mo 0.7328812077 0.1891688434 0.3856164877
Se1 0.6432109583 0.2534901962 0.3359491973
Se2 0.6432109583 0.2534901962 0.4352837780
Mo 0.6178617902 0.3431605774 0.3856164877
Se1 0.5281915408 0.4074819303 0.3359491973
Se2 0.5281915408 0.4074819303 0.4352837780
Mo 0.5028423727 0.4971523115 0.3856164877
Se1 0.4131721232 0.5614736643 0.3359491973
Se2 0.4131721232 0.5614736643 0.4352837780
Mo 0.3878229552 0.6511440455 0.3856164877
Se1 0.2981527057 0.7154653984 0.3359491973
Se2 0.2981527057 0.7154653984 0.4352837780
Mo 0.2728035376 0.8051357796 0.3856164877
Se1 0.1831332882 0.8694571325 0.3359491973
Se2 0.1831332882 0.8694571325 0.4352837780
Mo 0.1577841682 0.9591274848 0.3856164877
Se1 0.6042390450 0.1384707868 0.3359491973
Se2 0.6042390450 0.1384707868 0.4352837780
Mo 0.5788898769 0.2281411680 0.3856164877
Se1 0.4892196274 0.2924625208 0.3359491973
Se2 0.4892196274 0.2924625208 0.4352837780
Mo 0.4638704594 0.3821329020 0.3856164877
Se1 0.3742002099 0.4464542549 0.3359491973
Se2 0.3742002099 0.4464542549 0.4352837780
Mo 0.3488510418 0.5361246361 0.3856164877
Se1 0.2591807924 0.6004459889 0.3359491973
Se2 0.2591807924 0.6004459889 0.4352837780
Mo 0.2338316243 0.6901163701 0.3856164877
Se1 0.1441613748 0.7544377230 0.3359491973
Se2 0.1441613748 0.7544377230 0.4352837780
Se1 0.4502476660 0.1774431403 0.3359491973
Se2 0.4502476660 0.1774431403 0.4352837780
Mo 0.4248984979 0.2671135214 0.3856164877
Se1 0.3352282485 0.3314348743 0.3359491973
Se2 0.3352282485 0.3314348743 0.4352837780
Mo 0.3098790804 0.4211052555 0.3856164877
Se1 0.2202088309 0.4854266084 0.3359491973
Se2 0.2202088309 0.4854266084 0.4352837780
Mo 0.1948596629 0.5750969895 0.3856164877
Mo 0.3859265846 0.1520941120 0.3856164877
Se1 0.2962563351 0.2164154649 0.3359491973
Se2 0.2962563351 0.2164154649 0.4352837780
Mo 0.2709071671 0.3060858460 0.3856164877
Se1 0.1812369176 0.3704071989 0.3359491973
Se2 0.1812369176 0.3704071989 0.4352837780
Mo 0.1558877495 0.4600775801 0.3856164877
Mo 0.2319352056 0.1910664654 0.3856164877
Se1 0.1422649562 0.2553878183 0.3359491973
Se2 0.1422649562 0.2553878183 0.4352837780
