C -0.0524934112 1.0026246561 0.0000000000
C 0.0026247200 1.0498687489 0.0000000000
C -0.0603674145 0.8530183585 0.0000000000
C -0.0052493203 0.9002624530 0.0000000000
C -0.0551180913 0.9527558909 0.0000000000
C 0.0498688110 0.9475065457 0.0000000000
C 0.0000000399 0.9999999836 0.0000000000
C 0.1049869052 0.9947506403 0.0000000000
C 0.0551181342 1.0472440781 0.0000000000
C 0.1601050365 1.0419947330 0.0000000000
C -0.0682414548 0.7034120626 0.0000000000
C -0.0131233236 0.7506561554 0.0000000000
C -0.0629920946 0.8031495932 0.0000000000
C 0.0419947707 0.7979002499 0.0000000000
C -0.0078740004 0.8503936878 0.0000000000
C 0.0971129019 0.8451443426 0.0000000000
C 0.0472441309 0.8976377805 0.0000000000
C 0.1522309962 0.8923884372 0.0000000000
C 0.1023622251 0.9448818750 0.0000000000
C 0.2073491274 0.9396325299 0.0000000000
C 0.1574803564 0.9921259678 0.0000000000
C 0.2624672217 0.9868766245 0.0000000000
C 0.2125984506 1.0393700623 0.0000000000
C 0.3175853529 1.0341207172 0.0000000000
C 0.2677165819 1.0866141550 0.0000000000
C 0.3727034472 1.0813648118 0.0000000000
C -0.0761154582 0.5538057650 0.0000000000
C -0.0209973639 0.6010498595 0.0000000000
C -0.0708661349 0.6535432974 0.0000000000
C 0.0341207673 0.6482939523 0.0000000000
C -0.0157480037 0.7007873901 0.0000000000
C 0.0892388616 0.6955380468 0.0000000000
C 0.0393700906 0.7480314847 0.0000000000
C 0.1443569928 0.7427821395 0.0000000000
C 0.0944882218 0.7952755774 0.0000000000
C 0.1994750871 0.7900262341 0.0000000000
C 0.1496063161 0.8425196719 0.0000000000
C 0.2545932183 0.8372703268 0.0000000000
C 0.2047244473 0.8897637647 0.0000000000
C 0.3097113126 0.8845144214 0.0000000000
C 0.2598425416 0.9370078592 0.0000000000
C 0.3648294439 0.9317585141 0.0000000000
C 0.3149606728 0.9842519519 0.0000000000
C 0.4199475381 0.9790026087 0.0000000000
C 0.3700787671 1.0314960465 0.0000000000
C 0.4750656694 1.0262467014 0.0000000000
C 0.4251968983 1.0787401392 0.0000000000
C 0.5301837636 1.0734907960 0.0000000000
C -0.0839894985 0.4041994692 0.0000000000
C -0.0288713672 0.4514435619 0.0000000000
C -0.0787401383 0.5039369997 0.0000000000
C 0.0262467270 0.4986876564 0.0000000000
C -0.0236220440 0.5511810943 0.0000000000
C 0.0813648583 0.5459317492 0.0000000000
C 0.0314960872 0.5984251870 0.0000000000
C 0.1364829526 0.5931758437 0.0000000000
C 0.0866141815 0.6456692815 0.0000000000
C 0.1916010838 0.6404199364 0.0000000000
C 0.1417323127 0.6929133743 0.0000000000
C 0.2467191781 0.6876640310 0.0000000000
C 0.1968504070 0.7401574688 0.0000000000
C 0.3018373093 0.7349081237 0.0000000000
C 0.2519685383 0.7874015615 0.0000000000
C 0.3569554036 0.7821522183 0.0000000000
C 0.3070866325 0.8346456561 0.0000000000
C 0.4120735348 0.8293963110 0.0000000000
C 0.3622047638 0.8818897488 0.0000000000
C 0.4671916291 0.8766404056 0.0000000000
C 0.4173228580 0.9291338434 0.0000000000
C 0.5223097603 0.9238844983 0.0000000000
C 0.4724409893 0.9763779361 0.0000000000
C 0.5774278546 0.9711285928 0.0000000000
C 0.5275590835 1.0236220307 0.0000000000
C 0.6325459858 1.0183726856 0.0000000000
C 0.5826772148 1.0708661234 0.0000000000
C 0.6876640801 1.0656167801 0.0000000000
C -0.0367454075 0.3018372660 0.0000000000
C -0.0866141786 0.3543307039 0.0000000000
C 0.0183727237 0.3490813588 0.0000000000
C -0.0314960473 0.4015747966 0.0000000000
C 0.0734908180 0.3963254533 0.0000000000
C 0.0236220469 0.4488188912 0.0000000000
C 0.1286089492 0.4435695460 0.0000000000
C 0.0787401782 0.4960629839 0.0000000000
C 0.1837270435 0.4908136406 0.0000000000
C 0.1338582725 0.5433070784 0.0000000000
C 0.2388451747 0.5380577333 0.0000000000
C 0.1889764037 0.5905511712 0.0000000000
C 0.2939632690 0.5853018279 0.0000000000
C 0.2440944980 0.6377952657 0.0000000000
C 0.3490814002 0.6325459206 0.0000000000
C 0.2992126292 0.6850393584 0.0000000000
C 0.4041994945 0.6797900152 0.0000000000
C 0.3543307235 0.7322834530 0.0000000000
C 0.4593176257 0.7270341079 0.0000000000
C 0.4094488547 0.7795275457 0.0000000000
C 0.5144357200 0.7742782025 0.0000000000
C 0.4645669490 0.8267716403 0.0000000000
C 0.5695538512 0.8215222952 0.0000000000
C 0.5196850802 0.8740157330 0.0000000000
C 0.6246719455 0.8687663897 0.0000000000
C 0.5748031745 0.9212598276 0.0000000000
C 0.6797900768 0.9160104825 0.0000000000
C 0.6299213057 0.9685039203 0.0000000000
C 0.7349081710 0.9632545770 0.0000000000
C 0.6850394000 1.0157480149 0.0000000000
C 0.7900263023 1.0104986697 0.0000000000
C 0.7401575312 1.0629921076 0.0000000000
C 0.8451443965 1.0577427643 0.0000000000
C -0.0446194108 0.1522309684 0.0000000000
C 0.0104986834 0.1994750629 0.0000000000
C -0.0393700876 0.2519685008 0.0000000000
C 0.0656168147 0.2467191557 0.0000000000
C 0.0157480436 0.2992125935 0.0000000000
C 0.1207349089 0.2939632502 0.0000000000
C 0.0708661379 0.3464566881 0.0000000000
C 0.1758530402 0.3412073429 0.0000000000
C 0.1259842691 0.3937007808 0.0000000000
C 0.2309711344 0.3884514375 0.0000000000
C 0.1811023634 0.4409448753 0.0000000000
C 0.2860892657 0.4356955302 0.0000000000
C 0.2362204946 0.4881889681 0.0000000000
C 0.3412073599 0.4829396248 0.0000000000
C 0.2913385889 0.5354330626 0.0000000000
C 0.3963254912 0.5301837175 0.0000000000
C 0.3464567201 0.5826771553 0.0000000000
C 0.4514435855 0.5774278121 0.0000000000
C 0.4015748144 0.6299212499 0.0000000000
C 0.5065617167 0.6246719048 0.0000000000
C 0.4566929456 0.6771653426 0.0000000000
C 0.5616798110 0.6719159994 0.0000000000
C 0.5118110399 0.7244094372 0.0000000000
C 0.6167979422 0.7191600921 0.0000000000
C 0.5669291711 0.7716535299 0.0000000000
C 0.6719160365 0.7664041866 0.0000000000
C 0.6220472654 0.8188976245 0.0000000000
C 0.7270341677 0.8136482794 0.0000000000
C 0.6771653967 0.8661417172 0.0000000000
C 0.7821522620 0.8608923739 0.0000000000
C 0.7322834909 0.9133858117 0.0000000000
C 0.8372703932 0.9081364666 0.0000000000
C 0.7874016222 0.9606299045 0.0000000000
C 0.8923884875 0.9553805612 0.0000000000
C 0.8425197164 1.0078739990 0.0000000000
C 0.8976378477 1.0551180917 0.0000000000
C -0.0472440909 0.1023622031 0.0000000000
C 0.0577427744 0.0971128598 0.0000000000
C 0.0078740033 0.1496062977 0.0000000000
C 0.1128609056 0.1443569526 0.0000000000
C 0.0629921346 0.1968503904 0.0000000000
C 0.1679789999 0.1916010471 0.0000000000
C 0.1181102288 0.2440944850 0.0000000000
C 0.2230971311 0.2388451398 0.0000000000
C 0.1732283601 0.2913385777 0.0000000000
C 0.2782152254 0.2860892344 0.0000000000
C 0.2283464543 0.3385826722 0.0000000000
C 0.3333333566 0.3333333271 0.0000000000
C 0.2834645856 0.3858267650 0.0000000000
C 0.3884514509 0.3805774217 0.0000000000
C 0.3385826798 0.4330708595 0.0000000000
C 0.4435695821 0.4278215144 0.0000000000
C 0.3937008111 0.4803149522 0.0000000000
C 0.4986876764 0.4750656090 0.0000000000
C 0.4488189054 0.5275590468 0.0000000000
C 0.5538058076 0.5223097017 0.0000000000
C 0.5039370366 0.5748031395 0.0000000000
C 0.6089239019 0.5695537962 0.0000000000
C 0.5590551309 0.6220472341 0.0000000000
C 0.6640420331 0.6167978890 0.0000000000
C 0.6141732621 0.6692913268 0.0000000000
C 0.7191601274 0.6640419835 0.0000000000
C 0.6692913564 0.7165354214 0.0000000000
C 0.7742782586 0.7112860762 0.0000000000
C 0.7244094876 0.7637795141 0.0000000000
C 0.8293963529 0.7585301708 0.0000000000
C 0.7795275819 0.8110236086 0.0000000000
C 0.8845144841 0.8057742635 0.0000000000
C 0.8346457131 0.8582677014 0.0000000000
C 0.8897638074 0.9055117959 0.0000000000
C 0.1102362255 0.0944881873 0.0000000000
C 0.2152230908 0.0892388440 0.0000000000
C 0.1653543198 0.1417322818 0.0000000000
C 0.2703412221 0.1364829367 0.0000000000
C 0.2204724510 0.1889763746 0.0000000000
C 0.3254593163 0.1837270313 0.0000000000
C 0.2755905453 0.2362204691 0.0000000000
C 0.3805774476 0.2309711240 0.0000000000
C 0.3307086765 0.2834645618 0.0000000000
C 0.4356955418 0.2782152186 0.0000000000
C 0.3858267708 0.3307086564 0.0000000000
C 0.4908136731 0.3254593113 0.0000000000
C 0.4409449020 0.3779527491 0.0000000000
C 0.5459317673 0.3727034059 0.0000000000
C 0.4960629963 0.4251968437 0.0000000000
C 0.6010498986 0.4199474986 0.0000000000
C 0.5511811275 0.4724409364 0.0000000000
C 0.6561679928 0.4671915931 0.0000000000
C 0.6062992218 0.5196850310 0.0000000000
C 0.7112861241 0.5144356859 0.0000000000
C 0.6614173530 0.5669291237 0.0000000000
C 0.7664042183 0.5616797804 0.0000000000
C 0.7165354473 0.6141732183 0.0000000000
C 0.8215223496 0.6089238731 0.0000000000
C 0.7716535785 0.6614173110 0.0000000000
C 0.8766404439 0.6561679677 0.0000000000
C 0.8267716728 0.7086614055 0.0000000000
C 0.8818898040 0.7559054983 0.0000000000
C 0.3228346362 0.1338582660 0.0000000000
C 0.4278215385 0.1286089209 0.0000000000
C 0.3779527675 0.1811023587 0.0000000000
C 0.4829396328 0.1758530155 0.0000000000
C 0.4330708617 0.2283464533 0.0000000000
C 0.5380577640 0.2230971082 0.0000000000
C 0.4881889930 0.2755905460 0.0000000000
C 0.5931758583 0.2703412028 0.0000000000
C 0.5433070872 0.3228346406 0.0000000000
C 0.6482939895 0.3175852955 0.0000000000
C 0.5984252185 0.3700787333 0.0000000000
C 0.7034120838 0.3648293900 0.0000000000
C 0.6535433127 0.4173228279 0.0000000000
C 0.7585302150 0.4120734828 0.0000000000
C 0.7086614440 0.4645669206 0.0000000000
C 0.8136483093 0.4593175773 0.0000000000
C 0.7637795383 0.5118110152 0.0000000000
C 0.8687664405 0.5065616700 0.0000000000
C 0.8188976695 0.5590551079 0.0000000000
C 0.8740157638 0.6062992024 0.0000000000
C 0.4803149527 0.1259842502 0.0000000000
C 0.5853018549 0.1207349051 0.0000000000
C 0.5354330839 0.1732283429 0.0000000000
C 0.6404199492 0.1679789997 0.0000000000
C 0.5905511782 0.2204724375 0.0000000000
C 0.6955380805 0.2152230924 0.0000000000
C 0.6456693094 0.2677165302 0.0000000000
C 0.7506561747 0.2624671869 0.0000000000
C 0.7007874037 0.3149606248 0.0000000000
C 0.8057743060 0.3097112797 0.0000000000
C 0.7559055349 0.3622047175 0.0000000000
C 0.8608924002 0.3569553742 0.0000000000
C 0.8110236292 0.4094488120 0.0000000000
C 0.8661417604 0.4566929048 0.0000000000
C 0.6377952691 0.1181102344 0.0000000000
C 0.7427821714 0.1128608893 0.0000000000
C 0.6929134004 0.1653543271 0.0000000000
C 0.7979002657 0.1601049838 0.0000000000
C 0.7480314946 0.2125984217 0.0000000000
C 0.8530183969 0.2073490765 0.0000000000
C 0.8031496259 0.2598425144 0.0000000000
C 0.9081364912 0.2545931711 0.0000000000
C 0.8582677201 0.3070866089 0.0000000000
C 0.7952755856 0.1102362186 0.0000000000
C 0.9002624878 0.1049868734 0.0000000000
C 0.8503937168 0.1574803113 0.0000000000
C 0.9055118111 0.2047244058 0.0000000000
C -0.0498689600 0.9973754255 0.1341463395
C -0.0026248911 1.0524935464 0.1341463395
C -0.0419949118 0.8398950994 0.1341463395
C 0.0052491570 0.8950132203 0.1341463395
C -0.0472443083 0.9448819986 0.1341463395
C 0.0524932259 0.9501313412 0.1341463395
C -0.0000002025 1.0000001177 0.1341463395
C 0.0997373316 1.0052494603 0.1341463395
C 0.0472438663 1.0551182386 0.1341463395
C 0.1469814004 1.0603675812 0.1341463395
C -0.0813649694 0.6272966541 0.1341463395
C -0.0341208636 0.6824147732 0.1341463395
C -0.0866143097 0.7322835099 0.1341463395
C 0.0131232052 0.7375328941 0.1341463395
C -0.0393702409 0.7874016308 0.1341463395
C 0.0603672740 0.7926510151 0.1341463395
C 0.0078738457 0.8425197915 0.1341463395
C 0.1076113798 0.8477691341 0.1341463395
C 0.0551179145 0.8976379124 0.1341463395
C 0.1548554486 0.9028872551 0.1341463395
C 0.1023619833 0.9527560334 0.1341463395
C 0.2020994982 0.9580054176 0.1341463395
C 0.1496060891 1.0078741524 0.1341463395
C 0.2493436040 1.0131235367 0.1341463395
C 0.1968501579 1.0629922734 0.1341463395
C 0.2965876728 1.0682416576 0.1341463395
C -0.0734909020 0.4698162863 0.1341463395
C -0.0262468154 0.5249344470 0.1341463395
C -0.0787402615 0.5748031837 0.1341463395
C 0.0209972534 0.5800525680 0.1341463395
C -0.0314961927 0.6299213046 0.1341463395
C 0.0682413222 0.6351706889 0.1341463395
C 0.0157478939 0.6850394653 0.1341463395
C 0.1154854280 0.6902888080 0.1341463395
C 0.0629919627 0.7401575863 0.1341463395
C 0.1627294968 0.7454069289 0.1341463395
C 0.1102360315 0.7952757072 0.1341463395
C 0.2099735656 0.8005250499 0.1341463395
C 0.1574801373 0.8503938263 0.1341463395
C 0.2572176152 0.8556432124 0.1341463395
C 0.2047242061 0.9055119472 0.1341463395
C 0.3044617210 0.9107613315 0.1341463395
C 0.2519682749 0.9606300682 0.1341463395
C 0.3517057898 0.9658794524 0.1341463395
C 0.2992123615 1.0157482288 0.1341463395
C 0.3989498586 1.0209975734 0.1341463395
C 0.3464564303 1.0708663498 0.1341463395
C 0.4461939644 1.0761156924 0.1341463395
C -0.0656168538 0.3123359602 0.1341463395
C -0.0183728042 0.3674541227 0.1341463395
C -0.0708662134 0.4173228575 0.1341463395
C 0.0288713016 0.4225722418 0.1341463395
C -0.0236221445 0.4724409785 0.1341463395
C 0.0761153704 0.4776903627 0.1341463395
C 0.0236219612 0.5275590976 0.1341463395
C 0.1233594392 0.5328084837 0.1341463395
C 0.0708660109 0.5826772601 0.1341463395
C 0.1706035450 0.5879266028 0.1341463395
C 0.1181100797 0.6377953810 0.1341463395
C 0.2178476138 0.6430447237 0.1341463395
C 0.1653541485 0.6929135020 0.1341463395
C 0.2650916634 0.6981628862 0.1341463395
C 0.2125982543 0.7480316211 0.1341463395
C 0.3123357692 0.7532810053 0.1341463395
C 0.2598423231 0.8031497420 0.1341463395
C 0.3595798380 0.8083991263 0.1341463395
C 0.3070863919 0.8582678629 0.1341463395
C 0.4068239068 0.8635172472 0.1341463395
C 0.3543304785 0.9133860236 0.1341463395
C 0.4540680126 0.9186353663 0.1341463395
C 0.4015745473 0.9685041446 0.1341463395
C 0.5013120814 0.9737534872 0.1341463395
C 0.4488186161 1.0236222655 0.1341463395
C 0.5485561310 1.0288716498 0.1341463395
C 0.4960627219 1.0787403846 0.1341463395
C 0.5958002368 1.0839897688 0.1341463395
C -0.0577428056 0.1548556340 0.1341463395
C -0.0104987368 0.2099737550 0.1341463395
C -0.0629921652 0.2598425314 0.1341463395
C 0.0367453497 0.2650919157 0.1341463395
C -0.0157480964 0.3149606523 0.1341463395
C 0.0839894186 0.3202100366 0.1341463395
C 0.0314959725 0.3700787733 0.1341463395
C 0.1312334874 0.3753281575 0.1341463395
C 0.0787400590 0.4251969339 0.1341463395
C 0.1784775932 0.4304462766 0.1341463395
C 0.1259841279 0.4803150549 0.1341463395
C 0.2257216620 0.4855643975 0.1341463395
C 0.1732281967 0.5354331758 0.1341463395
C 0.2729657308 0.5406825185 0.1341463395
C 0.2204723024 0.5905512949 0.1341463395
C 0.3202098174 0.5958006792 0.1341463395
C 0.2677163713 0.6456694158 0.1341463395
C 0.3674538862 0.6509188001 0.1341463395
C 0.3149604401 0.7007875368 0.1341463395
C 0.4146979550 0.7060369210 0.1341463395
C 0.3622045267 0.7559056975 0.1341463395
C 0.4619420608 0.7611550401 0.1341463395
C 0.4094485955 0.8110238184 0.1341463395
C 0.5091861296 0.8162731611 0.1341463395
C 0.4566926643 0.8661419393 0.1341463395
C 0.5564301984 0.8713912820 0.1341463395
C 0.5039367701 0.9212600584 0.1341463395
C 0.6036742850 0.9265094427 0.1341463395
C 0.5511808389 0.9763781793 0.1341463395
C 0.6509183538 0.9816275636 0.1341463395
C 0.5984249077 1.0314963003 0.1341463395
C 0.6981624226 1.0367456845 0.1341463395
C 0.6456689943 1.0866144610 0.1341463395
C -0.0551181170 0.1023622052 0.1341463395
C 0.0446193979 0.1076115895 0.1341463395
C -0.0078740482 0.1574803262 0.1341463395
C 0.0918634667 0.1627297104 0.1341463395
C 0.0393700206 0.2125984471 0.1341463395
C 0.1391075356 0.2178478314 0.1341463395
C 0.0866141264 0.2677165662 0.1341463395
C 0.1863516413 0.2729659504 0.1341463395
C 0.1338581760 0.3228347287 0.1341463395
C 0.2335957102 0.3280840714 0.1341463395
C 0.1811022448 0.3779528497 0.1341463395
C 0.2808397790 0.3832021923 0.1341463395
C 0.2283463506 0.4330709687 0.1341463395
C 0.3280838655 0.4383203530 0.1341463395
C 0.2755904194 0.4881890897 0.1341463395
C 0.3753279344 0.4934384739 0.1341463395
C 0.3228344883 0.5433072106 0.1341463395
C 0.4225720032 0.5485565949 0.1341463395
C 0.3700785940 0.5984253297 0.1341463395
C 0.4698161090 0.6036747140 0.1341463395
C 0.4173226436 0.6535434922 0.1341463395
C 0.5170601778 0.6587928349 0.1341463395
C 0.4645667125 0.7086616132 0.1341463395
C 0.5643042466 0.7139109558 0.1341463395
C 0.5118108182 0.7637797323 0.1341463395
C 0.6115483332 0.7690291165 0.1341463395
C 0.5590548871 0.8188978532 0.1341463395
C 0.6587924020 0.8241472375 0.1341463395
C 0.6062989559 0.8740159741 0.1341463395
C 0.7060364708 0.8792653584 0.1341463395
C 0.6535430617 0.9291340932 0.1341463395
C 0.7532805766 0.9343834775 0.1341463395
C 0.7007871113 0.9842522557 0.1341463395
C 0.8005246454 0.9895015984 0.1341463395
C 0.7480311801 1.0393703767 0.1341463395
C 0.8477687142 1.0446197193 0.1341463395
C 0.0944881746 0.1102362400 0.1341463395
C 0.1942256895 0.1154856243 0.1341463395
C 0.1417322242 0.1653544026 0.1341463395
C 0.2414697583 0.1706037452 0.1341463395
C 0.1889762930 0.2204725235 0.1341463395
C 0.2887138272 0.2257218662 0.1341463395
C 0.2362203988 0.2755906426 0.1341463395
C 0.3359579329 0.2808399852 0.1341463395
C 0.2834644676 0.3307087635 0.1341463395
C 0.3832019825 0.3359581478 0.1341463395
C 0.3307085364 0.3858268844 0.1341463395
C 0.4304460514 0.3910762687 0.1341463395
C 0.3779526422 0.4409450035 0.1341463395
C 0.4776901571 0.4461943878 0.1341463395
C 0.4251966918 0.4960631661 0.1341463395
C 0.5249342260 0.5013125087 0.1341463395
C 0.4724407606 0.5511812870 0.1341463395
C 0.5721782948 0.5564306297 0.1341463395
C 0.5196848664 0.6062994061 0.1341463395
C 0.6194224005 0.6115487488 0.1341463395
C 0.5669289352 0.6614175270 0.1341463395
C 0.6666664502 0.6666669113 0.1341463395
C 0.6141730041 0.7165356480 0.1341463395
C 0.7139105190 0.7217850322 0.1341463395
C 0.6614171098 0.7716537670 0.1341463395
C 0.7611545878 0.7769031532 0.1341463395
C 0.7086611594 0.8267719296 0.1341463395
C 0.8083986936 0.8320212722 0.1341463395
C 0.7559052283 0.8818900505 0.1341463395
C 0.8556427624 0.8871393932 0.1341463395
C 0.8031493340 0.9370081696 0.1341463395
C 0.9028868120 0.9422575557 0.1341463395
C 0.8503934029 0.9921262905 0.1341463395
C 0.8976374717 1.0472444115 0.1341463395
C 0.2440944470 0.1181103164 0.1341463395
C 0.3438319441 0.1233596609 0.1341463395
C 0.2913385158 0.1732284374 0.1341463395
C 0.3910760307 0.1784778216 0.1341463395
C 0.3385825846 0.2283465583 0.1341463395
C 0.4383200995 0.2335959426 0.1341463395
C 0.3858266904 0.2834646774 0.1341463395
C 0.4855641684 0.2887140635 0.1341463395
C 0.4330707592 0.3385827983 0.1341463395
C 0.5328082741 0.3438321826 0.1341463395
C 0.4803148088 0.3937009609 0.1341463395
C 0.5800523429 0.3989503035 0.1341463395
C 0.5275589146 0.4488190799 0.1341463395
C 0.6272964118 0.4540684244 0.1341463395
C 0.5748029834 0.5039372009 0.1341463395
C 0.6745404983 0.5091865851 0.1341463395
C 0.6220470522 0.5590553218 0.1341463395
C 0.7217845672 0.5643047061 0.1341463395
C 0.6692911210 0.6141734427 0.1341463395
C 0.7690286360 0.6194228270 0.1341463395
C 0.7165352268 0.6692915618 0.1341463395
C 0.8162727417 0.6745409461 0.1341463395
C 0.7637792764 0.7244097244 0.1341463395
C 0.8635168106 0.7296590670 0.1341463395
C 0.8110233453 0.7795278453 0.1341463395
C 0.9107608794 0.7847771880 0.1341463395
C 0.8582674510 0.8346459644 0.1341463395
C 0.9055115199 0.8897640853 0.1341463395
C 0.3937007016 0.1259843531 0.1341463395
C 0.4934382165 0.1312337373 0.1341463395
C 0.4409448074 0.1811024721 0.1341463395
C 0.5406823223 0.1863518564 0.1341463395
C 0.4881888570 0.2362206347 0.1341463395
C 0.5879263911 0.2414699773 0.1341463395
C 0.5354329258 0.2913387556 0.1341463395
C 0.6351704599 0.2965880983 0.1341463395
C 0.5826770316 0.3464568747 0.1341463395
C 0.6824145657 0.3517062174 0.1341463395
C 0.6299211004 0.4015749956 0.1341463395
C 0.7296586153 0.4068243799 0.1341463395
C 0.6771651692 0.4566931166 0.1341463395
C 0.7769026842 0.4619425008 0.1341463395
C 0.7244092750 0.5118112357 0.1341463395
C 0.8241467899 0.5170606199 0.1341463395
C 0.7716533246 0.5669293982 0.1341463395
C 0.8713908587 0.5721787409 0.1341463395
C 0.8188973934 0.6220475191 0.1341463395
C 0.8661414992 0.6771656382 0.1341463395
C 0.5433069740 0.1338584295 0.1341463395
C 0.6430445081 0.1391077721 0.1341463395
C 0.5905510798 0.1889765486 0.1341463395
C 0.6902886139 0.1942258912 0.1341463395
C 0.6377951486 0.2440946695 0.1341463395
C 0.7375326635 0.2493440538 0.1341463395
C 0.6850392174 0.2992127904 0.1341463395
C 0.7847767323 0.3044621747 0.1341463395
C 0.7322833232 0.3543309095 0.1341463395
C 0.8320208381 0.3595802938 0.1341463395
C 0.7795273920 0.4094490304 0.1341463395
C 0.8792649069 0.4146984147 0.1341463395
C 0.8267714416 0.4645671930 0.1341463395
C 0.8740155474 0.5196853121 0.1341463395
C 0.7454067309 0.0918636860 0.1341463395
C 0.6929132656 0.1417324643 0.1341463395
C 0.7926507805 0.1469818485 0.1341463395
C 0.7401573714 0.1968505833 0.1341463395
C 0.8398948863 0.2020999676 0.1341463395
C 0.7874014402 0.2519687043 0.1341463395
C 0.8871389551 0.2572180885 0.1341463395
C 0.8346454898 0.3070868668 0.1341463395
C 0.8818895956 0.3622049859 0.1341463395
C 0.7952754884 0.0944883781 0.1341463395
C 0.8950130033 0.0997377624 0.1341463395
C 0.8425195572 0.1496064991 0.1341463395
C 0.8897636437 0.2047246597 0.1341463395
