natom :
508

Moire lattice vectors (in Angstrom)
a1 :
27.7227918547 0.0000000000 0.0000000000
a3 :
0.0000000000 0.0000000000 100.0000000000
a2 :
13.8613952183 24.0086424194 0.0000000000

type    Mass
1	12.0110000000
2	12.0110000000

Atomic positions (in Angstrom)
id    type    x    y    z
1	1	26.3040970068	0.0658528397	99.8538290908
2	1	0.7663787117	1.1956993778	99.8538293764
3	1	37.8671310668	20.4864020218	99.8775954837
4	1	40.0515255907	21.6171575406	99.8599883825
5	1	39.3991830192	22.8787392807	99.8579592961
6	1	14.5137129949	22.7470892491	99.8538292064
7	1	13.8613957733	24.0086420796	99.8517450356
8	1	16.6988131699	23.8770600641	99.8599889415
9	1	2.1850634581	1.1299643085	99.8579422502
10	1	5.0221729750	0.9992909747	99.8776921192
11	1	35.5735668735	16.8948583850	99.9247047192
12	1	37.7551865467	18.0282350295	99.8989566527
13	1	37.1023545270	19.2898199840	99.8923521045
14	1	12.2157212412	19.1596674785	99.8776911813
15	1	39.2858037979	20.4211222561	99.8699609488
16	1	14.4001410326	20.2899994273	99.8660434264
17	1	13.7474424293	21.5513397212	99.8579418022
18	1	16.5851574924	21.4200572854	99.8659858563
19	1	15.9324226524	22.6813239389	99.8579596926
20	1	18.7702734852	22.5506966615	99.8775963685
21	1	18.1174709977	23.8119431456	99.8699617566
22	1	20.9550807660	23.6828333797	99.8989577903
23	1	6.4407501539	0.9354255893	99.8920923252
24	1	9.2779923394	0.8088984452	99.9248476840
25	1	8.6247906544	2.0700274183	99.9194821818
26	1	11.4617842046	1.9466170677	99.9467670649
27	1	33.2881860268	13.2982532425	99.9539431833
28	1	35.4662087287	14.4344768855	99.9439613812
29	1	34.8125079987	15.6961038676	99.9396140555
30	1	9.9229267236	15.5692161099	99.9248465919
31	1	36.9922356154	16.8306966027	99.9157733604
32	1	12.1045513566	16.7018812739	99.9040512797
33	1	11.4511236062	17.9630762908	99.8920912281
34	1	14.2879518985	17.8329988269	99.8888514815
35	1	13.6344979066	19.0939436365	99.8756722411
36	1	16.4724607053	18.9634804851	99.8832625856
37	1	15.8189270949	20.2242480209	99.8699525666
38	1	18.6575135318	20.0941584959	99.8885239408
39	1	18.0039017897	21.3548444038	99.8758253615
40	1	20.8426164881	21.2259903945	99.9037040600
41	1	20.1889321961	22.4866717621	99.8923531661
42	1	23.0274236243	22.3601837019	99.9247057784
43	1	22.3736549260	23.6208677375	99.9157745022
44	1	25.2118555354	23.4973996299	99.9439620921
45	1	10.6965413727	0.7493786376	99.9386825277
46	1	13.5346569410	0.6282273734	99.9535874648
47	1	12.8804081368	1.8886718865	99.9527694934
48	1	15.7188806566	1.7681047624	99.9499545287
49	1	31.0048649004	9.7019613062	99.9342263173
50	1	33.1833180925	10.8369546151	99.9487287927
51	1	32.5290530283	12.0983959207	99.9537149966
52	1	7.6381286521	11.9731720104	99.9535873612
53	1	34.7068718505	13.2347911986	99.9518728928
54	1	9.8163239566	13.1091375615	99.9467663822
55	1	9.1621065165	14.3704765285	99.9386816660
56	1	11.9962225222	14.2435168181	99.9324440309
57	1	11.3416972887	15.5043408078	99.9194810694
58	1	14.1781759207	15.3760221195	99.9178155460
59	1	13.5234187425	16.6363661063	99.9020417364
60	1	16.3617876773	16.5073556283	99.9087697864
61	1	15.7068701873	17.7673514167	99.8921156409
62	1	18.5463935059	17.6384044903	99.9083259103
63	1	17.8913640138	18.8982163603	99.8922507738
64	1	20.7314009708	18.7701238105	99.9168745101
65	1	20.0763505771	20.0299302131	99.9025766175
66	1	22.9163179771	19.9037937687	99.9316863730
67	1	22.2613734618	21.1637321172	99.9204594928
68	1	25.1008056144	21.0403212936	99.9465732580
69	1	24.4461049278	22.3004646712	99.9396149084
70	1	27.2848654573	22.1792884530	99.9539432956
71	1	26.6304822543	23.4396374296	99.9518732157
72	1	29.4688465209	23.3191193987	99.9487282691
73	1	14.9532890004	0.5709484539	99.9516021449
74	1	17.7916809527	0.4491866411	99.9315373281
75	1	17.1375836243	1.7096792495	99.9389436400
76	1	19.9762919287	1.5852402462	99.9087695017
77	1	30.8970808344	7.2424455374	99.9083264538
78	1	30.2433356674	8.5036479348	99.9200946401
79	1	5.3545630253	8.3760013193	99.9315383293
80	1	32.4236087176	9.6375352072	99.9390286257
81	1	7.5331796334	9.5116400263	99.9499550527
82	1	6.8792076965	10.7732400238	99.9516024747
83	1	9.7114474330	10.6483384742	99.9573118357
84	1	9.0568300150	11.9095457802	99.9527691962
85	1	11.8906454403	11.7844308306	99.9537168483
86	1	11.2351189202	13.0449045265	99.9437283580
87	1	14.0714722517	12.9188240204	99.9444825151
88	1	13.4151566350	14.1785214393	99.9305149893
89	1	16.2540451639	14.0516003803	99.9356485005
90	1	15.5972422951	15.3106741425	99.9197082570
91	1	18.4379445331	15.1834538180	99.9315377056
92	1	17.7809167141	16.4421549332	99.9156718418
93	1	20.6225045077	16.3153027931	99.9342259586
94	1	19.9654993848	17.5739631967	99.9200942666
95	1	22.8071186309	17.4484608819	99.9426839394
96	1	22.1504405534	18.7073868386	99.9317003093
97	1	24.9913085171	18.5840062776	99.9525890094
98	1	24.3352728463	19.8434185986	99.9457995536
99	1	27.1747746288	19.7219609481	99.9577363217
100	1	26.5196283945	20.9819615519	99.9552962328
101	1	29.3577670202	20.8612595408	99.9522654076
102	1	28.7035388746	22.1217885719	99.9537146892
103	1	31.5410061649	22.0000200977	99.9342253583
104	1	30.8874288821	23.2609013375	99.9390277526
105	1	33.7249013128	23.1364340526	99.9083252932
106	1	19.2102620004	0.3888387683	99.9156713725
107	1	22.0480219240	0.2613320616	99.8832621822
108	1	21.3949390310	1.5224174427	99.8921153904
109	1	24.2329808063	1.3927540333	99.8660433679
110	1	28.6026916277	3.6531389232	99.8659860713
111	1	3.0637060184	4.7838290165	99.8832631955
112	1	30.1335665740	6.0452673828	99.8922512417
113	1	5.2461089760	5.9160457955	99.9087706373
114	1	4.5930098718	7.1776479330	99.9156725173
115	1	7.4267265960	7.0506156985	99.9356493012
116	1	6.7732303005	8.3122198969	99.9389444919
117	1	9.6062062998	8.1873830451	99.9550537497
118	1	8.9518787446	9.4486024740	99.9539165496
119	1	11.7858865895	9.3247819895	99.9625376454
120	1	11.1302648730	10.5852014874	99.9572052312
121	1	13.9666569525	10.4610975915	99.9607425748
122	1	13.3096252981	11.7205218445	99.9520565659
123	1	16.1487746920	11.5957318981	99.9550532675
124	1	15.4906377259	12.8542357339	99.9443356733
125	1	18.3321281710	12.7288970918	99.9499546182
126	1	17.6733745844	13.9867426130	99.9389438821
127	1	20.5162109174	13.8612102633	99.9487285290
128	1	19.8573379949	15.1188476276	99.9390282219
129	1	22.7003196880	14.9939425019	99.9522657782
130	1	22.0418516477	16.2518847598	99.9450173108
131	1	24.8839012989	16.1283715905	99.9580736142
132	1	24.2263568583	17.3869960259	99.9539561194
133	1	27.0666134915	17.2648531072	99.9617492061
134	1	26.4103822379	18.5243718543	99.9606344911
135	1	29.2484205797	18.4030077846	99.9580732922
136	1	28.5936243586	19.6633981622	99.9590805675
137	1	31.4300427538	19.5415096867	99.9426832624
138	1	30.7764109782	20.8025384241	99.9450167046
139	1	33.6124952532	20.6783023856	99.9168736365
140	1	32.9595406002	21.9396729439	99.9200935121
141	1	35.7960866278	21.8123241824	99.8885231582
142	1	35.1434451396	23.0738002100	99.8922501385
143	1	37.9805266387	22.9440877154	99.8659853644
144	1	23.4666454394	0.1969249278	99.8699522366
145	1	25.6516828369	1.3273373973	99.8579418549
146	1	27.8367701310	2.4572206228	99.8579597454
147	1	2.9510668488	2.3258880445	99.8660440280
148	1	2.2986161638	3.5874685096	99.8699530444
149	1	5.1349862992	3.4572297008	99.8888524201
150	1	4.4823794313	4.7188726797	99.8921164469
151	1	7.3176784664	4.5906493083	99.9178165866
152	1	6.6647382320	5.8522708042	99.9197091621
153	1	9.4990262297	5.7268403145	99.9444833124
154	1	8.8453785148	6.9881677766	99.9443363602
155	1	11.6798874029	6.8649308049	99.9607429326
156	1	11.0249909090	8.1255740413	99.9585326161
157	1	13.8613961471	8.0028806578	99.9652972373
158	1	13.2048696946	9.2625165604	99.9616919508
159	1	16.0439509890	9.1393739098	99.9625375047
160	1	15.3858542620	10.3979328671	99.9585323090
161	1	18.2274040383	10.2741125956	99.9573117071
162	1	17.5681865304	11.5317863773	99.9539162278
163	1	20.4114028571	11.4072425059	99.9535873597
164	1	19.7516917756	12.6644533444	99.9516022740
165	1	22.5953240278	12.5397426045	99.9539433387
166	1	21.9357836504	13.7970997646	99.9537149634
167	1	24.7784774028	13.6730648781	99.9577364360
168	1	24.1197693954	14.9311061985	99.9590808689
169	1	26.9604756829	14.8079484856	99.9617492663
170	1	26.3031552720	16.0669842217	99.9640492055
171	1	29.1412863045	15.9444827334	99.9617491123
172	1	28.4856306120	17.2045914380	99.9640490354
173	1	31.3213589067	17.0821730133	99.9525884933
174	1	30.6671935191	18.3431457477	99.9539555739
175	1	33.5018236737	18.2192737528	99.9316854533
176	1	32.8486436420	19.4807465501	99.9316994238
177	1	35.6837302962	19.3540535341	99.9037030087
178	1	35.0310447899	20.6156893872	99.9025756652
179	1	37.2146785119	21.7480255295	99.8758246188
180	1	4.3697031092	2.2608495089	99.8756730749
181	1	7.2062631543	2.1319081586	99.9040524213
182	1	6.5535672047	3.3934409219	99.9020427932
183	1	9.3894335947	3.2672749279	99.9324450415
184	1	8.7362541184	4.5286055767	99.9305159537
185	1	11.5718530470	4.4053855189	99.9537174062
186	1	10.9177098378	5.6662125730	99.9520571342
187	1	13.7543508638	5.5444860606	99.9625376829
188	1	13.0987826595	6.8044941407	99.9616920770
189	1	15.9376440925	6.6826135540	99.9607426009
190	1	15.2805360645	7.9416311733	99.9616919191
191	1	18.1216899738	7.8188255606	99.9537169091
192	1	17.4633171490	9.0769491076	99.9572051876
193	1	20.3060803165	8.9528872289	99.9467666022
194	1	19.6469503101	10.2104241630	99.9527692675
195	1	22.4903112878	10.0854077355	99.9439618053
196	1	21.8310214457	11.3428556155	99.9518731377
197	1	24.6737284313	11.2177747920	99.9465731632
198	1	24.0148580611	12.4756912558	99.9552962819
199	1	26.8557080842	12.3511049974	99.9525890280
200	1	26.1978161646	13.6098761299	99.9606345654
201	1	29.0360536110	13.4859049369	99.9580736085
202	1	28.3795896650	14.7457086471	99.9640491691
203	1	31.2151234596	14.6222584898	99.9577362106
204	1	30.5601771487	15.8830363092	99.9606342351
205	1	33.3938414871	15.7591881766	99.9465726040
206	1	32.7400597929	17.0206103792	99.9457988088
207	1	34.9204345363	18.1565031031	99.9204584243
208	1	10.8080140906	3.2074460329	99.9437291261
209	1	13.6453369753	3.0861908575	99.9573119138
210	1	12.9906064123	4.3464912611	99.9572054572
211	1	15.8292074628	4.2255269765	99.9550532915
212	1	15.1733432579	5.4851349567	99.9585323670
213	1	18.0136900058	5.3629775233	99.9444825544
214	1	17.3568533181	6.6219074114	99.9520566122
215	1	20.1985324070	6.4978500376	99.9324442622
216	1	19.5410554767	7.7562912201	99.9437285577
217	1	22.3832694805	7.6305271801	99.9248470991
218	1	21.7255406212	8.8887865897	99.9386821021
219	1	24.5673851125	8.7622420626	99.9247054788
220	1	23.9097626640	10.0207156456	99.9396147007
221	1	26.7502339316	9.8942166600	99.9316863386
222	1	26.0930429408	11.1532552371	99.9457995262
223	1	28.9312141578	11.0273136673	99.9426840618
224	1	28.2748251867	12.2871424854	99.9539561641
225	1	31.1102888030	12.1620822449	99.9522658610
226	1	30.4549817957	13.4227799267	99.9590808030
227	1	32.6338890954	14.5596314614	99.9552959234
228	1	15.0641231766	3.0282529891	99.9539162404
229	1	17.9034167457	2.9064257306	99.9356483663
230	1	17.2481722413	4.1662382797	99.9443356287
231	1	20.0883341766	4.0419702842	99.9178155752
232	1	19.4327777797	5.3015146981	99.9305150927
233	1	22.2733740933	5.1748522067	99.9040516134
234	1	21.6177006310	6.4342734308	99.9194814573
235	1	24.4581083739	6.3062156255	99.8989573233
236	1	23.8024851147	7.5657197202	99.9157740588
237	1	26.6420288863	7.4372401233	99.9037039607
238	1	25.9865676494	8.6970488643	99.9204593545
239	1	28.8244794053	8.5688579133	99.9168747222
240	1	28.1692914276	9.8291507469	99.9317004122
241	1	30.3501129559	10.9628610238	99.9450174915
242	1	19.3222080462	2.8456967121	99.9197081046
243	1	22.1612504415	2.7184130548	99.8888514745
244	1	21.5072026768	3.9788345458	99.9020418576
245	1	24.3462944477	3.8496830880	99.8776915368
246	1	23.6923148887	5.1101396604	99.8920917053
247	1	26.5309711824	4.9801852751	99.8775962029
248	1	25.8770890027	6.2407922115	99.8923529248
249	1	28.7147755483	6.1108013170	99.8885241792
250	1	28.0609803320	7.3716643920	99.9025767382
251	1	23.5799876761	2.6538483333	99.8756723389
252	1	26.4180370118	2.5230663009	99.8599887130
253	1	25.7651009763	3.7842184752	99.8699614313
254	1	27.9497954590	4.9144139667	99.8758254593
255	2	40.1654891111	23.9427932180	3.4461709140
256	2	28.3751064335	1.2615568259	3.4461706240
257	2	38.2076868123	20.1589629575	3.4223089324
258	2	12.5566374127	21.4855797689	3.4400116238
259	2	39.5130750301	22.6813086238	3.4420583175
260	2	14.6277708670	22.8129466845	3.4461707954
261	2	27.7227892775	0.0000039425	3.4482549668
262	2	2.8374148340	0.1315859927	3.4400110569
263	2	2.0710242357	1.3273221021	3.4420401374
264	2	4.9088750763	1.4579494050	3.4224034717
265	2	34.1674731544	15.0557587640	3.3532337196
266	2	36.2446621826	16.3781188304	3.3751534881
267	2	35.4790932428	17.5743725387	3.3805190796
268	2	10.5967090763	17.7024304148	3.4010433560
269	2	37.5537073659	18.8985063303	3.4079088704
270	2	12.6695717621	19.0284607797	3.4224044187
271	2	11.9037014700	20.2244275333	3.4300390556
272	2	14.7412921199	20.3555071424	3.4340144177
273	2	13.9753705297	21.5514254142	3.4420405935
274	2	16.8124590970	21.6827580410	3.4339562977
275	2	16.0464556344	22.8786817208	3.4420579166
276	2	18.8835651379	23.0093550920	3.4223080340
277	2	4.2560726432	0.1967028786	3.4300382359
278	2	7.0936824476	0.3258126778	3.4010422042
279	2	6.3275337920	1.5219742731	3.4076466747
280	2	9.1660252429	1.6484623591	3.3752941076
281	2	32.1935212708	11.2797488981	3.3500450135
282	2	34.2727958815	12.6014034794	3.3464126748
283	2	33.5083432643	13.7982217780	3.3472308622
284	2	8.6289123459	13.9232382524	3.3560386221
285	2	35.5869334515	15.1198593527	3.3613183782
286	2	10.7059860430	15.2464039553	3.3752952167
287	2	9.9410859478	16.4429262513	3.3842266341
288	2	12.7806296880	16.5714059304	3.3962968221
289	2	12.0156897039	17.7678537975	3.4076478000
290	2	14.8533762292	17.8978447657	3.4114765489
291	2	14.0883960485	19.0942320572	3.4241751724
292	2	16.9250984494	19.2248170695	3.4167374058
293	2	16.1600084943	20.4211775235	3.4300474380
294	2	18.9963786529	20.5514163871	3.4111480203
295	2	18.2310953578	21.7477965438	3.4243272340
296	2	21.0676554185	21.8767379388	3.3959478433
297	2	20.3021423360	23.0732204467	3.4079078044
298	2	23.1393845295	23.1997476269	3.3751524187
299	2	8.5122565911	0.3877782919	3.3842254717
300	2	11.3504572408	0.5112464344	3.3560378978
301	2	10.5847065572	1.7081813665	3.3603849722
302	2	13.4234670895	1.8293576197	3.3460566293
303	2	30.2231808825	7.5012903953	3.3912294536
304	2	32.2993377148	8.8251921881	3.3684616825
305	2	31.5347677329	10.0219033577	3.3610555625
306	2	6.6548122063	10.1474357055	3.3512711805
307	2	33.6130848665	11.3441925968	3.3483975284
308	2	8.7339252703	11.4689033707	3.3460567708
309	2	7.9696226111	12.6657903310	3.3481270816
310	2	10.8123295782	12.7908712206	3.3534273086
311	2	10.0483637281	13.9879303161	3.3603858751
312	2	12.8888349564	14.1144293904	3.3683143702
313	2	12.1251685773	15.3115971297	3.3795414230
314	2	14.9630803104	15.4397881733	3.3831260642
315	2	14.1995811228	16.6369816347	3.3974240681
316	2	17.0356816370	16.7662005714	3.3916742840
317	2	16.2721672558	17.9633786717	3.4077494758
318	2	19.1075015309	18.0926003305	3.3912299812
319	2	18.3437718733	19.2897733761	3.4078841237
320	2	21.1790709243	19.4179968103	3.3821838722
321	2	20.4149595426	20.6152051337	3.3979576001
322	2	23.2508259766	20.7413711803	3.3675552429
323	2	22.4861829208	21.9386186441	3.3805180256
324	2	25.3231764942	22.0620290323	3.3532330748
325	2	24.5579335758	23.2592674014	3.3613175237
326	2	27.3960491476	23.3804186986	3.3464125799
327	2	12.7690839455	0.5690086105	3.3481267364
328	2	15.6074482144	0.6895266793	3.3512716927
329	2	14.8421405197	1.8868574856	3.3462851916
330	2	17.6796077611	2.0086259930	3.3657744798
331	2	28.2615343615	3.7186466250	3.4339560830
332	2	30.3338539765	5.0451655704	3.4167368033
333	2	29.5682634273	6.2412945988	3.4078836453
334	2	4.6849948869	6.3702415167	3.3916734604
335	2	31.6423099080	7.5664910502	3.3843274754
336	2	6.7611058965	7.6933431868	3.3657735622
337	2	5.9959393277	8.8897983427	3.3609713086
338	2	8.8389210403	9.0147034874	3.3477340349
339	2	8.0743849609	10.2115461832	3.3462849220
340	2	10.9170786986	10.3355811224	3.3422637038
341	2	10.1534592949	11.5329547100	3.3447039849
342	2	12.9943093133	11.6575410480	3.3474113869
343	2	12.2316440840	12.8553907659	3.3542010478
344	2	15.0698152846	12.9813324285	3.3573165275
345	2	14.3078924576	14.1794952914	3.3683003324
346	2	17.1434659212	14.3066848267	3.3657743202
347	2	16.3819365750	15.5049981336	3.3799061261
348	2	19.2159558035	15.6326448325	3.3684622553
349	2	18.4544025216	16.8309981492	3.3843281641
350	2	21.2881192819	16.9580304547	3.3643511744
351	2	20.5261307872	18.1563752891	3.3802913764
352	2	23.3604188134	18.2818058363	3.3555170252
353	2	22.5976465830	19.4800405027	3.3694844105
354	2	25.4332455322	19.6032606002	3.3462828023
355	2	24.6694064576	20.8012000290	3.3562710701
356	2	27.5067293666	20.9224552345	3.3426882195
357	2	26.7418004292	22.1199741646	3.3472305842
358	2	29.5802729320	22.2405413167	3.3500455656
359	2	28.8146812089	23.4376975806	3.3483978562
360	2	31.6530731303	23.5594594269	3.3684626959
361	2	17.0260305621	0.7477447150	3.3609721590
362	2	19.8635029593	0.8722120337	3.3916745978
363	2	19.0981422123	2.0689731188	3.3799062616
364	2	27.6088358250	2.4573063085	3.4420578649
365	2	2.7237590022	2.5885887615	3.4340138141
366	2	29.6803204067	3.7843979948	3.4300469507
367	2	4.7961150190	3.9144875325	3.4114756140
368	2	4.0299654344	5.1104296592	3.4077486499
369	2	6.8700024211	5.2385222122	3.3831250341
370	2	6.1041007972	6.4346827799	3.3799051915
371	2	8.9457200571	6.5601851068	3.3573157393
372	2	8.1804530273	7.7567612041	3.3549823473
373	2	11.0225027096	7.8802744154	3.3419262821
374	2	10.2583707536	9.0775397900	3.3409190832
375	2	13.0990770356	9.2006975664	3.3382508338
376	2	12.3364174736	10.3987698801	3.3393656697
377	2	15.1746549010	10.5227411522	3.3419266415
378	2	14.4134264088	11.7215035671	3.3460442853
379	2	17.2488900169	11.8465638958	3.3477344675
380	2	16.4887140829	13.0457850674	3.3549830677
381	2	19.3219192139	13.1716915552	3.3512715313
382	2	18.5622097414	14.3711109094	3.3609719282
383	2	21.3945725250	14.4970061520	3.3500452164
384	2	20.6346230814	15.6964262258	3.3610559789
385	2	23.4675990945	15.8212631233	3.3449464531
386	2	22.7067711945	17.0204783320	3.3556639916
387	2	25.5412800949	17.1437153335	3.3392572109
388	2	24.7791024194	18.3424335170	3.3479430909
389	2	27.6157434467	18.4641600437	3.3374624419
390	2	26.8519988971	19.6621547913	3.3427946786
391	2	29.6905999321	19.7831190916	3.3449468701
392	2	28.9255155537	20.9803930430	3.3460838648
393	2	31.7648090927	21.1022203316	3.3643518250
394	2	30.9989759034	22.2989667803	3.3610564408
395	2	33.8376841500	22.4234058176	3.3912306392
396	2	33.0716541696	23.6198072602	3.3843286276
397	2	35.9094140579	23.7473140008	3.4167378301
398	2	21.2820467760	0.9348458414	3.4077497214
399	2	24.1191282433	1.0645583667	3.4340144813
400	2	4.1425033276	2.6538016102	3.4241743178
401	2	6.9812180245	2.7826556372	3.3962956713
402	2	6.2149520497	3.9787157849	3.3974229734
403	2	9.0549195039	4.1048522492	3.3683133482
404	2	8.2890420147	5.3012591616	3.3682993159
405	2	11.1299100031	5.4246397540	3.3474108021
406	2	10.3649583090	6.6216499614	3.3460436630
407	2	13.2052149363	6.7437929362	3.3382507126
408	2	12.4417566720	7.9416618004	3.3359507650
409	2	15.2798877106	8.0641633601	3.3382508630
410	2	14.5181910245	9.2629374216	3.3359509468
411	2	17.3537247976	9.3863876477	3.3422637746
412	2	16.5935830916	10.5858661731	3.3409194024
413	2	19.4267873008	10.7103929221	3.3460567770
414	2	18.6676542375	11.9102502169	3.3462852319
415	2	21.4995217072	12.0354741756	3.3464125544
416	2	20.7406006776	13.2354061204	3.3483977166
417	2	23.5728404063	13.3603076938	3.3426880594
418	2	22.8132716349	14.5600436570	3.3460835870
419	2	25.6472794787	14.6838641517	3.3374622783
420	2	24.8863837033	15.8830720610	3.3414674788
421	2	27.7227889317	16.0057654473	3.3347027607
422	2	26.9601753473	17.2041519171	3.3383080040
423	2	29.7990367615	17.3260325076	3.3392575227
424	2	29.0347358384	18.5235110654	3.3414677549
425	2	31.8750825446	18.6456685170	3.3555177157
426	2	31.1095647010	19.8424077216	3.3556645670
427	2	33.9497265885	19.9666757547	3.3821847702
428	2	33.1836003814	21.1629493019	3.3802921133
429	2	36.0226427300	21.2902330039	3.4111488250
430	2	35.2563312632	22.4862285778	3.4078847541
431	2	38.0943729815	22.6158920251	3.4339568020
432	2	37.3280375589	23.8117210946	3.4300477682
433	2	25.5377846181	1.1299067664	3.4420405413
434	2	8.3999750249	2.8449138896	3.3795402623
435	2	11.2394071899	2.9683247430	3.3534265978
436	2	10.4738743621	4.1652274091	3.3542002193
437	2	13.3133761758	4.2866851086	3.3422635477
438	2	12.5489837364	5.4842741830	3.3393653623
439	2	15.3870220606	5.6056383110	3.3419265557
440	2	14.6242320692	6.8040546235	3.3359508724
441	2	17.4599603387	6.9264731048	3.3474112751
442	2	16.6987785452	8.1256098002	3.3393656706
443	2	19.5324428640	8.2494579796	3.3534270638
444	2	18.7724904449	9.4490146750	3.3447039488
445	2	21.6048100291	9.5741692785	3.3560381970
446	2	20.8454731233	10.7738549460	3.3481269308
447	2	23.6777170629	10.8995085908	3.3532331519
448	2	22.9182230675	12.0991003640	3.3472305913
449	2	25.7520384838	12.2242153046	3.3462827328
450	2	24.9916578558	13.4234446147	3.3427945758
451	2	27.8280499138	13.5475484979	3.3392571525
452	2	27.0662625799	14.7461294969	3.3383079386
453	2	29.9053438622	14.8692721414	3.3374624410
454	2	29.1419288454	16.0670148410	3.3383081045
455	2	31.9830827310	16.1898204639	3.3462832962
456	2	31.2182459850	17.3867385700	3.3479435884
457	2	34.0599250228	17.5107959814	3.3675561677
458	2	33.2941703169	18.7071312794	3.3694852619
459	2	36.1347665667	18.8337938243	3.3959489083
460	2	35.3685950737	20.0298114453	3.3979585377
461	2	37.4413799586	21.3547976867	3.4243279772
462	2	12.6582299885	3.0266844783	3.3447036229
463	2	15.4963685936	3.1473865338	3.3477344457
464	2	14.7322258940	4.3452479029	3.3409192694
465	2	17.5686442682	4.4671364239	3.3573164655
466	2	16.8057950146	5.6655003524	3.3460441892
467	2	19.6404251088	5.7893723737	3.3683141133
468	2	18.8786612265	6.9880357337	3.3542008402
469	2	21.7121682594	7.1137877408	3.3752946970
470	2	20.9511093676	8.3125422710	3.3603854842
471	2	23.7843199033	8.4394300282	3.3751527158
472	2	23.0234996882	9.6381695975	3.3613177984
473	2	25.8576156441	9.7651292873	3.3675552516
474	2	25.0965120200	10.9637415703	3.3562711035
475	2	27.9328653484	11.0898220496	3.3555168731
476	2	27.1710183404	12.2881242205	3.3479430033
477	2	30.0101677274	12.4129141471	3.3449463628
478	2	29.2472472349	13.6107131406	3.3414674687
479	2	32.0887969831	13.7345334094	3.3426882591
480	2	31.3247100160	14.9316968592	3.3427948640
481	2	33.4024482232	16.2523547341	3.3562717802
482	2	16.9150125562	3.2061076419	3.3549830738
483	2	19.7510967829	3.3303437056	3.3831260311
484	2	18.9872451456	4.5278995481	3.3683002032
485	2	21.8223317548	4.6545925778	3.3962964773
486	2	21.0590359909	5.8521429971	3.3795410410
487	2	23.8937879253	5.9804110691	3.4010426739
488	2	23.1308369932	7.1779494883	3.3842259715
489	2	25.9659445558	7.3067648072	3.3959479340
490	2	25.2030904634	8.5043052878	3.3805181844
491	2	28.0395690796	8.6326239535	3.3821836481
492	2	27.2765497782	9.8301246121	3.3694842889
493	2	30.1154382880	9.9570456415	3.3643508293
494	2	29.3520308139	11.1544102718	3.3556637749
495	2	31.4295795638	12.4768595974	3.3460835251
496	2	21.9346881742	2.1963219013	3.4114765605
497	2	21.1696463128	3.3929566723	3.3974239379
498	2	24.0057325576	3.5222440529	3.4224040579
499	2	23.2409559778	4.7188260949	3.4076473311
500	2	26.0771145162	4.8489786093	3.4223081996
501	2	25.3125168643	6.0455697689	3.4079080678
502	2	28.1493451090	6.1756472279	3.4111477804
503	2	27.3848119289	7.3722799322	3.3979574751
504	2	29.4586354545	8.6979718833	3.3802909847
505	2	23.3532800799	2.2606205168	3.4241750739
506	2	26.1901271053	2.3914885254	3.4400112883
507	2	25.4244052743	3.5875237813	3.4300385763
508	2	27.4958911789	4.9147024143	3.4243271374
