S1 -0.0990990646 1.0090090367 0.1394225974
S2 -0.0990990646 1.0090090367 0.2385956428
S1 0.0090090379 1.0900901211 0.1394225974
S2 0.0090090379 1.0900901211 0.2385956428
S1 -0.1261260927 0.7387387581 0.1394225974
S2 -0.1261260927 0.7387387581 0.2385956428
S1 -0.0180179903 0.8198198425 0.1394225974
S2 -0.0180179903 0.8198198425 0.2385956428
Mo -0.1081080923 0.9189189455 0.1890091201
S1 0.0900901122 0.9009009269 0.1394225974
S2 0.0900901122 0.9009009269 0.2385956428
Mo 0.0000000101 1.0000000299 0.1890091201
S1 0.1981982146 0.9819820113 0.1394225974
S2 0.1981982146 0.9819820113 0.2385956428
Mo 0.1081081677 1.0810811093 0.1890091201
S1 0.3063063171 1.0630630957 0.1394225974
S2 0.3063063171 1.0630630957 0.2385956428
Mo 0.2162162701 1.1621621937 0.1890091201
S1 0.4144144746 1.1441441751 0.1394225974
S2 0.4144144746 1.1441441751 0.2385956428
S1 -0.1531531209 0.4684684796 0.1394225974
S2 -0.1531531209 0.4684684796 0.2385956428
S1 -0.0450450184 0.5495495640 0.1394225974
S2 -0.0450450184 0.5495495640 0.2385956428
Mo -0.1351351205 0.6486486670 0.1890091201
S1 0.0630630840 0.6306306484 0.1394225974
S2 0.0630630840 0.6306306484 0.2385956428
Mo -0.0270270180 0.7297297514 0.1890091201
S1 0.1711711865 0.7117117328 0.1394225974
S2 0.1711711865 0.7117117328 0.2385956428
Mo 0.0810810844 0.8108108358 0.1890091201
S1 0.2792792889 0.7927928172 0.1394225974
S2 0.2792792889 0.7927928172 0.2385956428
Mo 0.1891892420 0.8918919151 0.1890091201
S1 0.3873873914 0.8738739016 0.1394225974
S2 0.3873873914 0.8738739016 0.2385956428
Mo 0.2972973444 0.9729729995 0.1890091201
S1 0.4954955489 0.9549549810 0.1394225974
S2 0.4954955489 0.9549549810 0.2385956428
Mo 0.4054054469 1.0540540840 0.1890091201
S1 0.6036036514 1.0360360654 0.1394225974
S2 0.6036036514 1.0360360654 0.2385956428
Mo 0.5135135493 1.1351351684 0.1890091201
S1 0.7117117538 1.1171171498 0.1394225974
S2 0.7117117538 1.1171171498 0.2385956428
S1 -0.0720720466 0.2792792854 0.1394225974
S2 -0.0720720466 0.2792792854 0.2385956428
Mo -0.1621621486 0.3783783884 0.1890091201
S1 0.0360360559 0.3603603698 0.1394225974
S2 0.0360360559 0.3603603698 0.2385956428
Mo -0.0540540462 0.4594594728 0.1890091201
S1 0.1441441583 0.4414414542 0.1394225974
S2 0.1441441583 0.4414414542 0.2385956428
Mo 0.0540540563 0.5405405572 0.1890091201
S1 0.2522522608 0.5225225386 0.1394225974
S2 0.2522522608 0.5225225386 0.2385956428
Mo 0.1621621587 0.6216216416 0.1890091201
S1 0.3603603632 0.6036036230 0.1394225974
S2 0.3603603632 0.6036036230 0.2385956428
Mo 0.2702703163 0.7027027210 0.1890091201
S1 0.4684684657 0.6846847074 0.1394225974
S2 0.4684684657 0.6846847074 0.2385956428
Mo 0.3783784187 0.7837838054 0.1890091201
S1 0.5765766232 0.7657657868 0.1394225974
S2 0.5765766232 0.7657657868 0.2385956428
Mo 0.4864865212 0.8648648898 0.1890091201
S1 0.6846847257 0.8468468712 0.1394225974
S2 0.6846847257 0.8468468712 0.2385956428
Mo 0.5945946236 0.9459459742 0.1890091201
S1 0.7927928281 0.9279279556 0.1394225974
S2 0.7927928281 0.9279279556 0.2385956428
Mo 0.7027027261 1.0270270586 0.1890091201
Mo 0.8108108285 1.1081081430 0.1890091201
Mo -0.0810810743 0.1891891942 0.1890091201
S1 0.1171171302 0.1711711756 0.1394225974
S2 0.1171171302 0.1711711756 0.2385956428
Mo 0.0270270281 0.2702702786 0.1890091201
S1 0.2252252326 0.2522522600 0.1394225974
S2 0.2252252326 0.2522522600 0.2385956428
Mo 0.1351351306 0.3513513630 0.1890091201
S1 0.3333333351 0.3333333444 0.1394225974
S2 0.3333333351 0.3333333444 0.2385956428
Mo 0.2432432331 0.4324324474 0.1890091201
S1 0.4414414376 0.4144144288 0.1394225974
S2 0.4414414376 0.4144144288 0.2385956428
Mo 0.3513513906 0.5135135268 0.1890091201
S1 0.5495495400 0.4954955132 0.1394225974
S2 0.5495495400 0.4954955132 0.2385956428
Mo 0.4594594930 0.5945946112 0.1890091201
S1 0.6576576975 0.5765765926 0.1394225974
S2 0.6576576975 0.5765765926 0.2385956428
Mo 0.5675675955 0.6756756956 0.1890091201
S1 0.7657658000 0.6576576770 0.1394225974
S2 0.7657658000 0.6576576770 0.2385956428
Mo 0.6756756979 0.7567567800 0.1890091201
Mo 0.7837838004 0.8378378644 0.1890091201
Mo 0.3243243074 0.2432432532 0.1890091201
S1 0.5225225119 0.2252252346 0.1394225974
S2 0.5225225119 0.2252252346 0.2385956428
Mo 0.4324324649 0.3243243326 0.1890091201
S1 0.6306306143 0.3063063190 0.1394225974
S2 0.6306306143 0.3063063190 0.2385956428
Mo 0.5405405673 0.4054054170 0.1890091201
S1 0.7387387718 0.3873873984 0.1394225974
S2 0.7387387718 0.3873873984 0.2385956428
Mo 0.6486486698 0.4864865014 0.1890091201
Mo 0.7567567723 0.5675675858 0.1890091201
Mo 0.6216216417 0.2162162228 0.1890091201
S1 0.8198198462 0.1981982042 0.1394225974
S2 0.8198198462 0.1981982042 0.2385956428
Mo 0.7297297441 0.2972973072 0.1890091201
S1 -0.0900903844 0.9909911506 0.3287679177
S2 -0.0900903844 0.9909911506 0.4279409631
S1 -0.0090093578 1.0990993208 0.3287679177
S2 -0.0090093578 1.0990993208 0.4279409631
S1 -0.1441443417 0.5855856685 0.3287679177
S2 -0.1441443417 0.5855856685 0.4279409631
S1 -0.0630633151 0.6936938388 0.3287679177
S2 -0.0630633151 0.6936938388 0.4279409631
Mo -0.1621623966 0.7837838966 0.3783544404
S1 0.0180177375 0.8018019483 0.3287679177
S2 0.0180177375 0.8018019483 0.4279409631
Mo -0.0810813700 0.8918920669 0.3783544404
S1 0.0990987641 0.9099101185 0.3287679177
S2 0.0990987641 0.9099101185 0.4279409631
Mo -0.0000003434 1.0000002371 0.3783544404
S1 0.1801797907 1.0180182888 0.3287679177
S2 0.1801797907 1.0180182888 0.4279409631
Mo 0.0810807093 1.1081083467 0.3783544404
S1 0.2612608173 1.1261264590 0.3287679177
S2 0.2612608173 1.1261264590 0.4279409631
S1 -0.1171171914 0.2882882910 0.3287679177
S2 -0.1171171914 0.2882882910 0.4279409631
S1 -0.0360361648 0.3963964612 0.3287679177
S2 -0.0360361648 0.3963964612 0.4279409631
Mo -0.1351352462 0.4864865191 0.3783544404
S1 0.0450448618 0.5045046315 0.3287679177
S2 0.0450448618 0.5045046315 0.4279409631
Mo -0.0540542196 0.5945946893 0.3783544404
S1 0.1261258885 0.6126128017 0.3287679177
S2 0.1261258885 0.6126128017 0.4279409631
Mo 0.0270268070 0.7027028596 0.3783544404
S1 0.2072069151 0.7207209720 0.3287679177
S2 0.2072069151 0.7207209720 0.4279409631
Mo 0.1081078336 0.8108110298 0.3783544404
S1 0.2882879677 0.8288290815 0.3287679177
S2 0.2882879677 0.8288290815 0.4279409631
Mo 0.1891888602 0.9189192001 0.3783544404
S1 0.3693689943 0.9369372517 0.3287679177
S2 0.3693689943 0.9369372517 0.4279409631
Mo 0.2702699129 1.0270273096 0.3783544404
S1 0.4504500209 1.0450454220 0.3287679177
S2 0.4504500209 1.0450454220 0.4279409631
Mo 0.3513509395 1.1351354798 0.3783544404
S1 0.5315310475 1.1531535922 0.3287679177
S2 0.5315310475 1.1531535922 0.4279409631
Mo -0.1081081770 0.1891892073 0.3783544404
S1 0.0720720122 0.2072072539 0.3287679177
S2 0.0720720122 0.2072072539 0.4279409631
Mo -0.0270271504 0.2972973775 0.3783544404
S1 0.1531530388 0.3153154242 0.3287679177
S2 0.1531530388 0.3153154242 0.4279409631
Mo 0.0540539023 0.4054054871 0.3783544404
S1 0.2342340654 0.4234235944 0.3287679177
S2 0.2342340654 0.4234235944 0.4279409631
Mo 0.1351349289 0.5135136573 0.3783544404
S1 0.3153150920 0.5315317647 0.3287679177
S2 0.3153150920 0.5315317647 0.4279409631
Mo 0.2162159555 0.6216218275 0.3783544404
S1 0.3963961186 0.6396399349 0.3287679177
S2 0.3963961186 0.6396399349 0.4279409631
Mo 0.2972969821 0.7297299978 0.3783544404
S1 0.4774771452 0.7477481052 0.3287679177
S2 0.4774771452 0.7477481052 0.4279409631
Mo 0.3783780087 0.8378381680 0.3783544404
S1 0.5585581979 0.8558562147 0.3287679177
S2 0.5585581979 0.8558562147 0.4279409631
Mo 0.4594590353 0.9459463383 0.3783544404
S1 0.6396392245 0.9639643849 0.3287679177
S2 0.6396392245 0.9639643849 0.4279409631
Mo 0.5405400880 1.0540544478 0.3783544404
S1 0.7207202511 1.0720725552 0.3287679177
S2 0.7207202511 1.0720725552 0.4279409631
Mo 0.6216211146 1.1621626180 0.3783544404
Mo 0.1621620532 0.2162163405 0.3783544404
S1 0.3423421873 0.2342343921 0.3287679177
S2 0.3423421873 0.2342343921 0.4279409631
Mo 0.2432430798 0.3243245107 0.3783544404
S1 0.4234232139 0.3423425624 0.3287679177
S2 0.4234232139 0.3423425624 0.4279409631
Mo 0.3243241325 0.4324326203 0.3783544404
S1 0.5045042405 0.4504507326 0.3287679177
S2 0.5045042405 0.4504507326 0.4279409631
Mo 0.4054051591 0.5405407905 0.3783544404
S1 0.5855852671 0.5585589029 0.3287679177
S2 0.5855852671 0.5585589029 0.4279409631
Mo 0.4864861857 0.6486489607 0.3783544404
S1 0.6666662937 0.6666670731 0.3287679177
S2 0.6666662937 0.6666670731 0.4279409631
Mo 0.5675672123 0.7567571310 0.3783544404
S1 0.7477473464 0.7747751826 0.3287679177
S2 0.7477473464 0.7747751826 0.4279409631
Mo 0.6486482389 0.8648653012 0.3783544404
S1 0.8288283730 0.8828833529 0.3287679177
S2 0.8288283730 0.8828833529 0.4279409631
Mo 0.7297292655 0.9729734715 0.3783544404
Mo 0.8108103181 1.0810815810 0.3783544404
Mo 0.4324322834 0.2432434737 0.3783544404
S1 0.6126124175 0.2612615253 0.3287679177
S2 0.6126124175 0.2612615253 0.4279409631
Mo 0.5135133360 0.3513515832 0.3783544404
S1 0.6936934441 0.3693696956 0.3287679177
S2 0.6936934441 0.3693696956 0.4279409631
Mo 0.5945943626 0.4594597534 0.3783544404
S1 0.7747744707 0.4774778658 0.3287679177
S2 0.7747744707 0.4774778658 0.4279409631
Mo 0.6756753893 0.5675679237 0.3783544404
Mo 0.7567564159 0.6756760939 0.3783544404
S1 0.8018016211 0.1801804883 0.3287679177
S2 0.8018016211 0.1801804883 0.4279409631
Mo 0.7027024585 0.2702706119 0.3783544404
Mo 0.7837835111 0.3783787214 0.3783544404
