natom :
222

Moire lattice vectors (in Angstrom)
a1 :
18.9538879983 0.0000000000 0.0000000000
a3 :
0.0000000000 0.0000000000 100.0000000000
a2 :
9.4769430349 16.4145490637 0.0000000000

type    Mass
1	95.9400000000
2	32.0660000000
3	32.0660000000
4	95.9400000000
5	32.0660000000
6	32.0660000000

Atomic positions (in Angstrom)
id    type    x    y    z
1	2	17.1489111117	0.1628831587	4.0527849162
2	3	17.1735869241	0.1661030605	7.1663476672
3	2	1.0435504736	1.4817157228	4.0527854003
4	3	1.0340009890	1.4587351923	7.1663481802
5	2	23.5324289843	12.1325778839	4.1207851185
6	3	23.5580530988	12.1589510860	7.2389737446
7	2	26.3495971080	13.4539595671	4.0746701952
8	3	26.3653768258	13.4892370473	7.1896988090
9	1	25.6027278052	15.1047766798	5.6245993860
10	2	10.2383724771	14.7699512348	4.0527850573
11	3	10.2232453681	14.7897109018	7.1663478154
12	1	0.0000008976	0.0000001490	5.5999807621
13	2	13.0815073111	16.0924420251	4.0746709927
14	3	13.0430660387	16.0884687374	7.1896996623
15	1	2.8302385958	1.3103659234	5.6239733809
16	2	6.4241806379	1.0158198670	4.1170554419
17	3	6.3944680314	1.0022162547	7.2355645827
18	1	5.6505367795	2.6399890483	5.6724745984
19	2	9.2253490503	2.3664966977	4.1405530558
20	3	9.2280619977	2.3587850645	7.2612278302
21	2	20.5075271325	7.7056285074	4.1379164133
22	3	20.5092400000	7.6749842105	7.2572251159
23	2	23.3004213637	9.0262682022	4.1401745991
24	3	23.3057634432	9.0261791940	7.2601735433
25	1	22.5339319876	10.6564090832	5.7007535383
26	2	7.1445791896	10.3431363373	4.1170547046
27	3	7.1476545389	10.3756704598	7.2355637849
28	1	25.3357085955	11.9903703593	5.6609350963
29	2	9.9675281541	11.6573223619	4.0915792925
30	3	9.9513344078	11.6989019060	7.2079480983
31	1	9.1966350085	13.3083084918	5.6239726227
32	2	12.8064456894	12.9775578528	4.0933988784
33	3	12.7682678113	13.0041012150	7.2095427398
34	1	12.0252924268	14.6202255261	5.6245999715
35	2	15.6344412948	14.3133939543	4.1207858049
36	3	15.5987897726	14.3223983443	7.2389744829
37	1	14.8559568809	15.9461835224	5.6609359772
38	2	18.4405878074	15.6656243521	4.1401747308
39	3	18.4379946418	15.6702953309	7.2601736826
40	1	8.2020435664	0.8796487833	5.6948758916
41	2	11.7661163903	0.6079995419	4.1260230077
42	3	11.8006157826	0.6132691080	7.2449861669
43	1	11.0200180018	2.2344719464	5.6954455945
44	2	14.5887175263	1.9537557303	4.0915793355
45	3	14.6328231841	1.9469896919	7.2079481491
46	2	20.2656595966	4.6019291096	4.0933992362
47	3	20.2617608775	4.5555943965	7.2095431260
48	1	19.4917599915	6.2081352524	5.6765297367
49	2	4.1204286954	5.9207944116	4.1260235923
50	3	4.1077428192	5.8882827562	7.2449868029
51	1	22.2972359576	7.5357228409	5.6972810497
52	2	6.9137153183	7.2419147680	4.1405529632
53	3	6.9056805539	7.2434217902	7.2612277327
54	1	6.1377201323	8.8715476646	5.6948755110
55	2	9.7183362720	8.5631125031	4.1325878517
56	3	9.7091069781	8.5900933347	7.2525997348
57	1	8.9379729571	10.2010469762	5.6724737950
58	2	12.5442878453	9.8857563346	4.1260231975
59	3	12.5224744419	9.9129986030	7.2449863641
60	1	11.7553291473	11.5208300044	5.6603208549
61	2	15.3733940627	11.2162443507	4.1379163076
62	3	15.3459986698	11.2300831698	7.2572249943
63	1	14.5844106349	12.8446713283	5.6765295406
64	2	18.1840064520	12.5584648795	4.1518709421
65	3	18.1761144259	12.5674141759	7.2720922699
66	1	17.4120896381	14.1867545663	5.7007539205
67	2	20.9807425670	13.9072265137	4.1379158701
68	3	21.0064254032	13.9240322406	7.2572245299
69	1	20.2330310257	15.5421127892	5.6972806512
70	2	23.7895591767	15.2496123086	4.0933983328
71	3	23.8316355058	15.2694032838	7.2095421593
72	1	13.5766111471	0.4737206384	5.6603205827
73	1	16.4039599208	1.7958752928	5.6239728171
74	1	19.2336443404	3.1040965687	5.6246001655
75	2	3.8745877840	2.8034721081	4.0915800681
76	3	3.8466755597	2.7686582649	7.2079489373
77	1	3.0988929292	4.4199993833	5.6603214632
78	2	6.6788476689	4.1347706162	4.1325883622
79	3	6.6600965446	4.1132877927	7.2526002938
80	1	5.9020443836	5.7536984679	5.6954459616
81	2	9.4769442106	5.4715167766	4.1467449174
82	3	9.4769443195	5.4715169857	7.2681472332
83	1	8.7001252570	7.0942079091	5.7037445580
84	2	12.2917683504	6.8061388533	4.1405529016
85	3	12.2970904322	6.8123439448	7.2612276580
86	1	11.5087704730	8.4263799383	5.6954455747
87	2	15.1206545683	8.1372068254	4.1401748029
88	3	15.1179059645	8.1326251984	7.2601737495
89	1	14.3313970169	9.7512637843	5.6972809293
90	2	17.9398238656	9.4685804228	4.1518710729
91	3	17.9360197698	9.4572709669	7.2720924055
92	1	17.1566697229	11.0832680356	5.7122495312
93	2	20.7378332222	10.8020540932	4.1518708011
94	3	20.7495298562	10.8044146723	7.2720921196
95	1	19.9739440610	12.4293525926	5.7122492472
96	1	22.7854935722	13.7762926393	5.6765288771
97	1	8.4600620712	3.9874264762	5.7037447968
98	2	12.0336488997	3.7166671788	4.1325879331
99	3	12.0616294825	3.7111695399	7.2525998255
100	1	11.2706454146	5.3329160447	5.7037445645
101	2	14.8620732450	5.0555940528	4.1170550901
102	3	14.8887105012	5.0366635979	7.2355641959
103	1	14.0910692168	6.6633538879	5.6948757165
104	2	17.6947937561	6.3831274893	4.1207858363
105	3	17.7048212484	6.3477499065	7.2389745091
106	1	16.9156423973	7.9859357817	5.7007540124
107	1	19.7310501901	9.3164789012	5.7122495173
108	1	13.8423233344	3.5735141145	5.6724739959
109	2	17.4305603388	3.2826976299	4.0746707868
110	3	17.4532213877	3.2513927985	7.1896994383
111	1	16.6699988026	4.8925452030	5.6609357640
112	5	26.6505258069	16.2484503256	10.5127003253
113	6	26.6258500540	16.2516708038	13.6262630755
114	5	19.7001860077	1.6248424687	10.5126998163
115	6	19.7153131817	1.6446026916	13.6262625960
116	5	21.7740309941	9.6022097005	10.4178203077
117	6	21.7687085180	9.6084144777	13.5384950694
118	5	24.3656506441	11.3778898996	10.4434842591
119	6	24.3390130121	11.3589594016	13.5619933310
120	4	23.3192630640	12.8410393366	12.0065743225
121	5	7.9762729312	13.1631606428	10.4893491795
122	6	7.9536117581	13.1318561287	13.6043777910
123	4	25.8808991868	14.6186782582	12.0550754926
124	5	10.5109400566	14.9558182195	10.5127001892
125	6	10.5204896251	14.9328382616	13.6262629483
126	4	18.9538847838	0.0000044050	12.0790672358
127	5	3.5661188558	0.3260846590	10.4893483188
128	6	3.6045602194	0.3221119264	13.6043769871
129	4	2.5483451344	1.7943280496	12.0544476998
130	5	6.1218426258	2.0921551179	10.4400732953
131	6	6.1574941481	2.1011597833	13.5582619830
132	5	19.4282750893	4.7156516940	10.4710991595
133	6	19.4444687996	4.7572312751	13.5874680198
134	5	21.9994152828	6.5015549538	10.4340611818
135	6	22.0212283451	6.5287970133	13.5530243881
136	4	20.9857110573	7.9881735055	11.9836020749
137	5	5.6409587250	8.2819283765	10.4188744074
138	6	5.6437068906	8.2773464321	13.5388733481
139	4	23.5680095510	9.7511994693	11.9841724978
140	5	8.2278735970	10.0668037519	10.4400741692
141	6	8.2178458706	10.0314259676	13.5582627963
142	4	7.1930507310	11.5220082427	12.0181128811
143	5	10.7848126834	11.8589593238	10.4695056528
144	6	10.7887114683	11.8126246620	13.5856494918
145	4	9.7566958256	13.3104570190	12.0544484863
146	5	13.3236149556	13.6458954231	10.4710995651
147	6	13.3515273739	13.6110818409	13.5874684009
148	4	12.3071777470	15.1041877208	12.0550749344
149	5	15.8714072120	15.4123373544	10.4434835582
150	6	15.9011199628	15.3987340523	13.5619926849
151	4	5.3790098002	0.4683700964	12.0181119836
152	5	8.9610476165	0.7442582805	10.4188742105
153	6	8.9636408852	0.7489294622	13.5388731620
154	4	7.9351425262	2.2277990612	11.9782938887
155	5	11.5294782062	2.4905215186	10.4218231960
156	6	11.5037955603	2.5073272580	13.5411318711
157	4	18.6735756789	3.1062451558	12.0550747461
158	5	3.2913205694	3.4104521772	10.4695047569
159	6	3.3294983327	3.4369958074	13.5856486524
160	4	21.2322698095	4.8937234905	12.0187265220
161	5	5.8690515708	5.1844703535	10.4218227667
162	6	5.8964467091	5.1983090475	13.5411314736
163	4	4.8544496805	6.6632896075	11.9817668782
164	5	8.4590725737	6.9572828048	10.4069558138
165	6	8.4628765126	6.9459729477	13.5271771336
166	4	7.4386949152	8.4286176745	11.9782943822
167	5	11.0322924804	8.7395697897	10.4218233910
168	6	11.0305797054	8.7089250509	13.5411320580
169	4	10.0148122068	10.2064183657	12.0025189913
170	5	13.5846829290	10.5262713059	10.4340616737
171	6	13.5973690443	10.4937593394	13.5530248491
172	4	12.5758327832	11.9945543384	12.0187271850
173	5	16.1370363568	12.3012661300	10.4264479916
174	6	16.1557876477	12.2797831898	13.5464599013
175	4	15.1274763159	13.7745646574	12.0065737426
176	5	18.7050015290	14.0557686441	10.4178202914
177	6	18.7022886147	14.0480570900	13.5384950528
178	4	17.6789828594	15.5349048771	11.9841721606
179	5	21.2775549642	15.8012844778	10.4340618043
180	6	21.2430556085	15.8065542803	13.5530249591
181	4	10.7560840590	0.8724409065	11.9817671902
182	5	14.3546882661	1.1451503074	10.4695055589
183	6	14.3126120967	1.1649415911	13.5856494021
184	4	13.3085464471	2.6382611480	12.0025187460
185	4	5.1074633686	3.5698821755	12.0025181023
186	5	8.6991672935	3.8471395103	10.4069555617
187	6	8.7070593374	3.8560886954	13.5271768972
188	4	7.6797225018	5.3312855082	11.9667983998
189	5	11.2725825934	5.6101393180	10.4069558232
190	6	11.2608861406	5.6124994875	13.5271771468
191	4	10.2541028964	7.0980747959	11.9667987340
192	5	13.8288160047	7.3883749807	10.4188744004
193	6	13.8234742081	7.3882854454	13.5388733508
194	4	12.8202884688	8.8788309718	11.9817672952
195	5	16.3826209675	9.1711323260	10.4178201738
196	6	16.3906558919	9.1726388621	13.5384949509
197	4	15.3789846195	10.6608553096	11.9836022843
198	5	18.9538845454	10.9430368809	10.4109007647
199	6	18.9538843447	10.9430367829	13.5323030805
200	4	17.9370019836	12.4271271740	11.9753033502
201	5	21.5385693488	12.7033840548	10.4264483612
202	6	21.5105885454	12.6978864126	13.5464602354
203	4	20.4969575524	14.1800816344	11.9836025039
204	5	24.1097625255	14.4675637472	10.4711000844
205	6	24.0656567539	14.4607980493	13.5874688767
206	4	23.0535503280	15.9408329926	12.0187273860
207	4	16.1257806246	1.3097770149	12.0544482848
208	4	10.4969969328	3.9852011447	11.9667985643
209	5	14.0811057440	4.2556028486	10.4400737927
210	6	14.0554819210	4.2819758804	13.5582624547
211	4	13.0569847884	5.7581447690	11.9782942517
212	5	16.6245951616	6.0388835164	10.4434836128
213	6	16.6215199968	6.0714173215	13.5619927411
214	4	15.6146608078	7.5430061575	11.9841722164
215	5	19.1860476510	7.8244605117	10.4264477868
216	6	19.1952768149	7.8514409497	13.5464597101
217	4	18.1770657358	9.3203457333	11.9753032344
218	4	20.7475855790	11.0816374271	11.9753034900
219	5	16.8884294159	2.9253165747	10.4893485857
220	6	16.8726498813	2.9605943018	13.6043772408
221	4	15.8587613539	4.4241834395	12.0181122917
222	4	18.4149136442	6.2135066746	12.0065735395
