C -0.0990990454 1.0090089897 0.0000000000
C 0.0090090265 1.0900900728 0.0000000000
C -0.1261261164 0.7387387274 0.0000000000
C -0.0180179748 0.8198198041 0.0000000000
C -0.1081080691 0.9189189023 0.0000000000
C 0.0900900971 0.9009008872 0.0000000000
C 0.0000000028 0.9999999853 0.0000000000
C 0.1981982387 0.9819819639 0.0000000000
C 0.1081081444 1.0810810620 0.0000000000
C 0.3063063106 1.0630630469 0.0000000000
C 0.2162162163 1.1621621451 0.0000000000
C 0.4144144522 1.1441441237 0.0000000000
C -0.1531531176 0.4684684587 0.0000000000
C -0.0450450458 0.5495495417 0.0000000000
C -0.1351351401 0.6486486399 0.0000000000
C 0.0630630959 0.6306306185 0.0000000000
C -0.0270269984 0.7297297166 0.0000000000
C 0.1711711677 0.7117117015 0.0000000000
C 0.0810810734 0.8108107997 0.0000000000
C 0.2792793093 0.7927927783 0.0000000000
C 0.1891892150 0.8918918764 0.0000000000
C 0.3873873812 0.8738738613 0.0000000000
C 0.2972972869 0.9729729595 0.0000000000
C 0.4954955228 0.9549549380 0.0000000000
C 0.4054054285 1.0540540362 0.0000000000
C 0.6036035947 1.0360360211 0.0000000000
C 0.5135135004 1.1351351193 0.0000000000
C 0.7117117363 1.1171170978 0.0000000000
C -0.0720720470 0.2792792731 0.0000000000
C -0.1621621413 0.3783783712 0.0000000000
C 0.0360360249 0.3603603561 0.0000000000
C -0.0540540694 0.4594594543 0.0000000000
C 0.1441441665 0.4414414329 0.0000000000
C 0.0540540722 0.5405405310 0.0000000000
C 0.2522522384 0.5225225159 0.0000000000
C 0.1621621441 0.6216216141 0.0000000000
C 0.3603603800 0.6036035926 0.0000000000
C 0.2702702857 0.7027026908 0.0000000000
C 0.4684684518 0.6846846757 0.0000000000
C 0.3783783575 0.7837837739 0.0000000000
C 0.5765765935 0.7657657524 0.0000000000
C 0.4864864992 0.8648648506 0.0000000000
C 0.6846846653 0.8468468355 0.0000000000
C 0.5945945710 0.9459459337 0.0000000000
C 0.7927928069 0.9279279122 0.0000000000
C 0.7027027126 1.0270270104 0.0000000000
C 0.8108107845 1.1081080935 0.0000000000
C -0.0810810706 0.1891891856 0.0000000000
C 0.1171170955 0.1711711705 0.0000000000
C 0.0270270012 0.2702702687 0.0000000000
C 0.2252252371 0.2522522472 0.0000000000
C 0.1351351428 0.3513513454 0.0000000000
C 0.3333333090 0.3333333303 0.0000000000
C 0.2432432147 0.4324324285 0.0000000000
C 0.4414414506 0.4144144070 0.0000000000
C 0.3513513563 0.5135135052 0.0000000000
C 0.5495495225 0.4954954901 0.0000000000
C 0.4594594282 0.5945945883 0.0000000000
C 0.6576576641 0.5765765668 0.0000000000
C 0.5675675698 0.6756756650 0.0000000000
C 0.7657657359 0.6576576499 0.0000000000
C 0.6756756416 0.7567567480 0.0000000000
C 0.7837837833 0.8378378248 0.0000000000
C 0.3243242853 0.2432432429 0.0000000000
C 0.5225225212 0.2252252214 0.0000000000
C 0.4324324269 0.3243243196 0.0000000000
C 0.6306305931 0.3063063045 0.0000000000
C 0.5405404988 0.4054054026 0.0000000000
C 0.7387387347 0.3873873812 0.0000000000
C 0.6486486404 0.4864864794 0.0000000000
C 0.7567567123 0.5675675624 0.0000000000
C 0.6216215694 0.2162162170 0.0000000000
C 0.8198198054 0.1981981956 0.0000000000
C 0.7297297111 0.2972972937 0.0000000000
C -0.0900903723 0.9909911283 0.1341463395
C -0.0090093479 1.0990992819 0.1341463395
C -0.1441443101 0.5855856164 0.1341463395
C -0.0630632856 0.6936937699 0.1341463395
C -0.1621623912 0.7837838574 0.1341463395
C 0.0180177388 0.8018019235 0.1341463395
C -0.0810813667 0.8918920110 0.1341463395
C 0.0990987633 0.9099100770 0.1341463395
C -0.0000003422 1.0000001645 0.1341463395
C 0.1801797878 1.0180182305 0.1341463395
C 0.0810806822 1.1081083180 0.1341463395
C 0.2612608122 1.1261263841 0.1341463395
C -0.1171171866 0.2882883286 0.1341463395
C -0.0360361621 0.3963964821 0.1341463395
C -0.1351352347 0.4864864927 0.1341463395
C 0.0450448624 0.5045046356 0.1341463395
C -0.0540542102 0.5945946462 0.1341463395
C 0.1261258868 0.6126127892 0.1341463395
C 0.0270268143 0.7027027998 0.1341463395
C 0.2072069113 0.7207209427 0.1341463395
C 0.1081078387 0.8108109533 0.1341463395
C 0.2882879358 0.8288290962 0.1341463395
C 0.1891888632 0.9189191068 0.1341463395
C 0.3693689602 0.9369372498 0.1341463395
C 0.2702698877 1.0270272604 0.1341463395
C 0.4504499847 1.0450454033 0.1341463395
C 0.3513509121 1.1351354139 0.1341463395
C 0.5315310092 1.1531535569 0.1341463395
C -0.1081081809 0.1891892112 0.1341463395
C 0.0720720188 0.2072072709 0.1341463395
C -0.0270271565 0.2972973647 0.1341463395
C 0.1531530433 0.3153154244 0.1341463395
C 0.0540538680 0.4054055183 0.1341463395
C 0.2342340678 0.4234235780 0.1341463395
C 0.1351348925 0.5135136718 0.1341463395
C 0.3153150922 0.5315317315 0.1341463395
C 0.2162159867 0.6216218190 0.1341463395
C 0.3963961167 0.6396398850 0.1341463395
C 0.2972970112 0.7297299725 0.1341463395
C 0.4774771412 0.7477480386 0.1341463395
C 0.3783780356 0.8378381261 0.1341463395
C 0.5585581656 0.8558561921 0.1341463395
C 0.4594590601 0.9459462796 0.1341463395
C 0.6396391901 0.9639643457 0.1341463395
C 0.5405400846 1.0540544332 0.1341463395
C 0.7207202146 1.0720724992 0.1341463395
C 0.6216211091 1.1621625867 0.1341463395
C 0.1621620489 0.2162163071 0.1341463395
C 0.3423421789 0.2342343731 0.1341463395
C 0.2432430734 0.3243244606 0.1341463395
C 0.4234232034 0.3423425266 0.1341463395
C 0.3243240979 0.4324326142 0.1341463395
C 0.5045042279 0.4504506802 0.1341463395
C 0.4054051223 0.5405407677 0.1341463395
C 0.5855852523 0.5585588337 0.1341463395
C 0.4864861468 0.6486489212 0.1341463395
C 0.6666662768 0.6666669873 0.1341463395
C 0.5675671713 0.7567570748 0.1341463395
C 0.7477473711 0.7747751345 0.1341463395
C 0.6486481958 0.8648652283 0.1341463395
C 0.8288283955 0.8828832880 0.1341463395
C 0.7297292202 0.9729733818 0.1341463395
C 0.8108102447 1.0810815354 0.1341463395
C 0.4324322788 0.2432434029 0.1341463395
C 0.6126123759 0.2612615459 0.1341463395
C 0.5135132703 0.3513516334 0.1341463395
C 0.6936934003 0.3693696994 0.1341463395
C 0.5945942948 0.4594597869 0.1341463395
C 0.7747744248 0.4774778530 0.1341463395
C 0.6756753193 0.5675679405 0.1341463395
C 0.7567563437 0.6756760940 0.1341463395
C 0.8018015813 0.1801804882 0.1341463395
C 0.7027024757 0.2702705757 0.1341463395
C 0.7837835002 0.3783787293 0.1341463395
