natom :
42

Moire lattice vectors (in Angstrom)
a1 :
8.2441607961 0.0000000000 0.0000000000
a3 :
0.0000000000 0.0000000000 100.0000000000
a2 :
4.1220804096 7.1396526756 0.0000000000

type    Mass
1	95.9400000000
2	32.0660000000
3	32.0660000000
4	95.9400000000
5	32.0660000000
6	32.0660000000

Atomic positions (in Angstrom)
id    type    x    y    z
1	2	6.4750194435	0.3427888033	4.0983073115
2	3	6.4801291483	0.3526688120	7.2120466560
3	2	1.1814345524	1.3607273772	4.0983073115
4	3	1.1874360392	1.3513622391	7.2120466560
5	2	4.1220805554	2.3798844199	4.0993424847
6	3	4.1220805551	2.3798844198	7.2221181334
7	2	10.0081244427	4.4213638045	4.1010367014
8	3	10.0080790265	4.4229017154	7.2222986770
9	1	9.4215698365	6.1225394917	5.6607230502
10	2	4.7097876704	5.4361370799	4.0983073112
11	3	4.6986764797	5.4356222092	7.2120466550
12	1	0.0000001538	0.0000001960	5.6534619296
13	2	7.6552464061	6.4566082544	4.1010367013
14	3	7.6539372446	6.4557999672	7.2222986769
15	1	2.9494557956	1.0167429906	5.6584287616
16	1	5.8889080423	2.0459323076	5.6584287617
17	1	8.8356506887	3.0587172266	5.6607230504
18	1	3.5278778281	4.0769779643	5.6584287614
19	2	7.0691120229	3.4013338763	4.1010367015
20	3	7.0704666001	3.4006042527	7.2222986773
21	1	6.4752623468	5.0980492203	5.6607230500
22	5	8.2441609277	4.7597686259	10.4569294957
23	6	8.2441609275	4.7597686256	13.5797051444
24	5	10.6022095259	6.7869842335	10.4670009731
25	6	10.5970998217	6.7968642425	13.5807403176
26	5	8.8207568415	1.7040308359	10.4670009732
27	6	8.8318680324	1.7035159657	13.5807403177
28	4	7.6499581942	3.0626750827	12.0206188674
29	5	2.9483861735	3.7390487925	10.4567489523
30	6	2.9470315956	3.7383191690	13.5780109278
31	4	10.0109884147	5.0937207392	12.0206188676
32	5	5.3095164142	5.7882908068	10.4670009741
33	6	5.3035149277	5.7789256688	13.5807403179
34	4	0.0000001224	0.0000001755	12.0255856996
35	5	3.5318568071	0.6838530784	10.4567489522
36	6	3.5331659689	0.6830447914	13.5780109277
37	4	2.3531819128	2.0416038265	12.0183245790
38	5	5.8859985965	2.7167513310	10.4567489518
39	6	5.8860440125	2.7182892410	13.5780109277
40	4	4.7135702619	4.0809358205	12.0183245791
41	4	7.0715361712	6.1229100565	12.0206188678
42	4	5.2994893993	1.0171135558	12.0183245787
