Superlattice vectors (celldm1_l units):
0.00000000000 -9.73803071364 0.00000000000
14.00000000000 0.00000000000 0.00000000000
Layer 1 points (Angstrom):
P -2.98889966790 -36.11916000000 0.60188965000
P -1.32839966790 -34.56684000000 0.60188965000
P -2.98889966790 -32.71884000000 -0.60188965000
P -1.32839966790 -33.80916000000 -0.60188965000
P -2.98889966790 -31.49916000000 0.60188965000
P -1.32839966790 -29.94684000000 0.60188965000
P -2.98889966790 -28.09884000000 -0.60188965000
P -1.32839966790 -29.18916000000 -0.60188965000
P -2.98889966790 -26.87916000000 0.60188965000
P -1.32839966790 -25.32684000000 0.60188965000
P -2.98889966790 -23.47884000000 -0.60188965000
P -1.32839966790 -24.56916000000 -0.60188965000
P -2.98889966790 -22.25916000000 0.60188965000
P -1.32839966790 -20.70684000000 0.60188965000
P -2.98889966790 -18.85884000000 -0.60188965000
P -1.32839966790 -19.94916000000 -0.60188965000
P -2.98889966790 -17.63916000000 0.60188965000
P -1.32839966790 -16.08684000000 0.60188965000
P -2.98889966790 -14.23884000000 -0.60188965000
P -1.32839966790 -15.32916000000 -0.60188965000
P -2.98889966790 -13.01916000000 0.60188965000
P -1.32839966790 -11.46684000000 0.60188965000
P -2.98889966790 -9.61884000000 -0.60188965000
P -1.32839966790 -10.70916000000 -0.60188965000
P -2.98889966790 -8.39916000000 0.60188965000
P -1.32839966790 -6.84684000000 0.60188965000
P -2.98889966790 -4.99884000000 -0.60188965000
P -1.32839966790 -6.08916000000 -0.60188965000
P 0.33210033210 -36.11916000000 0.60188965000
P 1.99260033210 -34.56684000000 0.60188965000
P 0.33210033210 -32.71884000000 -0.60188965000
P 1.99260033210 -33.80916000000 -0.60188965000
P 0.33210033210 -31.49916000000 0.60188965000
P 1.99260033210 -29.94684000000 0.60188965000
P 0.33210033210 -28.09884000000 -0.60188965000
P 1.99260033210 -29.18916000000 -0.60188965000
P 0.33210033210 -26.87916000000 0.60188965000
P 1.99260033210 -25.32684000000 0.60188965000
P 0.33210033210 -23.47884000000 -0.60188965000
P 1.99260033210 -24.56916000000 -0.60188965000
P 0.33210033210 -22.25916000000 0.60188965000
P 1.99260033210 -20.70684000000 0.60188965000
P 0.33210033210 -18.85884000000 -0.60188965000
P 1.99260033210 -19.94916000000 -0.60188965000
P 0.33210033210 -17.63916000000 0.60188965000
P 1.99260033210 -16.08684000000 0.60188965000
P 0.33210033210 -14.23884000000 -0.60188965000
P 1.99260033210 -15.32916000000 -0.60188965000
P 0.33210033210 -13.01916000000 0.60188965000
P 1.99260033210 -11.46684000000 0.60188965000
P 0.33210033210 -9.61884000000 -0.60188965000
P 1.99260033210 -10.70916000000 -0.60188965000
P 0.33210033210 -8.39916000000 0.60188965000
P 1.99260033210 -6.84684000000 0.60188965000
P 0.33210033210 -4.99884000000 -0.60188965000
P 1.99260033210 -6.08916000000 -0.60188965000
P 3.65310033210 -36.11916000000 0.60188965000
P 5.31360033210 -34.56684000000 0.60188965000
P 3.65310033210 -32.71884000000 -0.60188965000
P 5.31360033210 -33.80916000000 -0.60188965000
P 3.65310033210 -31.49916000000 0.60188965000
P 5.31360033210 -29.94684000000 0.60188965000
P 3.65310033210 -28.09884000000 -0.60188965000
P 5.31360033210 -29.18916000000 -0.60188965000
P 3.65310033210 -26.87916000000 0.60188965000
P 5.31360033210 -25.32684000000 0.60188965000
P 3.65310033210 -23.47884000000 -0.60188965000
P 5.31360033210 -24.56916000000 -0.60188965000
P 3.65310033210 -22.25916000000 0.60188965000
P 5.31360033210 -20.70684000000 0.60188965000
P 3.65310033210 -18.85884000000 -0.60188965000
P 5.31360033210 -19.94916000000 -0.60188965000
P 3.65310033210 -17.63916000000 0.60188965000
P 5.31360033210 -16.08684000000 0.60188965000
P 3.65310033210 -14.23884000000 -0.60188965000
P 5.31360033210 -15.32916000000 -0.60188965000
P 3.65310033210 -13.01916000000 0.60188965000
P 5.31360033210 -11.46684000000 0.60188965000
P 3.65310033210 -9.61884000000 -0.60188965000
P 5.31360033210 -10.70916000000 -0.60188965000
P 3.65310033210 -8.39916000000 0.60188965000
P 5.31360033210 -6.84684000000 0.60188965000
P 3.65310033210 -4.99884000000 -0.60188965000
P 5.31360033210 -6.08916000000 -0.60188965000
P 6.97410033210 -36.11916000000 0.60188965000
P 8.63460033210 -34.56684000000 0.60188965000
P 6.97410033210 -32.71884000000 -0.60188965000
P 8.63460033210 -33.80916000000 -0.60188965000
P 6.97410033210 -31.49916000000 0.60188965000
P 8.63460033210 -29.94684000000 0.60188965000
P 6.97410033210 -28.09884000000 -0.60188965000
P 8.63460033210 -29.18916000000 -0.60188965000
P 6.97410033210 -26.87916000000 0.60188965000
P 8.63460033210 -25.32684000000 0.60188965000
P 6.97410033210 -23.47884000000 -0.60188965000
P 8.63460033210 -24.56916000000 -0.60188965000
P 6.97410033210 -22.25916000000 0.60188965000
P 8.63460033210 -20.70684000000 0.60188965000
P 6.97410033210 -18.85884000000 -0.60188965000
P 8.63460033210 -19.94916000000 -0.60188965000
P 6.97410033210 -17.63916000000 0.60188965000
P 8.63460033210 -16.08684000000 0.60188965000
P 6.97410033210 -14.23884000000 -0.60188965000
P 8.63460033210 -15.32916000000 -0.60188965000
P 6.97410033210 -13.01916000000 0.60188965000
P 8.63460033210 -11.46684000000 0.60188965000
P 6.97410033210 -9.61884000000 -0.60188965000
P 8.63460033210 -10.70916000000 -0.60188965000
P 6.97410033210 -8.39916000000 0.60188965000
P 8.63460033210 -6.84684000000 0.60188965000
P 6.97410033210 -4.99884000000 -0.60188965000
P 8.63460033210 -6.08916000000 -0.60188965000
P 10.29510033210 -36.11916000000 0.60188965000
P 11.95560033210 -34.56684000000 0.60188965000
P 10.29510033210 -32.71884000000 -0.60188965000
P 11.95560033210 -33.80916000000 -0.60188965000
P 10.29510033210 -31.49916000000 0.60188965000
P 11.95560033210 -29.94684000000 0.60188965000
P 10.29510033210 -28.09884000000 -0.60188965000
P 11.95560033210 -29.18916000000 -0.60188965000
P 10.29510033210 -26.87916000000 0.60188965000
P 11.95560033210 -25.32684000000 0.60188965000
P 10.29510033210 -23.47884000000 -0.60188965000
P 11.95560033210 -24.56916000000 -0.60188965000
P 10.29510033210 -22.25916000000 0.60188965000
P 11.95560033210 -20.70684000000 0.60188965000
P 10.29510033210 -18.85884000000 -0.60188965000
P 11.95560033210 -19.94916000000 -0.60188965000
P 10.29510033210 -17.63916000000 0.60188965000
P 11.95560033210 -16.08684000000 0.60188965000
P 10.29510033210 -14.23884000000 -0.60188965000
P 11.95560033210 -15.32916000000 -0.60188965000
P 10.29510033210 -13.01916000000 0.60188965000
P 11.95560033210 -11.46684000000 0.60188965000
P 10.29510033210 -9.61884000000 -0.60188965000
P 11.95560033210 -10.70916000000 -0.60188965000
P 10.29510033210 -8.39916000000 0.60188965000
P 11.95560033210 -6.84684000000 0.60188965000
P 10.29510033210 -4.99884000000 -0.60188965000
P 11.95560033210 -6.08916000000 -0.60188965000
P 13.61610033210 -36.11916000000 0.60188965000
P 15.27660033210 -34.56684000000 0.60188965000
P 13.61610033210 -32.71884000000 -0.60188965000
P 15.27660033210 -33.80916000000 -0.60188965000
P 13.61610033210 -31.49916000000 0.60188965000
P 15.27660033210 -29.94684000000 0.60188965000
P 13.61610033210 -28.09884000000 -0.60188965000
P 15.27660033210 -29.18916000000 -0.60188965000
P 13.61610033210 -26.87916000000 0.60188965000
P 15.27660033210 -25.32684000000 0.60188965000
P 13.61610033210 -23.47884000000 -0.60188965000
P 15.27660033210 -24.56916000000 -0.60188965000
P 13.61610033210 -22.25916000000 0.60188965000
P 15.27660033210 -20.70684000000 0.60188965000
P 13.61610033210 -18.85884000000 -0.60188965000
P 15.27660033210 -19.94916000000 -0.60188965000
P 13.61610033210 -17.63916000000 0.60188965000
P 15.27660033210 -16.08684000000 0.60188965000
P 13.61610033210 -14.23884000000 -0.60188965000
P 15.27660033210 -15.32916000000 -0.60188965000
P 13.61610033210 -13.01916000000 0.60188965000
P 15.27660033210 -11.46684000000 0.60188965000
P 13.61610033210 -9.61884000000 -0.60188965000
P 15.27660033210 -10.70916000000 -0.60188965000
P 13.61610033210 -8.39916000000 0.60188965000
P 15.27660033210 -6.84684000000 0.60188965000
P 13.61610033210 -4.99884000000 -0.60188965000
P 15.27660033210 -6.08916000000 -0.60188965000
P 16.93710033210 -36.11916000000 0.60188965000
P 18.59760033210 -34.56684000000 0.60188965000
P 16.93710033210 -32.71884000000 -0.60188965000
P 18.59760033210 -33.80916000000 -0.60188965000
P 16.93710033210 -31.49916000000 0.60188965000
P 18.59760033210 -29.94684000000 0.60188965000
P 16.93710033210 -28.09884000000 -0.60188965000
P 18.59760033210 -29.18916000000 -0.60188965000
P 16.93710033210 -26.87916000000 0.60188965000
P 18.59760033210 -25.32684000000 0.60188965000
P 16.93710033210 -23.47884000000 -0.60188965000
P 18.59760033210 -24.56916000000 -0.60188965000
P 16.93710033210 -22.25916000000 0.60188965000
P 18.59760033210 -20.70684000000 0.60188965000
P 16.93710033210 -18.85884000000 -0.60188965000
P 18.59760033210 -19.94916000000 -0.60188965000
P 16.93710033210 -17.63916000000 0.60188965000
P 18.59760033210 -16.08684000000 0.60188965000
P 16.93710033210 -14.23884000000 -0.60188965000
P 18.59760033210 -15.32916000000 -0.60188965000
P 16.93710033210 -13.01916000000 0.60188965000
P 18.59760033210 -11.46684000000 0.60188965000
P 16.93710033210 -9.61884000000 -0.60188965000
P 18.59760033210 -10.70916000000 -0.60188965000
P 16.93710033210 -8.39916000000 0.60188965000
P 18.59760033210 -6.84684000000 0.60188965000
P 16.93710033210 -4.99884000000 -0.60188965000
P 18.59760033210 -6.08916000000 -0.60188965000
P 20.25810033210 -36.11916000000 0.60188965000
P 21.91860033210 -34.56684000000 0.60188965000
P 20.25810033210 -32.71884000000 -0.60188965000
P 21.91860033210 -33.80916000000 -0.60188965000
P 20.25810033210 -31.49916000000 0.60188965000
P 21.91860033210 -29.94684000000 0.60188965000
P 20.25810033210 -28.09884000000 -0.60188965000
P 21.91860033210 -29.18916000000 -0.60188965000
P 20.25810033210 -26.87916000000 0.60188965000
P 21.91860033210 -25.32684000000 0.60188965000
P 20.25810033210 -23.47884000000 -0.60188965000
P 21.91860033210 -24.56916000000 -0.60188965000
P 20.25810033210 -22.25916000000 0.60188965000
P 21.91860033210 -20.70684000000 0.60188965000
P 20.25810033210 -18.85884000000 -0.60188965000
P 21.91860033210 -19.94916000000 -0.60188965000
P 20.25810033210 -17.63916000000 0.60188965000
P 21.91860033210 -16.08684000000 0.60188965000
P 20.25810033210 -14.23884000000 -0.60188965000
P 21.91860033210 -15.32916000000 -0.60188965000
P 20.25810033210 -13.01916000000 0.60188965000
P 21.91860033210 -11.46684000000 0.60188965000
P 20.25810033210 -9.61884000000 -0.60188965000
P 21.91860033210 -10.70916000000 -0.60188965000
P 20.25810033210 -8.39916000000 0.60188965000
P 21.91860033210 -6.84684000000 0.60188965000
P 20.25810033210 -4.99884000000 -0.60188965000
P 21.91860033210 -6.08916000000 -0.60188965000
P 23.57910033210 -36.11916000000 0.60188965000
P 25.23960033210 -34.56684000000 0.60188965000
P 23.57910033210 -32.71884000000 -0.60188965000
P 25.23960033210 -33.80916000000 -0.60188965000
P 23.57910033210 -31.49916000000 0.60188965000
P 25.23960033210 -29.94684000000 0.60188965000
P 23.57910033210 -28.09884000000 -0.60188965000
P 25.23960033210 -29.18916000000 -0.60188965000
P 23.57910033210 -26.87916000000 0.60188965000
P 25.23960033210 -25.32684000000 0.60188965000
P 23.57910033210 -23.47884000000 -0.60188965000
P 25.23960033210 -24.56916000000 -0.60188965000
P 23.57910033210 -22.25916000000 0.60188965000
P 25.23960033210 -20.70684000000 0.60188965000
P 23.57910033210 -18.85884000000 -0.60188965000
P 25.23960033210 -19.94916000000 -0.60188965000
P 23.57910033210 -17.63916000000 0.60188965000
P 25.23960033210 -16.08684000000 0.60188965000
P 23.57910033210 -14.23884000000 -0.60188965000
P 25.23960033210 -15.32916000000 -0.60188965000
P 23.57910033210 -13.01916000000 0.60188965000
P 25.23960033210 -11.46684000000 0.60188965000
P 23.57910033210 -9.61884000000 -0.60188965000
P 25.23960033210 -10.70916000000 -0.60188965000
P 23.57910033210 -8.39916000000 0.60188965000
P 25.23960033210 -6.84684000000 0.60188965000
P 23.57910033210 -4.99884000000 -0.60188965000
P 25.23960033210 -6.08916000000 -0.60188965000
P 26.90010033210 -36.11916000000 0.60188965000
P 28.56060033210 -34.56684000000 0.60188965000
P 26.90010033210 -32.71884000000 -0.60188965000
P 28.56060033210 -33.80916000000 -0.60188965000
P 26.90010033210 -31.49916000000 0.60188965000
P 28.56060033210 -29.94684000000 0.60188965000
P 26.90010033210 -28.09884000000 -0.60188965000
P 28.56060033210 -29.18916000000 -0.60188965000
P 26.90010033210 -26.87916000000 0.60188965000
P 28.56060033210 -25.32684000000 0.60188965000
P 26.90010033210 -23.47884000000 -0.60188965000
P 28.56060033210 -24.56916000000 -0.60188965000
P 26.90010033210 -22.25916000000 0.60188965000
P 28.56060033210 -20.70684000000 0.60188965000
P 26.90010033210 -18.85884000000 -0.60188965000
P 28.56060033210 -19.94916000000 -0.60188965000
P 26.90010033210 -17.63916000000 0.60188965000
P 28.56060033210 -16.08684000000 0.60188965000
P 26.90010033210 -14.23884000000 -0.60188965000
P 28.56060033210 -15.32916000000 -0.60188965000
P 26.90010033210 -13.01916000000 0.60188965000
P 28.56060033210 -11.46684000000 0.60188965000
P 26.90010033210 -9.61884000000 -0.60188965000
P 28.56060033210 -10.70916000000 -0.60188965000
P 26.90010033210 -8.39916000000 0.60188965000
P 28.56060033210 -6.84684000000 0.60188965000
P 26.90010033210 -4.99884000000 -0.60188965000
P 28.56060033210 -6.08916000000 -0.60188965000
P 30.22110033210 -36.11916000000 0.60188965000
P 31.88160033210 -34.56684000000 0.60188965000
P 30.22110033210 -32.71884000000 -0.60188965000
P 31.88160033210 -33.80916000000 -0.60188965000
P 30.22110033210 -31.49916000000 0.60188965000
P 31.88160033210 -29.94684000000 0.60188965000
P 30.22110033210 -28.09884000000 -0.60188965000
P 31.88160033210 -29.18916000000 -0.60188965000
P 30.22110033210 -26.87916000000 0.60188965000
P 31.88160033210 -25.32684000000 0.60188965000
P 30.22110033210 -23.47884000000 -0.60188965000
P 31.88160033210 -24.56916000000 -0.60188965000
P 30.22110033210 -22.25916000000 0.60188965000
P 31.88160033210 -20.70684000000 0.60188965000
P 30.22110033210 -18.85884000000 -0.60188965000
P 31.88160033210 -19.94916000000 -0.60188965000
P 30.22110033210 -17.63916000000 0.60188965000
P 31.88160033210 -16.08684000000 0.60188965000
P 30.22110033210 -14.23884000000 -0.60188965000
P 31.88160033210 -15.32916000000 -0.60188965000
P 30.22110033210 -13.01916000000 0.60188965000
P 31.88160033210 -11.46684000000 0.60188965000
P 30.22110033210 -9.61884000000 -0.60188965000
P 31.88160033210 -10.70916000000 -0.60188965000
P 30.22110033210 -8.39916000000 0.60188965000
P 31.88160033210 -6.84684000000 0.60188965000
P 30.22110033210 -4.99884000000 -0.60188965000
P 31.88160033210 -6.08916000000 -0.60188965000
P 33.54210033210 -36.11916000000 0.60188965000
P 35.20260033210 -34.56684000000 0.60188965000
P 33.54210033210 -32.71884000000 -0.60188965000
P 35.20260033210 -33.80916000000 -0.60188965000
P 33.54210033210 -31.49916000000 0.60188965000
P 35.20260033210 -29.94684000000 0.60188965000
P 33.54210033210 -28.09884000000 -0.60188965000
P 35.20260033210 -29.18916000000 -0.60188965000
P 33.54210033210 -26.87916000000 0.60188965000
P 35.20260033210 -25.32684000000 0.60188965000
P 33.54210033210 -23.47884000000 -0.60188965000
P 35.20260033210 -24.56916000000 -0.60188965000
P 33.54210033210 -22.25916000000 0.60188965000
P 35.20260033210 -20.70684000000 0.60188965000
P 33.54210033210 -18.85884000000 -0.60188965000
P 35.20260033210 -19.94916000000 -0.60188965000
P 33.54210033210 -17.63916000000 0.60188965000
P 35.20260033210 -16.08684000000 0.60188965000
P 33.54210033210 -14.23884000000 -0.60188965000
P 35.20260033210 -15.32916000000 -0.60188965000
P 33.54210033210 -13.01916000000 0.60188965000
P 35.20260033210 -11.46684000000 0.60188965000
P 33.54210033210 -9.61884000000 -0.60188965000
P 35.20260033210 -10.70916000000 -0.60188965000
P 33.54210033210 -8.39916000000 0.60188965000
P 35.20260033210 -6.84684000000 0.60188965000
P 33.54210033210 -4.99884000000 -0.60188965000
P 35.20260033210 -6.08916000000 -0.60188965000
P 36.86310033210 -36.11916000000 0.60188965000
P 38.52360033210 -34.56684000000 0.60188965000
P 36.86310033210 -32.71884000000 -0.60188965000
P 38.52360033210 -33.80916000000 -0.60188965000
P 36.86310033210 -31.49916000000 0.60188965000
P 38.52360033210 -29.94684000000 0.60188965000
P 36.86310033210 -28.09884000000 -0.60188965000
P 38.52360033210 -29.18916000000 -0.60188965000
P 36.86310033210 -26.87916000000 0.60188965000
P 38.52360033210 -25.32684000000 0.60188965000
P 36.86310033210 -23.47884000000 -0.60188965000
P 38.52360033210 -24.56916000000 -0.60188965000
P 36.86310033210 -22.25916000000 0.60188965000
P 38.52360033210 -20.70684000000 0.60188965000
P 36.86310033210 -18.85884000000 -0.60188965000
P 38.52360033210 -19.94916000000 -0.60188965000
P 36.86310033210 -17.63916000000 0.60188965000
P 38.52360033210 -16.08684000000 0.60188965000
P 36.86310033210 -14.23884000000 -0.60188965000
P 38.52360033210 -15.32916000000 -0.60188965000
P 36.86310033210 -13.01916000000 0.60188965000
P 38.52360033210 -11.46684000000 0.60188965000
P 36.86310033210 -9.61884000000 -0.60188965000
P 38.52360033210 -10.70916000000 -0.60188965000
P 36.86310033210 -8.39916000000 0.60188965000
P 38.52360033210 -6.84684000000 0.60188965000
P 36.86310033210 -4.99884000000 -0.60188965000
P 38.52360033210 -6.08916000000 -0.60188965000
P 40.18410033210 -36.11916000000 0.60188965000
P 41.84460033210 -34.56684000000 0.60188965000
P 40.18410033210 -32.71884000000 -0.60188965000
P 41.84460033210 -33.80916000000 -0.60188965000
P 40.18410033210 -31.49916000000 0.60188965000
P 41.84460033210 -29.94684000000 0.60188965000
P 40.18410033210 -28.09884000000 -0.60188965000
P 41.84460033210 -29.18916000000 -0.60188965000
P 40.18410033210 -26.87916000000 0.60188965000
P 41.84460033210 -25.32684000000 0.60188965000
P 40.18410033210 -23.47884000000 -0.60188965000
P 41.84460033210 -24.56916000000 -0.60188965000
P 40.18410033210 -22.25916000000 0.60188965000
P 41.84460033210 -20.70684000000 0.60188965000
P 40.18410033210 -18.85884000000 -0.60188965000
P 41.84460033210 -19.94916000000 -0.60188965000
P 40.18410033210 -17.63916000000 0.60188965000
P 41.84460033210 -16.08684000000 0.60188965000
P 40.18410033210 -14.23884000000 -0.60188965000
P 41.84460033210 -15.32916000000 -0.60188965000
P 40.18410033210 -13.01916000000 0.60188965000
P 41.84460033210 -11.46684000000 0.60188965000
P 40.18410033210 -9.61884000000 -0.60188965000
P 41.84460033210 -10.70916000000 -0.60188965000
P 40.18410033210 -8.39916000000 0.60188965000
P 41.84460033210 -6.84684000000 0.60188965000
P 40.18410033210 -4.99884000000 -0.60188965000
P 41.84460033210 -6.08916000000 -0.60188965000
Number of points in layer 1: 392
Layer 2 points (Angstrom):
P -2.57472435075 -36.37401578459 6.80188965000
P -1.08874985595 -34.67408387171 6.80188965000
P -2.92037596588 -33.00813398255 5.59811035000
P -1.16577005280 -33.92407760060 5.59811035000
P -3.04435969740 -31.80080681442 6.80188965000
P -1.55838520259 -30.10087490154 6.80188965000
P -1.63540539945 -29.35086863044 5.59811035000
P -2.02802054924 -25.52766593138 6.80188965000
P -2.10504074609 -24.77765966027 5.59811035000
P -2.49765589589 -20.95445696121 6.80188965000
P -2.57467609274 -20.20445069011 5.59811035000
P -2.96729124254 -16.38124799105 6.80188965000
P -3.04431143939 -15.63124171994 5.59811035000
P 0.71281959181 -36.04734838678 6.80188965000
P 2.19879408661 -34.34741647390 6.80188965000
P 0.36716797667 -32.68146658474 5.59811035000
P 2.12177388976 -33.59741020279 5.59811035000
P 0.24318424516 -31.47413941661 6.80188965000
P 1.72915873996 -29.77420750373 6.80188965000
P -0.10246736998 -28.10825761457 5.59811035000
P 1.65213854311 -29.02420123263 5.59811035000
P -0.22645110149 -26.90093044645 6.80188965000
P 1.25952339331 -25.20099853357 6.80188965000
P -0.57210271663 -23.53504864441 5.59811035000
P 1.18250319646 -24.45099226246 5.59811035000
P -0.69608644814 -22.32772147628 6.80188965000
P 0.78988804666 -20.62778956340 6.80188965000
P -1.04173806328 -18.96183967424 5.59811035000
P 0.71286784981 -19.87778329230 5.59811035000
P -1.16572179479 -17.75451250612 6.80188965000
P 0.32025270001 -16.05458059324 6.80188965000
P -1.51137340993 -14.38863070408 5.59811035000
P 0.24323250316 -15.30457432213 5.59811035000
P -1.63535714144 -13.18130353595 6.80188965000
P -0.14938264664 -11.48137162307 6.80188965000
P -1.98100875657 -9.81542173391 5.59811035000
P -0.22640284349 -10.73136535197 5.59811035000
P -2.10499248809 -8.60809456579 6.80188965000
P -0.61901799329 -6.90816265291 6.80188965000
P -2.45064410322 -5.24221276375 5.59811035000
P -0.69603819014 -6.15815638180 5.59811035000
P 4.12434726587 -36.92800815709 5.59811035000
P 4.00036353436 -35.72068098897 6.80188965000
P 5.48633802916 -34.02074907609 6.80188965000
P 3.65471191922 -32.35479918693 5.59811035000
P 5.40931783231 -33.27074280498 5.59811035000
P 3.53072818771 -31.14747201881 6.80188965000
P 5.01670268251 -29.44754010593 6.80188965000
P 3.18507657258 -27.78159021676 5.59811035000
P 4.93968248566 -28.69753383482 5.59811035000
P 3.06109284106 -26.57426304864 6.80188965000
P 4.54706733586 -24.87433113576 6.80188965000
P 2.71544122593 -23.20838124660 5.59811035000
P 4.47004713901 -24.12432486465 5.59811035000
P 2.59145749441 -22.00105407848 6.80188965000
P 4.07743198921 -20.30112216559 6.80188965000
P 2.24580587928 -18.63517227643 5.59811035000
P 4.00041179236 -19.55111589449 5.59811035000
P 2.12182214776 -17.42784510831 6.80188965000
P 3.60779664256 -15.72791319543 6.80188965000
P 1.77617053263 -14.06196330627 5.59811035000
P 3.53077644571 -14.97790692432 5.59811035000
P 1.65218680111 -12.85463613814 6.80188965000
P 3.13816129591 -11.15470422526 6.80188965000
P 1.30653518598 -9.48875433610 5.59811035000
P 3.06114109906 -10.40469795416 5.59811035000
P 1.18255145446 -8.28142716798 6.80188965000
P 2.66852594927 -6.58149525510 6.80188965000
P 0.83689983933 -4.91554536594 5.59811035000
P 2.59150575242 -5.83148898399 5.59811035000
P 7.41189120843 -36.60134075928 5.59811035000
P 7.28790747691 -35.39401359116 6.80188965000
P 8.77388197171 -33.69408167828 6.80188965000
P 6.94225586178 -32.02813178912 5.59811035000
P 8.69686177486 -32.94407540717 5.59811035000
P 6.81827213026 -30.82080462100 6.80188965000
P 8.30424662506 -29.12087270812 6.80188965000
P 6.47262051513 -27.45492281895 5.59811035000
P 8.22722642821 -28.37086643701 5.59811035000
P 6.34863678361 -26.24759565083 6.80188965000
P 7.83461127842 -24.54766373795 6.80188965000
P 6.00298516848 -22.88171384879 5.59811035000
P 7.75759108156 -23.79765746684 5.59811035000
P 5.87900143696 -21.67438668067 6.80188965000
P 7.36497593177 -19.97445476779 6.80188965000
P 5.53334982183 -18.30850487862 5.59811035000
P 7.28795573492 -19.22444849668 5.59811035000
P 5.40936609031 -17.10117771050 6.80188965000
P 6.89534058512 -15.40124579762 6.80188965000
P 5.06371447518 -13.73529590846 5.59811035000
P 6.81832038827 -14.65123952651 5.59811035000
P 4.93973074367 -12.52796874034 6.80188965000
P 6.42570523847 -10.82803682745 6.80188965000
P 4.59407912853 -9.16208693829 5.59811035000
P 6.34868504162 -10.07803055635 5.59811035000
P 4.47009539702 -7.95475977017 6.80188965000
P 5.95606989182 -6.25482785729 6.80188965000
P 5.87904969497 -5.50482158618 5.59811035000
P 10.69943515098 -36.27467336148 5.59811035000
P 10.57545141946 -35.06734619335 6.80188965000
P 12.06142591427 -33.36741428047 6.80188965000
P 10.22979980433 -31.70146439131 5.59811035000
P 11.98440571742 -32.61740800936 5.59811035000
P 10.10581607281 -30.49413722319 6.80188965000
P 11.59179056762 -28.79420531031 6.80188965000
P 9.76016445768 -27.12825542114 5.59811035000
P 11.51477037077 -28.04419903920 5.59811035000
P 9.63618072617 -25.92092825302 6.80188965000
P 11.12215522097 -24.22099634014 6.80188965000
P 9.29052911103 -22.55504645098 5.59811035000
P 11.04513502412 -23.47099006903 5.59811035000
P 9.16654537952 -21.34771928286 6.80188965000
P 10.65251987432 -19.64778736998 6.80188965000
P 8.82089376438 -17.98183748081 5.59811035000
P 10.57549967747 -18.89778109887 5.59811035000
P 8.69691003287 -16.77451031269 6.80188965000
P 10.18288452767 -15.07457839981 6.80188965000
P 8.35125841773 -13.40862851065 5.59811035000
P 10.10586433082 -14.32457212870 5.59811035000
P 8.22727468622 -12.20130134253 6.80188965000
P 9.71324918102 -10.50136942965 6.80188965000
P 7.88162307108 -8.83541954048 5.59811035000
P 9.63622898417 -9.75136315854 5.59811035000
P 7.75763933957 -7.62809237236 6.80188965000
P 9.24361383437 -5.92816045948 6.80188965000
P 9.16659363752 -5.17815418837 5.59811035000
P 13.98697909353 -35.94800596367 5.59811035000
P 15.74158500662 -36.86394958172 5.59811035000
P 13.86299536202 -34.74067879554 6.80188965000
P 15.34896985682 -33.04074688266 6.80188965000
P 13.51734374688 -31.37479699350 5.59811035000
P 15.27194965997 -32.29074061155 5.59811035000
P 13.39336001537 -30.16746982538 6.80188965000
P 14.87933451017 -28.46753791250 6.80188965000
P 13.04770840023 -26.80158802334 5.59811035000
P 14.80231431332 -27.71753164139 5.59811035000
P 12.92372466872 -25.59426085521 6.80188965000
P 14.40969916352 -23.89432894233 6.80188965000
P 12.57807305359 -22.22837905317 5.59811035000
P 14.33267896667 -23.14432267122 5.59811035000
P 12.45408932207 -21.02105188505 6.80188965000
P 13.94006381687 -19.32111997217 6.80188965000
P 12.10843770694 -17.65517008301 5.59811035000
P 13.86304362002 -18.57111370106 5.59811035000
P 11.98445397542 -16.44784291488 6.80188965000
P 13.47042847022 -14.74791100200 6.80188965000
P 11.63880236029 -13.08196111284 5.59811035000
P 13.39340827337 -13.99790473089 5.59811035000
P 11.51481862877 -11.87463394472 6.80188965000
P 13.00079312357 -10.17470203184 6.80188965000
P 11.16916701364 -8.50875214267 5.59811035000
P 12.92377292672 -9.42469576073 5.59811035000
P 11.04518328212 -7.30142497455 6.80188965000
P 12.53115777692 -5.60149306167 6.80188965000
P 12.45413758007 -4.85148679056 5.59811035000
P 17.27452303609 -35.62133856586 5.59811035000
P 19.02912894917 -36.53728218391 5.59811035000
P 17.15053930457 -34.41401139773 6.80188965000
P 18.63651379937 -32.71407948485 6.80188965000
P 16.80488768944 -31.04812959569 5.59811035000
P 18.55949360252 -31.96407321375 5.59811035000
P 16.68090395792 -29.84080242757 6.80188965000
P 18.16687845272 -28.14087051469 6.80188965000
P 16.33525234279 -26.47492062553 5.59811035000
P 18.08985825587 -27.39086424358 5.59811035000
P 16.21126861127 -25.26759345740 6.80188965000
P 17.69724310607 -23.56766154452 6.80188965000
P 15.86561699614 -21.90171165536 5.59811035000
P 17.62022290922 -22.81765527342 5.59811035000
P 15.74163326462 -20.69438448724 6.80188965000
P 17.22760775943 -18.99445257436 6.80188965000
P 15.39598164949 -17.32850268520 5.59811035000
P 17.15058756257 -18.24444630325 5.59811035000
P 15.27199791797 -16.12117551707 6.80188965000
P 16.75797241278 -14.42124360419 6.80188965000
P 14.92634630284 -12.75529371503 5.59811035000
P 16.68095221593 -13.67123733308 5.59811035000
P 14.80236257132 -11.54796654691 6.80188965000
P 16.28833706613 -9.84803463403 6.80188965000
P 14.45671095619 -8.18208474487 5.59811035000
P 16.21131686928 -9.09802836292 5.59811035000
P 14.33272722468 -6.97475757674 6.80188965000
P 15.81870171948 -5.27482566386 6.80188965000
P 20.56206697864 -35.29467116805 5.59811035000
P 22.31667289172 -36.21061478610 5.59811035000
P 20.43808324712 -34.08734399992 6.80188965000
P 21.92405774193 -32.38741208704 6.80188965000
P 20.09243163199 -30.72146219788 5.59811035000
P 21.84703754507 -31.63740581594 5.59811035000
P 19.96844790047 -29.51413502976 6.80188965000
P 21.45442239528 -27.81420311688 6.80188965000
P 19.62279628534 -26.14825322772 5.59811035000
P 21.37740219843 -27.06419684577 5.59811035000
P 19.49881255382 -24.94092605959 6.80188965000
P 20.98478704863 -23.24099414671 6.80188965000
P 19.15316093869 -21.57504425755 5.59811035000
P 20.90776685178 -22.49098787561 5.59811035000
P 19.02917720718 -20.36771708943 6.80188965000
P 20.51515170198 -18.66778517655 6.80188965000
P 18.68352559204 -17.00183528739 5.59811035000
P 20.43813150513 -17.91777890544 5.59811035000
P 18.55954186053 -15.79450811926 6.80188965000
P 20.04551635533 -14.09457620638 6.80188965000
P 18.21389024539 -12.42862631722 5.59811035000
P 19.96849615848 -13.34456993528 5.59811035000
P 18.08990651388 -11.22129914910 6.80188965000
P 19.57588100868 -9.52136723622 6.80188965000
P 17.74425489874 -7.85541734706 5.59811035000
P 19.49886081183 -8.77136096511 5.59811035000
P 17.62027116723 -6.64809017893 6.80188965000
P 19.10624566203 -4.94815826605 6.80188965000
P 25.68123703113 -36.63395365940 6.80188965000
P 23.84961092119 -34.96800377024 5.59811035000
P 25.60421683428 -35.88394738829 5.59811035000
P 23.72562718968 -33.76067660211 6.80188965000
P 25.21160168448 -32.06074468923 6.80188965000
P 23.37997557454 -30.39479480007 5.59811035000
P 25.13458148763 -31.31073841813 5.59811035000
P 23.25599184303 -29.18746763195 6.80188965000
P 24.74196633783 -27.48753571907 6.80188965000
P 22.91034022789 -25.82158582991 5.59811035000
P 24.66494614098 -26.73752944796 5.59811035000
P 22.78635649638 -24.61425866178 6.80188965000
P 24.27233099118 -22.91432674890 6.80188965000
P 22.44070488124 -21.24837685974 5.59811035000
P 24.19531079433 -22.16432047780 5.59811035000
P 22.31672114973 -20.04104969162 6.80188965000
P 23.80269564453 -18.34111777874 6.80188965000
P 21.97106953459 -16.67516788958 5.59811035000
P 23.72567544768 -17.59111150763 5.59811035000
P 21.84708580308 -15.46784072145 6.80188965000
P 23.33306029788 -13.76790880857 6.80188965000
P 21.50143418795 -12.10195891941 5.59811035000
P 23.25604010103 -13.01790253747 5.59811035000
P 21.37745045643 -10.89463175129 6.80188965000
P 22.86342495123 -9.19469983841 6.80188965000
P 21.03179884130 -7.52874994925 5.59811035000
P 22.78640475438 -8.44469356730 5.59811035000
P 20.90781510978 -6.32142278112 6.80188965000
P 22.39378960458 -4.62149086824 6.80188965000
P 28.96878097368 -36.30728626159 6.80188965000
P 27.13715486374 -34.64133637243 5.59811035000
P 28.89176077683 -35.55727999048 5.59811035000
P 27.01317113223 -33.43400920430 6.80188965000
P 28.49914562703 -31.73407729142 6.80188965000
P 26.66751951710 -30.06812740226 5.59811035000
P 28.42212543018 -30.98407102032 5.59811035000
P 26.54353578558 -28.86080023414 6.80188965000
P 28.02951028038 -27.16086832126 6.80188965000
P 26.19788417045 -25.49491843210 5.59811035000
P 27.95249008353 -26.41086205015 5.59811035000
P 26.07390043893 -24.28759126397 6.80188965000
P 27.55987493373 -22.58765935109 6.80188965000
P 25.72824882380 -20.92170946193 5.59811035000
P 27.48285473688 -21.83765307999 5.59811035000
P 25.60426509228 -19.71438229381 6.80188965000
P 27.09023958708 -18.01445038093 6.80188965000
P 25.25861347715 -16.34850049177 5.59811035000
P 27.01321939023 -17.26444410982 5.59811035000
P 25.13462974563 -15.14117332364 6.80188965000
P 26.62060424043 -13.44124141076 6.80188965000
P 24.78897813050 -11.77529152160 5.59811035000
P 26.54358404358 -12.69123513966 5.59811035000
P 24.66499439898 -10.56796435348 6.80188965000
P 26.15096889379 -8.86803244060 6.80188965000
P 24.31934278385 -7.20208255144 5.59811035000
P 26.07394869694 -8.11802616949 5.59811035000
P 24.19535905233 -5.99475538331 6.80188965000
P 32.25632491623 -35.98061886378 6.80188965000
P 30.42469880630 -34.31466897462 5.59811035000
P 32.17930471938 -35.23061259267 5.59811035000
P 30.30071507478 -33.10734180649 6.80188965000
P 31.78668956958 -31.40740989361 6.80188965000
P 29.95506345965 -29.74146000445 5.59811035000
P 31.70966937273 -30.65740362251 5.59811035000
P 29.83107972813 -28.53413283633 6.80188965000
P 31.31705422294 -26.83420092345 6.80188965000
P 29.48542811300 -25.16825103429 5.59811035000
P 31.24003402608 -26.08419465234 5.59811035000
P 29.36144438148 -23.96092386616 6.80188965000
P 30.84741887629 -22.26099195328 6.80188965000
P 29.01579276635 -20.59504206412 5.59811035000
P 30.77039867944 -21.51098568218 5.59811035000
P 28.89180903483 -19.38771489600 6.80188965000
P 30.37778352964 -17.68778298312 6.80188965000
P 28.54615741970 -16.02183309396 5.59811035000
P 30.30076333279 -16.93777671201 5.59811035000
P 28.42217368819 -14.81450592583 6.80188965000
P 29.90814818299 -13.11457401295 6.80188965000
P 28.07652207305 -11.44862412379 5.59811035000
P 29.83112798614 -12.36456774185 5.59811035000
P 27.95253834154 -10.24129695567 6.80188965000
P 29.43851283634 -8.54136504279 6.80188965000
P 27.60688672640 -6.87541515363 5.59811035000
P 29.36149263949 -7.79135877168 5.59811035000
P 27.48290299489 -5.66808798550 6.80188965000
P 35.54386885879 -35.65395146597 6.80188965000
P 33.71224274885 -33.98800157681 5.59811035000
P 35.46684866194 -34.90394519486 5.59811035000
P 33.58825901733 -32.78067440869 6.80188965000
P 35.07423351214 -31.08074249581 6.80188965000
P 33.24260740220 -29.41479260664 5.59811035000
P 34.99721331529 -30.33073622470 5.59811035000
P 33.11862367069 -28.20746543852 6.80188965000
P 34.60459816549 -26.50753352564 6.80188965000
P 32.77297205555 -24.84158363648 5.59811035000
P 34.52757796864 -25.75752725453 5.59811035000
P 32.64898832404 -23.63425646836 6.80188965000
P 34.13496281884 -21.93432455547 6.80188965000
P 32.30333670890 -20.26837466631 5.59811035000
P 34.05794262199 -21.18431828437 5.59811035000
P 32.17935297739 -19.06104749819 6.80188965000
P 33.66532747219 -17.36111558531 6.80188965000
P 31.83370136225 -15.69516569615 5.59811035000
P 33.58830727534 -16.61110931420 5.59811035000
P 31.70971763074 -14.48783852802 6.80188965000
P 33.19569212554 -12.78790661514 6.80188965000
P 31.36406601560 -11.12195672598 5.59811035000
P 33.11867192869 -12.03790034404 5.59811035000
P 31.24008228409 -9.91462955786 6.80188965000
P 32.72605677889 -8.21469764498 6.80188965000
P 30.89443066896 -6.54874775582 5.59811035000
P 32.64903658204 -7.46469137387 5.59811035000
P 30.77044693744 -5.34142058769 6.80188965000
P 38.83141280134 -35.32728406816 6.80188965000
P 36.99978669140 -33.66133417900 5.59811035000
P 38.75439260449 -34.57727779705 5.59811035000
P 36.87580295989 -32.45400701088 6.80188965000
P 38.36177745469 -30.75407509800 6.80188965000
P 36.53015134475 -29.08812520883 5.59811035000
P 38.28475725784 -30.00406882689 5.59811035000
P 36.40616761324 -27.88079804071 6.80188965000
P 37.89214210804 -26.18086612783 6.80188965000
P 36.06051599810 -24.51491623867 5.59811035000
P 37.81512191119 -25.43085985672 5.59811035000
P 35.93653226659 -23.30758907055 6.80188965000
P 37.42250676139 -21.60765715767 6.80188965000
P 35.59088065146 -19.94170726850 5.59811035000
P 37.34548656454 -20.85765088656 5.59811035000
P 35.46689691994 -18.73438010038 6.80188965000
P 36.95287141474 -17.03444818750 6.80188965000
P 35.12124530481 -15.36849829834 5.59811035000
P 36.87585121789 -16.28444191639 5.59811035000
P 34.99726157329 -14.16117113022 6.80188965000
P 36.48323606809 -12.46123921733 6.80188965000
P 34.65160995816 -10.79528932817 5.59811035000
P 36.40621587124 -11.71123294623 5.59811035000
P 34.52762622664 -9.58796216005 6.80188965000
P 36.01360072144 -7.88803024717 6.80188965000
P 34.18197461151 -6.22208035801 5.59811035000
P 35.93658052459 -7.13802397606 5.59811035000
P 34.05799087999 -5.01475318988 6.80188965000
P 40.63298224909 -36.70054858323 6.80188965000
P 42.11895674389 -35.00061667035 6.80188965000
P 40.28733063396 -33.33466678119 5.59811035000
P 42.04193654704 -34.25061039924 5.59811035000
P 40.16334690244 -32.12733961307 6.80188965000
P 41.64932139724 -30.42740770019 6.80188965000
P 39.81769528731 -28.76145781102 5.59811035000
P 41.57230120039 -29.67740142908 5.59811035000
P 39.69371155579 -27.55413064290 6.80188965000
P 41.17968605059 -25.85419873002 6.80188965000
P 39.34805994066 -24.18824884086 5.59811035000
P 41.10266585374 -25.10419245891 5.59811035000
P 39.22407620914 -22.98092167274 6.80188965000
P 40.71005070394 -21.28098975986 6.80188965000
P 38.87842459401 -19.61503987069 5.59811035000
P 40.63303050709 -20.53098348875 5.59811035000
P 38.75444086249 -18.40771270257 6.80188965000
P 40.24041535730 -16.70778078969 6.80188965000
P 38.40878924736 -15.04183090053 5.59811035000
P 40.16339516045 -15.95777451858 5.59811035000
P 38.28480551584 -13.83450373241 6.80188965000
P 39.77078001065 -12.13457181953 6.80188965000
P 37.93915390071 -10.46862193036 5.59811035000
P 39.69375981380 -11.38456554842 5.59811035000
P 37.81517016920 -9.26129476224 6.80188965000
P 39.30114466400 -7.56136284936 6.80188965000
P 37.46951855406 -5.89541296020 5.59811035000
P 39.22412446715 -6.81135657825 5.59811035000
P 37.34553482255 -4.68808579208 6.80188965000
P 43.10523922986 -28.43479041322 5.59811035000
P 42.98125549834 -27.22746324509 6.80188965000
P 42.63560388321 -23.86158144305 5.59811035000
P 42.51162015170 -22.65425427493 6.80188965000
P 42.16596853656 -19.28837247288 5.59811035000
P 42.04198480505 -18.08104530476 6.80188965000
P 41.69633318991 -14.71516350272 5.59811035000
P 41.57234945840 -13.50783633460 6.80188965000
P 43.05832395320 -11.80790442172 6.80188965000
P 41.22669784326 -10.14195453255 5.59811035000
P 42.98130375635 -11.05789815061 5.59811035000
P 41.10271411175 -8.93462736443 6.80188965000
P 42.58868860655 -7.23469545155 6.80188965000
P 40.75706249661 -5.56874556239 5.59811035000
P 42.51166840970 -6.48468918044 5.59811035000
Number of points in layer 2: 396

Total number of atoms: 788