natom :
762

Moire lattice vectors (in Angstrom)
a1 :
35.1155353816 0.0000000000 0.0000000000
a3 :
0.0000000000 0.0000000000 100.0000000000
a2 :
17.5577677026 30.4109457011 0.0000000000

type    Mass
1	95.9400000000
2	32.0660000000
3	32.0660000000
4	95.9400000000
5	32.0660000000
6	32.0660000000

Atomic positions (in Angstrom)
id    type    x    y    z
1	2	33.3086184739	0.1075480402	3.9803363647
2	3	33.3286338621	0.1088912388	7.0968727344
3	2	0.9965984558	1.5110634176	3.9803363641
4	3	0.9877540085	1.4930579833	7.0968727338
5	2	47.8939193000	25.9800845725	4.0454178292
6	3	47.9305724477	26.0212254427	7.1624041266
7	2	50.6824606411	27.3893039423	3.9980553394
8	3	50.6991884712	27.4221136255	7.1146859383
9	1	49.8858505010	29.0153105728	5.5493787703
10	2	18.3680884472	28.7923359062	3.9803363630
11	3	18.3569175101	28.8089981392	7.0968727328
12	1	0.0000007648	0.0000005541	5.5309194020
13	2	21.1700090746	30.1976466206	3.9980553382
14	3	21.1332311413	30.1957285025	7.1146859371
15	1	2.7884309593	1.3959670573	5.5490962639
16	2	6.4035647960	1.2025271449	4.0436601065
17	3	6.3531863372	1.1858518747	7.1607655994
18	2	44.9904921564	21.4284308647	4.1453497831
19	3	45.0201577597	21.4640529347	7.2635193155
20	2	47.7409659399	22.8527140458	4.0927570791
21	3	47.7665081015	22.9013576811	7.2104310062
22	1	46.9409917184	24.4845409758	5.6378302274
23	2	15.3974050255	24.2640338347	4.0436601072
24	3	15.4081530494	24.3160004946	7.1607656001
25	1	49.7080671549	25.8980274184	5.5824182622
26	2	18.1881584944	25.6680466973	4.0141434103
27	3	18.1752565889	25.7122919688	7.1309001707
28	1	17.3724958241	27.2981116192	5.5490962635
29	2	20.9879705478	27.0729478126	4.0150470798
30	3	20.9501366689	27.1015620867	7.1317393066
31	1	20.1601510958	28.6947586859	5.5493787681
32	2	23.7846995178	28.4873086644	4.0454178264
33	3	23.7307439056	28.4984807847	7.1624041238
34	1	22.9486891717	30.0994353697	5.5824182605
35	2	26.5695585214	29.9185324331	4.0927570770
36	3	26.5146608168	29.9163307746	7.2104310041
37	1	8.1743399552	1.1112148956	5.6352216273
38	2	11.7827163560	0.9593756175	4.1401829747
39	3	11.7410096458	0.9505413635	7.2586062989
40	1	10.9491472279	2.5567737220	5.6897019658
41	2	14.5434701145	2.4292049097	4.1746310662
42	3	14.5229998993	2.4193592110	7.2935008217
43	2	42.1551032003	16.8616160400	4.1953897546
44	3	42.1678999468	16.8587287073	7.3138984533
45	2	44.8783437256	18.2985096254	4.1746705950
46	3	44.8936363072	18.3186129889	7.2932674706
47	1	44.0610916527	19.9140031314	5.7296505428
48	2	12.4972538451	19.7271276963	4.1401829760
49	3	12.5104565130	19.7676638931	7.2586063001
50	1	46.7978862201	21.3531344277	5.6846432787
51	2	15.2509389875	21.1445598143	4.1004512980
52	3	15.2548834189	21.1982935630	7.2183929746
53	1	14.4329387189	22.7761536870	5.6352216284
54	2	18.0260662539	22.5532476831	4.0686396357
55	3	18.0127200763	22.6091542510	7.1860551250
56	1	17.1999215239	24.1845073201	5.5963784664
57	2	20.8169514482	23.9598668602	4.0576971931
58	3	20.7822452420	24.0070813959	7.1748133443
59	1	19.9804996658	25.5855372377	5.5823277217
60	2	23.6122849190	25.3729627501	4.0726315143
61	3	23.5607085155	25.4053231647	7.1897937852
62	1	22.7682615676	26.9902286787	5.5985050294
63	2	26.4011396466	26.8007759995	4.1066826688
64	3	26.3452253531	26.8185574942	7.2242641359
65	1	25.5563420558	28.4098209690	5.6378302246
66	2	29.1782608289	28.2486938544	4.1453497806
67	3	29.1325784094	28.2565739845	7.2635193130
68	1	28.3397724254	29.8515912467	5.6846432767
69	2	31.9449263500	29.7165310849	4.1746705935
70	3	31.9198700353	29.7197231662	7.2932674691
71	1	13.5588257016	0.9043882804	5.7234054949
72	2	17.1483553028	0.7865827994	4.1866534997
73	3	17.1481994133	0.7880303604	7.3054191238
74	1	16.3301338790	2.3821176626	5.7449571764
75	2	19.9099612841	2.2693602258	4.1795217225
76	3	19.9338451939	2.2689186647	7.2982864054
77	2	39.3312246161	12.3003072142	4.1642396693
78	3	39.3293676064	12.2552303706	7.2823891762
79	2	42.0592981927	13.7309103356	4.1832014494
80	3	42.0586096308	13.7063881662	7.3017086422
81	1	41.2274991581	15.3229633683	5.7537035379
82	2	9.6647914006	15.1667444702	4.1866535002
83	3	9.6661229706	15.1661556929	7.3054191242
84	1	43.9516329902	16.7716124699	5.7464937572
85	2	12.3897864718	16.6013301621	4.1746310666
86	3	12.3914949548	16.6239807370	7.2935008221
87	1	11.5615787416	18.2164655514	5.7234054959
88	2	15.1286470618	18.0287521694	4.1513491933
89	3	15.1267709606	18.0700078725	7.2700487807
90	1	14.2974257482	19.6503206852	5.6897019663
91	2	17.8875503437	19.4470944299	4.1257724176
92	3	17.8758421673	19.4980546072	7.2440606472
93	1	17.0496291386	21.0702873409	5.6557522162
94	2	20.6657722127	20.8596764016	4.1100668179
95	3	20.6385315399	20.9092916561	7.2279441495
96	1	19.8189041634	22.4796161322	5.6350522946
97	2	23.4549264877	22.2737353188	4.1133416131
98	3	23.4120712252	22.3134215945	7.2310257579
99	1	22.6006592564	23.8872325917	5.6374073870
100	2	26.2432062157	23.6978881604	4.1349655876
101	3	26.1928810510	23.7251627845	7.2527346662
102	1	25.3876406346	25.3047589771	5.6621264382
103	2	29.0221769844	25.1392027915	4.1643608780
104	3	28.9773764690	25.1571417254	7.2824237940
105	1	28.1734194169	26.7417099219	5.6978722662
106	2	31.7902028408	26.6001037602	4.1878022226
107	3	31.7625256195	26.6136720251	7.3061596994
108	1	30.9544939697	28.2010232750	5.7296505406
109	2	34.5509329592	28.0765824027	4.1953897532
110	3	34.5470350888	28.0891083759	7.3138984520
111	1	33.7306134430	29.6774246243	5.7464937561
112	2	37.3101061358	29.5589656859	4.1832014490
113	3	37.3316872379	29.5706304576	7.3017086419
114	1	18.9462088343	0.7485127475	5.7439985902
115	2	22.5160691897	0.6241568462	4.1525109502
116	3	22.5598295149	0.6320516704	7.2708150927
117	1	21.7201547830	2.2226195697	5.7231091776
118	2	25.2898919395	2.0840252747	4.1100668222
119	3	25.3464803459	2.0828087622	7.2279441538
120	2	39.2139885224	9.1756946797	4.1133416166
121	3	39.2010468320	9.1187377960	7.2310257615
122	1	38.3803221152	10.7518454456	5.6965100297
123	2	6.8402694534	10.5993808622	4.1525109494
124	3	6.8252264100	10.5575358956	7.2708150919
125	1	41.1208498339	12.1844436634	5.7268829821
126	2	9.5681113288	12.0337348228	4.1795217218
127	3	9.5557869712	12.0132715296	7.2982864046
128	1	8.7328950022	13.6287926656	5.7439985902
129	2	12.2923178082	13.4741772299	4.1902656937
130	3	12.2838952359	13.4762609508	7.3092897977
131	1	11.4556758372	15.0775775773	5.7449571764
132	2	15.0235245284	14.9133185370	4.1856745077
133	3	15.0174160558	14.9352315502	7.3047641977
134	1	14.1832866918	16.5220580318	5.7314577395
135	2	17.7702624807	16.3451475154	4.1711206604
136	3	17.7620467750	16.3804783878	7.2900443371
137	1	16.9238370779	17.9555808458	5.7095326487
138	2	20.5360871582	17.7684391632	4.1564398692
139	3	20.5195834358	17.8077079710	7.2750425318
140	1	19.6814070400	19.3766817247	5.6898223070
141	2	23.3169667312	19.1874096486	4.1525109472
142	3	23.2882494491	19.2213597911	7.2708150897
143	1	22.4544844295	20.7905477297	5.6838112182
144	2	26.1023022730	20.6098996159	4.1642396662
145	3	26.0641930858	20.6340462566	7.2823891731
146	1	25.2367462952	22.2076362231	5.6965100259
147	2	28.8811343075	22.0441298790	4.1861873042
148	3	28.8432138164	22.0604085940	7.3043341261
149	1	28.0206116942	23.6391260516	5.7220244206
150	2	31.6483126903	23.4951238517	4.2061214123
151	3	31.6219524107	23.5088966756	7.3243493647
152	1	30.8008042304	25.0912330959	5.7473242502
153	2	34.4054107275	24.9620722042	4.2124850587
154	3	34.3989364580	24.9779519258	7.3307978594
155	1	33.5757863855	26.5621085643	5.7601324127
156	2	37.1580088224	26.4379530385	4.1988482088
157	3	37.1751991832	26.4573809690	7.3171729714
158	1	36.3472472814	28.0425800746	5.7537035369
159	2	39.9130815693	27.9116862276	4.1642396689
160	3	39.9530477657	27.9326164309	7.2823891759
161	1	39.1186097393	29.5194789043	5.7268829821
162	2	42.6776934492	29.3724630612	4.1133416171
163	3	42.7334904027	29.3897336691	7.2310257620
164	1	24.3356686440	0.5695193911	5.6838112222
165	2	27.8991460157	0.4030049901	4.0576971976
166	3	27.9573881066	0.4094541783	7.1748133489
167	1	27.1162349234	2.0074646560	5.6350522993
168	2	30.6928696263	1.8255165524	4.0141434140
169	3	30.7376381098	1.8145672946	7.1309001745
170	2	36.2912265554	4.6396419181	4.0150470832
171	3	36.2853628077	4.5925696792	7.1317393100
172	2	3.9572079120	6.0480755107	4.0576971961
173	3	3.9336720291	5.9944117855	7.1748133474
174	1	38.2437925118	7.6291289190	5.6374073909
175	2	6.7176412229	7.4672456823	4.1100668201
176	3	6.6882934899	7.4188469400	7.2279441517
177	1	5.8831523013	9.0508802379	5.6838112209
178	2	9.4595737274	8.9005537505	4.1564398703
179	3	9.4338178045	8.8666267039	7.2750425330
180	1	8.6225359830	10.4894315951	5.7231091764
181	2	12.1913605585	10.3459236486	4.1873851072
182	3	12.1736956603	10.3305127292	7.3064186703
183	1	11.3520536036	11.9399544401	5.7470755298
184	2	14.9232432408	11.7962326550	4.2003250218
185	3	14.9139815372	11.7987898803	7.3195377510
186	1	14.0802825326	13.3935066159	5.7539260982
187	2	17.6646707411	13.2427894251	4.1978875157
188	3	17.6607526232	13.2592119871	7.3170978890
189	1	16.8160326064	14.8406833304	5.7466043431
190	2	20.4219207920	14.6799574206	4.1873851071
191	3	20.4174069930	14.7029611316	7.3064186702
192	1	19.5656006945	16.2756284247	5.7326714616
193	2	23.1952327607	16.1078523070	4.1795217211
194	3	23.1836732076	16.1287571617	7.2982864040
195	1	22.3306146075	17.6988961922	5.7231091751
196	2	25.9772041294	17.5320170353	4.1832014479
197	3	25.9563115883	17.5448744336	7.3017086408
198	1	25.1071488845	19.1179704908	5.7268829798
199	2	28.7561290251	18.9608032229	4.1988482079
200	3	28.7307087620	18.9659765484	7.3171729705
201	1	27.8875544193	20.5443010192	5.7441326061
202	2	31.5232531303	20.4013260210	4.2174349032
203	3	31.5028375770	20.4044887888	7.3356690194
204	1	30.6647771027	21.9871409369	5.7652877743
205	2	34.2770223750	21.8560669900	4.2266604664
206	3	34.2706673574	21.8637522644	7.3448791128
207	1	33.4354968544	23.4486347910	5.7775995158
208	2	37.0219761068	23.3212918705	4.2174349040
209	3	37.0349229190	23.3373908742	7.3356690202
210	1	36.2005403956	24.9228948074	5.7717638992
211	2	39.7657453943	24.7880319627	4.1861873065
212	3	39.7988034192	24.8127327133	7.3043341284
213	1	38.9636454431	26.3984118154	5.7441326082
214	2	42.5169061246	26.2456655643	4.1349655913
215	3	42.5656892237	26.2756111228	7.2527346698
216	1	41.7295400482	27.8624113910	5.6965100295
217	2	45.2830239214	27.6865729497	4.0726315184
218	3	45.3368370648	27.7150592175	7.1897937893
219	1	44.5021566921	29.3055315507	5.6374073915
220	2	48.0674113575	29.1093033330	4.0150470833
221	3	48.1111089870	29.1277612959	7.1317393100
222	1	29.7252437526	0.3145582958	5.5823277258
223	1	32.5123785948	1.7168686863	5.5490962661
224	1	35.3006068655	3.1118238053	5.5493787707
225	2	3.7922772558	2.9173841129	4.0141434116
226	3	3.7604106806	2.8840880973	7.1309001720
227	1	2.9675619590	4.5108518284	5.5823277244
228	2	6.5708184498	4.3344076228	4.0686396369
229	3	6.5290750316	4.2948962086	7.1860551261
230	1	5.7381662894	5.9238665721	5.6350522968
231	2	9.3300840298	5.7675259528	4.1257724184
232	3	9.2918053107	5.7319062852	7.2440606480
233	1	8.4941348737	7.3562577749	5.6898223084
234	2	12.0750927901	7.2169251413	4.1711206608
235	3	12.0486032102	7.1921446952	7.2900443375
236	1	11.2376289822	8.8064931884	5.7326714622
237	2	14.8146095774	8.6766590576	4.1978875158
238	3	14.8023462803	8.6650545874	7.3170978891
239	1	13.9748656682	10.2666744599	5.7572842591
240	2	17.5577684576	10.1369824513	4.2059752742
241	3	17.5577684570	10.1369824516	7.3252497702
242	1	16.7137821195	11.7259798464	5.7638093624
243	2	20.3119838936	11.5889231144	4.2003250225
244	3	20.3188293666	11.5956653729	7.3195377517
245	1	19.4615364262	13.1750212825	5.7572842593
246	2	23.0805892380	13.0283990876	4.1902656945
247	3	23.0866050788	13.0346513899	7.3092897985
248	1	22.2220454291	14.6098031703	5.7470755298
249	2	25.8601586701	14.4576200860	4.1866535004
250	3	25.8589829887	14.4567613026	7.3054191245
251	1	24.9942015364	16.0336419433	5.7439985896
252	2	28.6405722982	15.8836946136	4.1953897541
253	3	28.6316734210	15.8740559739	7.3138984529
254	1	27.7718620173	17.4563496148	5.7537035366
255	2	31.4105783669	17.3149237650	4.2124850597
256	3	31.4000632583	17.3013770240	7.3307978603
257	1	30.5469421543	18.8891403599	5.7717638989
258	2	34.1646519638	18.7567387991	4.2266604671
259	3	34.1611738291	18.7473925569	7.3448791134
260	1	33.3139329292	20.3382758286	5.7865210820
261	2	36.9049341185	20.2090872659	4.2266604673
262	3	36.9147672689	20.2107482353	7.3448791136
263	1	36.0720331365	21.8020427718	5.7865210823
264	2	39.6387538432	21.6660882016	4.2061214143
265	3	39.6638615975	21.6820304611	7.3243493667
266	1	38.8245701231	23.2718464624	5.7652877761
267	2	42.3756358252	23.1183489681	4.1643608810
268	3	42.4135716549	23.1481778849	7.2824237970
269	1	41.5773139050	24.7357683218	5.7220244237
270	2	45.1251191031	24.5574472845	4.1066826722
271	3	45.1684754766	24.5969797350	7.2242641393
272	1	44.3362798631	26.1831716856	5.6621264421
273	1	47.1056289765	27.6088856507	5.5985050331
274	1	5.5711785298	2.8033154798	5.5963784670
275	2	9.1783415630	2.6354208460	4.1004512976
276	3	9.1298345565	2.6119699478	7.2183929742
277	1	8.3433183370	4.2302684465	5.6557522167
278	2	11.9378560994	4.0874167543	4.1513491932
279	3	11.9030656633	4.0651641506	7.2700487806
280	1	11.1036293169	5.6786825745	5.7095326491
281	2	14.6884620353	5.5540947863	4.1856745080
282	3	14.6725390453	5.5378481870	7.3047641980
283	1	13.8551119305	7.1427699216	5.7466043434
284	2	17.4380782386	7.0257915849	4.2003250224
285	3	17.4404944676	7.0164921018	7.3195377517
286	1	16.6036495159	8.6115701448	5.7638093626
287	2	20.1940250546	8.4914988717	4.1978875169
288	3	20.2102064680	8.4866807805	7.3170978902
289	1	19.3558737368	10.0733973635	5.7638093630
290	2	22.9613188097	9.9435340318	4.1856745096
291	3	22.9833502710	9.9378676185	7.3047641996
292	1	22.1167440743	11.5203115227	5.7539260994
293	2	25.7400487875	11.3804122841	4.1746310684
294	3	25.7588105188	11.3676074083	7.2935008239
295	1	24.8874956567	12.9512521161	5.7449571774
296	2	28.5233383825	12.8068523468	4.1746705961
297	3	28.5331021149	12.7835569025	7.2932674718
298	1	27.6643620238	14.3728559634	5.7464937575
299	2	31.2996053696	14.2310715212	4.1878022254
300	3	31.3016935172	14.2003182136	7.3061597022
301	1	30.4397184019	15.7964298301	5.7601324143
302	2	34.0595419241	15.6606810025	4.2061214147
303	3	34.0607944482	15.6309659204	7.3243493672
304	1	33.2062105500	17.2316724208	5.7775995171
305	2	36.8013792204	17.0992751638	4.2174349049
306	3	36.8088479598	17.0800133938	7.3356690211
307	1	35.9606423900	18.6815744566	5.7865210829
308	2	39.5306193631	18.5448970864	4.2124850603
309	3	39.5476087398	18.5425641070	7.3307978610
310	1	38.7049010517	20.1415858454	5.7775995173
311	2	42.2568002477	19.9907177752	4.1878022248
312	3	42.2823893204	20.0079028189	7.3061597016
313	1	41.4447792258	21.6019974373	5.7473242527
314	1	44.1878264937	23.0521410195	5.6978722693
315	1	13.7153716833	4.0220577268	5.7314577394
316	2	17.3003983271	3.9083710376	4.1902656942
317	3	17.3028050574	3.9000350149	7.3092897982
318	1	16.4762787657	5.4971292167	5.7539260987
319	2	20.0600240229	5.3850662858	4.1873851085
320	3	20.0822027188	5.3774734947	7.3064186717
321	1	19.2369032781	6.9692516126	5.7572842602
322	2	22.8279501030	6.8488746991	4.1711206631
323	3	22.8626553876	6.8383242731	7.2900443398
324	1	22.0021608359	8.4274941035	5.7466043451
325	2	25.6068022131	8.2947784331	4.1513491964
326	3	25.6434687499	8.2757753338	7.2700487838
327	1	24.7746469982	9.8668315979	5.7314577418
328	2	28.3933351735	9.7244440437	4.1401829786
329	3	28.4218392157	9.6927421009	7.2586063028
330	1	27.5529009304	11.2900935253	5.7234054979
331	2	31.1778554734	11.1447683393	4.1453497848
332	3	31.1938722896	11.1012661395	7.2635193173
333	1	30.3310228351	12.7068666520	5.7296505440
334	2	33.9487956490	12.5643412980	4.1643608820
335	3	33.9556603340	12.5165734480	7.2824237981
336	1	33.1010250008	14.1286625250	5.7473242534
337	2	36.6997287564	13.9897312150	4.1861873074
338	3	36.7045912215	13.9487517504	7.3043341293
339	1	35.8572612307	15.5629056583	5.7652877769
340	2	39.4324706103	15.4231367948	4.1988482099
341	3	39.4407005113	15.3985355398	7.3171729725
342	1	38.5991259064	17.0098578900	5.7717639004
343	1	41.3311036692	18.4633546632	5.7601324145
344	1	19.0992063401	3.8611897453	5.7470755306
345	2	22.6776444885	3.7419544430	4.1564398722
346	3	22.7199041333	3.7366126819	7.2750425349
347	1	21.8700756966	5.3288257432	5.7326714641
348	2	25.4556710013	5.1963269753	4.1257724215
349	3	25.5056578969	5.1809864653	7.2440606512
350	1	24.6458389792	6.7766839370	5.7095326521
351	2	28.2440248248	6.6309666989	4.1004513019
352	3	28.2885874007	6.6006838477	7.2183929785
353	1	27.4267323985	8.2038529511	5.6897019697
354	2	31.0360839984	8.0506465818	4.0927570819
355	3	31.0654395424	8.0042046043	7.2104310091
356	1	30.2089498134	9.6171673854	5.6846432812
357	2	33.8203497098	9.4636697761	4.1066826738
358	3	33.8329076306	9.4063558306	7.2242641409
359	1	32.9853625479	11.0280421183	5.6978722709
360	2	36.5864961187	10.8783393341	4.1349655920
361	3	36.5880381844	10.8211191518	7.2527346705
362	1	35.7486828586	12.4469986856	5.7220244246
363	1	38.4954085947	13.8791802236	5.7441326090
364	1	24.4977634609	3.6780078585	5.6898223110
365	2	28.0764206721	3.5232920546	4.0686396402
366	3	28.1315102693	3.5068968998	7.1860551295
367	1	27.2803579000	5.1103915720	5.6557522205
368	2	30.8723355547	4.9443863819	4.0436601108
369	3	30.9119659917	4.9090949908	7.1607656037
370	1	30.0660267020	6.5235787776	5.6352216320
371	2	33.6679896426	6.3544998256	4.0454178312
372	3	33.6852921092	6.3021868338	7.1624041286
373	1	32.8492746860	7.9275311167	5.6378302297
374	2	36.4512996196	7.7623573616	4.0726315189
375	3	36.4490628812	7.7015106784	7.1897937897
376	1	35.6226879619	9.3339623981	5.6621264431
377	1	29.9022053234	3.4231245616	5.5963784705
378	2	33.4941387452	3.2349425015	3.9980553413
379	3	33.5141888517	3.2040509341	7.1146859403
380	1	32.6898521350	4.8244302749	5.5824182649
381	1	35.4727179171	6.2227787332	5.5985050339
382	5	50.8864015538	30.3020555555	10.5821748963
383	6	50.8663861657	30.3033987561	13.6987112661
384	5	35.9146851797	1.6019486551	10.5821748970
385	6	35.9258561168	1.6186108900	13.6987112667
386	5	48.4697336810	25.5018518035	10.5182820295
387	6	48.4301032435	25.4665604136	13.6353875225
388	5	15.9564211599	27.2068958603	10.5643616925
389	6	15.9363710533	27.1760042946	13.6809922914
390	4	50.0701462855	28.6940781093	12.1299513657
391	5	18.5455216992	28.9178888111	10.5821748980
392	6	18.5543661467	28.8998833788	13.6987112677
393	4	0.0000007540	0.0000005405	12.1481282287
394	5	3.5754634283	0.2152182919	10.5643616936
395	6	3.6122413617	0.2133001756	13.6809922926
396	4	2.6023833839	1.7161881097	12.1296688617
397	5	6.1729761945	1.9124660097	10.5166435062
398	6	6.2269318067	1.9236381313	13.6336298035
399	5	43.3165782065	19.0433393857	10.3855468082
400	6	43.2978164741	19.0305345094	13.5044165637
401	5	45.9796069038	20.7182046932	10.4204413304
402	6	45.9511028606	20.6865027503	13.5388646546
403	4	44.9845000868	22.2070938433	11.9893456633
404	5	13.5076718490	22.4067421901	10.4686166249
405	6	13.4783163044	22.3603002130	13.5862905521
406	4	47.6237943907	23.8873680173	12.0438260016
407	5	16.1275244161	24.1087599609	10.5166435056
408	6	16.1102219494	24.0564469700	13.6336298030
409	4	15.1320844424	25.5865165205	12.0966293687
410	5	18.7275951152	25.8183771157	10.5473083236
411	6	18.7334588631	25.7713048780	13.6640005504
412	4	17.7428391737	27.2991229904	12.1296688621
413	5	21.3181783707	27.5268586976	10.5481474606
414	6	21.3500449463	27.4935626835	13.6649042210
415	4	20.3461986503	29.0149797384	12.1299513678
416	5	23.9109540287	29.2250949201	10.5182820321
417	6	23.9613324878	29.2084196514	13.6353875250
418	4	5.3909214589	0.3115114260	12.0966293702
419	5	8.9568931048	0.4946160201	10.4686166265
420	6	9.0117908096	0.4924143628	13.5862905535
421	4	7.9985743448	2.0011258266	12.0412174054
422	5	11.5748106992	2.1543728103	10.4155283170
423	6	11.6204931189	2.1622529411	13.5336978494
424	5	40.7414408921	14.2821896324	10.3807612260
425	6	40.7530004442	14.3030944863	13.4995259089
426	5	43.4167506746	15.9541854913	10.3736285069
427	6	43.4179263549	15.9533267072	13.4923941310
428	4	42.4452633431	17.4596946779	11.9340904541
429	5	10.9753344201	17.6273898916	10.3857801610
430	6	10.9655706866	17.6040944466	13.5043770366
431	4	45.1106686175	19.1208532688	11.9556421349
432	5	13.6361045953	19.3096806551	10.4155283166
433	6	13.6200877784	19.2661784548	13.5336978490
434	4	12.6511821193	20.7937794092	11.9944043526
435	5	16.2751399365	21.0045909645	10.4547834935
436	6	16.2625820156	20.9472770189	13.5723649606
437	4	15.2915069924	22.4834156785	12.0412174047
438	5	18.8912951875	22.7094361172	10.4892538447
439	6	18.8935319262	22.6485894342	13.6064161155
440	4	17.9149502240	24.1881680625	12.0805426003
441	5	21.4914397177	24.4165350101	10.5042342864
442	6	21.5149756013	24.3628712857	13.6213504376
443	4	20.5253296483	25.9000949676	12.0967199090
444	5	24.0868427213	26.1160505870	10.4929925066
445	6	24.1285861401	26.0765391737	13.6104079958
446	4	23.1289462202	27.6076313162	12.0826691654
447	5	26.6876022474	27.7989768475	10.4606546575
448	6	26.7361092545	27.7755259504	13.5785963340
449	4	25.7321076470	29.2997319003	12.0438260040
450	5	29.2987773382	29.4604054316	10.4204413320
451	6	29.3404840487	29.4515711785	13.5388646561
452	4	10.7820047137	0.5593555491	11.9944043538
453	5	14.3621023240	0.6912236288	10.3857801612
454	6	14.3871586390	0.6944157109	13.5043770368
455	4	13.3967262597	2.2099235207	11.9493970894
456	5	16.9892673792	2.3218384193	10.3651491779
457	6	16.9931652497	2.3343643929	13.4836578767
458	5	38.1962992189	9.5016551384	10.4511034785
459	6	38.2235398911	9.5512703925	13.5689808101
460	5	40.8460171305	11.1895870030	10.4082325394
461	6	40.8747344116	11.2235371448	13.5265366819
462	4	39.8883822898	12.7120506021	11.9559384541
463	5	8.3985438900	12.8660723603	10.3773389896
464	6	8.4194364300	12.8789297579	13.4958461826
465	4	42.5519692204	14.3773048507	11.9350490410
466	5	11.0739057242	14.5368908203	10.3651491789
467	6	11.0828046004	14.5272521797	13.4836578777
468	4	10.1065943275	16.0380908306	11.9325538745
469	5	13.7439258214	16.2106285812	10.3728879308
470	6	13.7418376731	16.1798752727	13.4912454076
471	4	12.7732551397	17.7040801425	11.9493970893
472	5	16.3978926388	17.8943733474	10.3966238358
473	6	16.3910279536	17.8466054966	13.5146867518
474	4	15.4275948532	19.3829046769	11.9811753634
475	5	19.0302704897	19.5898276443	10.4263129637
476	6	19.0287284244	19.5326074614	13.5440820422
477	4	18.0649202677	21.0769843978	12.0169211915
478	5	21.6432791380	21.2922090005	10.4480218725
479	6	21.6562208290	21.2352521165	13.5657060173
480	4	20.6860248183	22.7818178773	12.0416402432
481	5	24.2460611783	22.9920998565	10.4511034816
482	6	24.2754089122	22.9437011142	13.5689808131
483	4	23.2959339785	24.4870802243	12.0439953365
484	5	26.8495730002	24.6790405110	10.4349869844
485	6	26.8878517200	24.6434208436	13.5532752140
486	4	25.9010860272	26.1806783498	12.0232954156
487	5	29.4608333539	26.3457826452	10.4089988510
488	6	29.4956237905	26.3235300419	13.5276984384
489	4	28.5069149193	27.8541730741	11.9893456657
490	5	32.0807675911	27.9915875844	10.3855468094
491	6	32.1012378065	27.9817418863	13.5044165648
492	4	31.1165933943	29.5065585155	11.9556421359
493	5	34.7059671062	29.6229164347	10.3736285067
494	6	34.7061229959	29.6243639965	13.4923941308
495	4	16.1728457320	0.7335221716	11.9325538741
496	5	19.7739195268	0.8403163376	10.3773389882
497	6	19.7523384249	0.8519811100	13.4958461811
498	4	18.7894795718	2.3683667215	11.9253440929
499	5	22.3952800557	2.4783303645	10.3966584537
500	6	22.3553138597	2.4992605685	13.5148079607
501	5	35.7330242618	4.6986548257	10.5481474574
502	6	35.7459261672	4.7429000983	13.6649042178
503	5	38.3400129172	6.4038653985	10.5042342837
504	6	38.3747191230	6.4510799347	13.6213504350
505	4	37.3766718400	7.9313306629	12.0439953331
506	5	5.8543035212	8.0975251997	10.4480218707
507	6	5.8971587830	8.1372114752	13.5657060156
508	4	40.0122521083	9.6203990649	11.9952364103
509	5	8.5064253842	9.7769005374	10.3966584564
510	6	8.5445345705	9.8010471776	13.5148079634
511	4	7.5493811838	11.2929763034	11.9521646499
512	5	11.1729410624	11.4449702459	10.3618746602
513	6	11.1983613247	11.4501435705	13.4801994229
514	4	10.2140943185	12.9545971794	11.9253440945
515	5	13.8422955602	13.1095697709	10.3482497715
516	6	13.8528106683	13.0960230288	13.4665625722
517	4	12.8819507046	14.6145169645	11.9189152180
518	5	16.5030267513	14.7799808753	10.3546982656
519	6	16.5017742270	14.7502657920	13.4729262180
520	4	15.5432573046	16.2822842703	11.9317233799
521	5	19.1468235254	16.4621950461	10.3747135040
522	6	19.1419610606	16.4212155803	13.4928603258
523	4	18.1909151633	17.9639481104	11.9570232092
524	5	21.7715999111	18.1557164265	10.3966584570
525	6	21.7734569215	18.1106395819	13.5148079640
526	4	20.8225544207	19.6591013510	11.9825376042
527	5	24.3829940972	19.8534109016	10.4082325410
528	6	24.3980371415	19.8115659343	13.5265366834
529	4	23.4409199893	21.3600665589	11.9952364125
530	5	26.9915854928	21.5443200931	10.4040050993
531	6	27.0173414165	21.5103930460	13.5226077620
532	4	26.0519025627	23.0546890218	11.9892253242
533	5	29.6063708996	23.2188021013	10.3890032943
534	6	29.6328604800	23.1940216549	13.5079269710
535	4	28.6613970068	24.7322642219	11.9695149829
536	5	32.2303067357	24.8730986089	10.3742834335
537	6	32.2462297259	24.8568520096	13.4933731235
538	4	31.2731393742	26.3888890693	11.9475898920
539	5	34.8605727486	26.5109117804	10.3697578330
540	6	34.8581660183	26.5025757581	13.4887819370
541	4	33.8879015710	28.0288291332	11.9340904546
542	5	37.4916128858	28.1420281303	10.3807612255
543	6	37.4677289760	28.1415865699	13.4995259084
544	4	36.5039765273	29.6624340483	11.9350490403
545	5	40.1175972075	29.7788951245	10.4082325378
546	6	40.0738368824	29.7867899497	13.5265366802
547	4	21.5608420282	0.8914678918	11.9521646479
548	5	25.1757226910	1.0212131260	10.4480218679
549	6	25.1199257378	1.0384837349	13.5657060127
550	4	24.1717723383	2.5485354053	11.9825375999
551	4	34.9302634951	3.1128351765	12.1299513653
552	5	3.3923689588	3.3093847075	10.5473083224
553	6	3.4302028376	3.3379989831	13.6640005492
554	4	37.5382673387	4.8254095577	12.0967199066
555	5	6.0029408077	5.0056236294	10.4892538436
556	6	6.0545172109	5.0379840448	13.6064161145
557	4	5.0428915499	6.5237142032	12.0416402413
558	5	8.6351133457	6.6857840097	10.4263129630
559	6	8.6854385099	6.7130586338	13.5440820415
560	4	7.6789785910	8.2033105715	11.9825376032
561	5	11.2854461134	8.3505382005	10.3747135038
562	6	11.3233666039	8.3668169150	13.4928603257
563	4	10.3297867173	9.8666457754	11.9349150240
564	5	13.9450698759	10.0064580062	10.3433786113
565	6	13.9654854288	10.0096207730	13.4616127275
566	4	12.9891744543	11.5218064349	11.9072837322
567	5	16.6034061297	11.6635542389	10.3341685180
568	6	16.6068842643	11.6542079954	13.4523871643
569	4	15.6484428516	13.1792743747	11.9014481149
570	5	19.2510802616	13.3309334028	10.3433786108
571	6	19.2436115225	13.3116716315	13.4616127270
572	4	18.2994935337	14.8480411379	11.9137598558
573	5	21.8829328142	15.0124112575	10.3618746596
574	6	21.8747029138	14.9878100012	13.4801994222
575	4	20.9376408988	16.5317665732	11.9349150240
576	5	24.5008419348	16.7045586315	10.3773389897
577	6	24.5015304975	16.6800364609	13.4958461826
578	4	23.5630821390	18.2265031338	11.9521646506
579	5	27.1135546580	18.3976752678	10.3807612269
580	6	27.1258790164	18.3772119737	13.4995259098
581	4	26.1803036708	19.9215152020	11.9559384558
582	5	29.7314633484	20.0804340678	10.3726289610
583	6	29.7491282470	20.0650231475	13.4916625241
584	4	28.7953966709	21.6044536083	11.9463761696
585	5	32.3601139694	21.7458922088	10.3619497421
586	6	32.3723772667	21.7342877381	13.4811601154
587	4	31.4128796202	23.2681768746	11.9324432881
588	5	34.9982621576	23.3944546937	10.3595098797
589	6	34.9958459284	23.3851552104	13.4787226089
590	4	34.0340464562	24.9138175791	11.9251215327
591	5	37.6399704093	25.0334733003	10.3726289597
592	6	37.6177917132	25.0258805094	13.4916625229
593	4	36.6569740313	26.5497570502	11.9319721005
594	5	40.2776718243	26.6743341128	10.4040050965
595	6	40.2354121792	26.6689923524	13.5226077592
596	4	39.2779224749	28.1883272258	11.9559384533
597	5	42.9042480373	28.3281380324	10.4511034774
598	6	42.8476596307	28.3269215210	13.5689808090
599	4	41.8934363366	29.8414274046	11.9952364083
600	5	45.5151557987	30.0014926163	10.5042342817
601	6	45.4569137078	30.0079418060	13.6213504330
602	4	26.9443889805	1.1054152453	12.0416402383
603	5	30.5533412749	1.2831854987	10.5473083197
604	6	30.5096436455	1.3016434633	13.6640005465
605	4	5.2104938576	3.4207181166	12.0805425997
606	5	8.7874576441	3.5923893002	10.4547834936
607	6	8.8433719375	3.6101707956	13.5723649607
608	4	7.8298729268	5.1061878179	12.0169211909
609	5	11.4196087623	5.2538050692	10.3966238356
610	6	11.4644092774	5.2717440032	13.5146867516
611	4	10.4628439887	6.7718207434	11.9570232089
612	5	14.0641847060	6.9020501194	10.3546982652
613	6	14.0905449856	6.9158229428	13.4729262176
614	4	13.1070093994	8.4238058583	11.9137598558
615	5	16.7128996547	8.5471945313	10.3341685176
616	6	16.7192546722	8.5548798049	13.4523871639
617	4	15.7561652279	10.0726709671	11.8925265488
618	5	19.3569995678	10.2001985612	10.3341685171
619	6	19.3471664176	10.2018595295	13.4523871634
620	4	18.4028746905	11.7293723397	11.8925265485
621	5	21.9898410401	11.8683826901	10.3482497699
622	6	21.9728516639	11.8660497095	13.4665625705
623	4	21.0413582083	13.4010889069	11.9072837312
624	5	24.6101322485	13.5522180903	10.3651491775
625	6	24.5973355027	13.5493307564	13.4836578762
626	4	23.6697314613	15.0879834291	11.9253440937
627	5	27.2238906553	15.2447911047	10.3736285063
628	6	27.2225590860	15.2442023263	13.4923941303
629	4	26.2906626882	16.7821541318	11.9350490411
630	5	29.8416629220	16.9346858465	10.3697578326
631	6	29.8500854948	16.9367695662	13.4887819366
632	4	28.9098212908	18.4709923568	11.9319721013
633	5	32.4717492247	18.6121569162	10.3595098794
634	6	32.4810109284	18.6147141405	13.4787226087
635	4	31.5326333565	20.1442723365	11.9217633718
636	5	35.1155361456	20.2739643441	10.3537978606
637	6	35.1155361460	20.2739643436	13.4730723566
638	4	34.1614172051	21.7993766509	11.9152382685
639	5	37.7679741574	21.9242660145	10.3619497411
640	6	37.7517927434	21.9194479229	13.4811601144
641	4	36.7946709679	23.4416951826	11.9217633712
642	5	40.4204230774	23.5726225214	10.3890032920
643	6	40.3857177921	23.5620720955	13.5079269688
644	4	39.4278433869	25.0821210519	11.9463761675
645	5	43.0634255869	25.2299603290	10.4349869809
646	6	43.0134386906	25.2146198197	13.5532752106
647	4	42.0555311515	26.7329389367	11.9892253206
648	5	45.6892779596	26.9040498945	10.4929925026
649	6	45.6341883620	26.8876547410	13.6104079919
650	4	44.6740026145	28.4034821395	12.0439953321
651	5	48.2954058006	28.5963794997	10.5481474572
652	6	48.2506373170	28.5854302437	13.6649042176
653	4	47.2830114446	30.0963884999	12.0967199048
654	4	32.3280827890	1.3956362230	12.1296688594
655	4	10.6156517080	3.6692368735	11.9811753634
656	5	14.2047579112	3.7972747699	10.3728879304
657	6	14.2324351326	3.8108430350	13.4912454071
658	4	13.2430365236	5.3197136996	11.9317233795
659	5	16.8411687517	5.4329948696	10.3482497703
660	6	16.8476430213	5.4488745911	13.4665625710
661	4	15.8777291497	6.9623120048	11.9014481142
662	5	19.4771552144	7.0735559219	10.3433786096
663	6	19.4642084025	7.0896549250	13.4616127258
664	4	18.5142654338	8.6089040246	11.8925265479
665	5	22.1060938945	8.7289163356	10.3546982631
666	6	22.0809861407	8.7448585943	13.4729262155
667	4	21.1471333506	10.2693609515	11.9014481131
668	5	24.7246216189	10.4030439784	10.3728879281
669	6	24.6990325469	10.4202290210	13.4912454048
670	4	23.7733359697	11.9475921342	11.9189152159
671	5	27.3358686073	12.0923338085	10.3857801588
672	6	27.3205760265	12.1124371709	13.5043770344
673	4	26.3938652922	13.6393343275	11.9325538730
674	5	29.9492626382	13.7869660602	10.3855468072
675	6	29.9475541557	13.8096166340	13.5044165626
676	4	29.0134435222	15.3333692198	11.9340904535
677	5	32.5751837410	15.4757152464	10.3742834317
678	6	32.5812922137	15.4976282583	13.4933731217
679	4	31.6380502190	17.0174401806	11.9251215318
680	5	35.2185203099	17.1517348086	10.3619497409
681	6	35.2224384274	17.1681573695	13.4811601142
682	4	34.2715498070	18.6849669493	11.9152382680
683	5	37.8765970544	18.8152814221	10.3595098790
684	6	37.8697515808	18.8220236797	13.4787226082
685	4	36.9136414253	20.3375494315	11.9152382679
686	5	40.5411179596	20.4730791759	10.3742834320
687	6	40.5190864974	20.4674127622	13.4933731220
688	4	39.5599285249	21.9834526911	11.9324432865
689	5	43.2012364388	22.1351714603	10.4089988487
690	6	43.1645699011	22.1161683611	13.5276984361
691	4	42.2036066686	23.6342628577	11.9695149801
692	5	45.8463550898	23.8102629464	10.4606546546
693	6	45.8017925131	23.7799800959	13.5785963312
694	4	44.8381255896	25.3005552229	12.0232954120
695	4	47.4599730134	26.9878222338	12.0826691619
696	4	16.0180186774	3.8488382316	11.9189152170
697	5	19.6174314751	3.9535658266	10.3618746582
698	6	19.6002411145	3.9729937573	13.4801994208
699	4	18.6427726893	5.4880519889	11.9072837304
700	5	22.2410357126	5.5982140828	10.3747135009
701	6	22.2079776881	5.6229148333	13.4928603228
702	4	21.2668024186	7.1391003343	11.9137598535
703	5	24.8558039498	7.2627689117	10.3966238320
704	6	24.8178681208	7.2925978281	13.5146867480
705	4	23.8870115230	8.8089493599	11.9317233767
706	5	27.4623900563	8.9468938622	10.4155283131
707	6	27.4327244537	8.9825159316	13.5336978455
708	4	26.5033239515	10.4969436659	11.9493970864
709	5	30.0682241929	10.6432829037	10.4204413281
710	6	30.0550215257	10.6838190997	13.5388646523
711	4	29.1193464236	12.1944812457	11.9556421329
712	5	32.6845386426	12.3409389239	10.4089988476
713	6	32.6864147440	12.3821946259	13.5276984350
714	4	31.7410543755	13.8888887647	11.9475898894
715	5	35.3198144589	14.0304684078	10.3890032917
716	6	35.3280301643	14.0657992792	13.5079269684
717	4	34.3738002916	15.5702634653	11.9324432862
718	5	37.9751746786	15.7079856632	10.3726289595
719	6	37.9796884768	15.7309893732	13.4916625226
720	4	37.0193041127	17.2359255124	11.9217633708
721	5	40.6443727657	17.3762954044	10.3697578324
722	6	40.6383569239	17.3825477059	13.4887819365
723	4	39.6745117617	18.8906352716	11.9251215317
724	4	42.3324146862	20.5441151964	11.9475898903
725	4	21.4058777351	4.0125349810	11.9349150213
726	5	25.0079215150	4.1353356730	10.4263129592
727	6	24.9591384165	4.1652812319	13.5440820378
728	4	24.0195461986	5.6751784750	11.9570232053
729	5	27.6107077693	5.8139670610	10.4547834891
730	6	27.5673513966	5.8534995118	13.5723649562
731	4	26.6300587888	7.3588057775	11.9811753592
732	5	30.2087403960	7.5095891150	10.4686166216
733	6	30.1831982351	7.5582327503	13.5862905487
734	4	29.2401185169	9.0578123692	11.9944043494
735	5	32.8126510971	9.2126532328	10.4606546529
736	6	32.8087066660	9.2663869812	13.5785963295
737	4	31.8551934284	10.7606261113	11.9893456616
738	5	35.4336098478	10.9128921881	10.4349869806
739	6	35.4453180239	10.9638523648	13.5532752103
740	4	34.4816047599	12.4553659499	11.9695149795
741	5	38.0773511185	12.6032388237	10.4040050969
742	6	38.0938548401	12.6425076307	13.5226077596
743	4	37.1233683783	14.1353183702	11.9463761674
744	4	39.7798131144	15.8011436239	11.9319721004
745	5	27.7790693543	2.6958875777	10.4892538398
746	6	27.7252562113	2.7243738466	13.6064161107
747	4	26.7785121546	4.2277751109	12.0169211866
748	5	30.3728047386	4.3897213526	10.5166435017
749	6	30.3361515913	4.4308622237	13.6336297991
750	4	29.3832240114	5.9264058208	12.0412174006
751	5	32.9659207237	6.0949463006	10.5182820275
752	6	32.9551727001	6.1469129611	13.6353875204
753	4	31.9907063953	7.6347931093	12.0438259991
754	5	35.5704877529	7.8017925439	10.4929925025
755	6	35.5838339303	7.8576991119	13.6104079918
756	4	34.6073968169	9.3406594548	12.0232954113
757	4	37.2391747204	11.0342650703	11.9892253211
758	4	29.5478612661	2.8020611454	12.0805425959
759	5	33.1414207605	2.9888331691	10.5643616904
760	6	33.1246929306	3.0216428539	13.6809922894
761	4	32.1502994460	4.5129193776	12.0966293659
762	4	34.7576891984	6.2264394756	12.0826691612
