Superlattice vectors (celldm1_l units):
-0.50000000000 11.25833020000 0.00000000000
-10.00000000000 5.19615240000 0.00000000000
Layer 1 points (Angstrom):
S1 -31.16000000000 14.39218744387 4.34440811000
S2 -31.16000000000 14.39218744387 7.43463952000
S1 -32.71800000000 17.09072259027 4.34440811000
S2 -32.71800000000 17.09072259027 7.43463952000
S1 -26.48600000000 11.69365229747 4.34440811000
S2 -26.48600000000 11.69365229747 7.43463952000
S1 -28.04400000000 14.39218744387 4.34440811000
S2 -28.04400000000 14.39218744387 7.43463952000
Mo -29.60200000000 13.49267573200 5.88952381500
S1 -29.60200000000 17.09072259027 4.34440811000
S2 -29.60200000000 17.09072259027 7.43463952000
Mo -31.16000000000 16.19121087840 5.88952381500
S1 -31.16000000000 19.78925773667 4.34440811000
S2 -31.16000000000 19.78925773667 7.43463952000
Mo -32.71800000000 18.88974602480 5.88952381500
S1 -32.71800000000 22.48779288307 4.34440811000
S2 -32.71800000000 22.48779288307 7.43463952000
S1 -21.81200000000 8.99511715107 4.34440811000
S2 -21.81200000000 8.99511715107 7.43463952000
S1 -23.37000000000 11.69365229747 4.34440811000
S2 -23.37000000000 11.69365229747 7.43463952000
Mo -24.92800000000 10.79414058560 5.88952381500
S1 -24.92800000000 14.39218744387 4.34440811000
S2 -24.92800000000 14.39218744387 7.43463952000
Mo -26.48600000000 13.49267573200 5.88952381500
S1 -26.48600000000 17.09072259027 4.34440811000
S2 -26.48600000000 17.09072259027 7.43463952000
Mo -28.04400000000 16.19121087840 5.88952381500
S1 -28.04400000000 19.78925773667 4.34440811000
S2 -28.04400000000 19.78925773667 7.43463952000
Mo -29.60200000000 18.88974602480 5.88952381500
S1 -29.60200000000 22.48779288307 4.34440811000
S2 -29.60200000000 22.48779288307 7.43463952000
Mo -31.16000000000 21.58828117120 5.88952381500
S1 -31.16000000000 25.18632802947 4.34440811000
S2 -31.16000000000 25.18632802947 7.43463952000
Mo -32.71800000000 24.28681631760 5.88952381500
S1 -32.71800000000 27.88486317587 4.34440811000
S2 -32.71800000000 27.88486317587 7.43463952000
Mo -34.27600000000 26.98535146400 5.88952381500
S1 -34.27600000000 30.58339832227 4.34440811000
S2 -34.27600000000 30.58339832227 7.43463952000
S1 -17.13800000000 6.29658200467 4.34440811000
S2 -17.13800000000 6.29658200467 7.43463952000
S1 -18.69600000000 8.99511715107 4.34440811000
S2 -18.69600000000 8.99511715107 7.43463952000
Mo -20.25400000000 8.09560543920 5.88952381500
S1 -20.25400000000 11.69365229747 4.34440811000
S2 -20.25400000000 11.69365229747 7.43463952000
Mo -21.81200000000 10.79414058560 5.88952381500
S1 -21.81200000000 14.39218744387 4.34440811000
S2 -21.81200000000 14.39218744387 7.43463952000
Mo -23.37000000000 13.49267573200 5.88952381500
S1 -23.37000000000 17.09072259027 4.34440811000
S2 -23.37000000000 17.09072259027 7.43463952000
Mo -24.92800000000 16.19121087840 5.88952381500
S1 -24.92800000000 19.78925773667 4.34440811000
S2 -24.92800000000 19.78925773667 7.43463952000
Mo -26.48600000000 18.88974602480 5.88952381500
S1 -26.48600000000 22.48779288307 4.34440811000
S2 -26.48600000000 22.48779288307 7.43463952000
Mo -28.04400000000 21.58828117120 5.88952381500
S1 -28.04400000000 25.18632802947 4.34440811000
S2 -28.04400000000 25.18632802947 7.43463952000
Mo -29.60200000000 24.28681631760 5.88952381500
S1 -29.60200000000 27.88486317587 4.34440811000
S2 -29.60200000000 27.88486317587 7.43463952000
Mo -31.16000000000 26.98535146400 5.88952381500
S1 -31.16000000000 30.58339832227 4.34440811000
S2 -31.16000000000 30.58339832227 7.43463952000
Mo -32.71800000000 29.68388661040 5.88952381500
S1 -32.71800000000 33.28193346867 4.34440811000
S2 -32.71800000000 33.28193346867 7.43463952000
Mo -34.27600000000 32.38242175680 5.88952381500
S1 -34.27600000000 35.98046861507 4.34440811000
S2 -34.27600000000 35.98046861507 7.43463952000
S1 -12.46400000000 3.59804685827 4.34440811000
S2 -12.46400000000 3.59804685827 7.43463952000
S1 -14.02200000000 6.29658200467 4.34440811000
S2 -14.02200000000 6.29658200467 7.43463952000
Mo -15.58000000000 5.39707029280 5.88952381500
S1 -15.58000000000 8.99511715107 4.34440811000
S2 -15.58000000000 8.99511715107 7.43463952000
Mo -17.13800000000 8.09560543920 5.88952381500
S1 -17.13800000000 11.69365229747 4.34440811000
S2 -17.13800000000 11.69365229747 7.43463952000
Mo -18.69600000000 10.79414058560 5.88952381500
S1 -18.69600000000 14.39218744387 4.34440811000
S2 -18.69600000000 14.39218744387 7.43463952000
Mo -20.25400000000 13.49267573200 5.88952381500
S1 -20.25400000000 17.09072259027 4.34440811000
S2 -20.25400000000 17.09072259027 7.43463952000
Mo -21.81200000000 16.19121087840 5.88952381500
S1 -21.81200000000 19.78925773667 4.34440811000
S2 -21.81200000000 19.78925773667 7.43463952000
Mo -23.37000000000 18.88974602480 5.88952381500
S1 -23.37000000000 22.48779288307 4.34440811000
S2 -23.37000000000 22.48779288307 7.43463952000
Mo -24.92800000000 21.58828117120 5.88952381500
S1 -24.92800000000 25.18632802947 4.34440811000
S2 -24.92800000000 25.18632802947 7.43463952000
Mo -26.48600000000 24.28681631760 5.88952381500
S1 -26.48600000000 27.88486317587 4.34440811000
S2 -26.48600000000 27.88486317587 7.43463952000
Mo -28.04400000000 26.98535146400 5.88952381500
S1 -28.04400000000 30.58339832227 4.34440811000
S2 -28.04400000000 30.58339832227 7.43463952000
Mo -29.60200000000 29.68388661040 5.88952381500
S1 -29.60200000000 33.28193346867 4.34440811000
S2 -29.60200000000 33.28193346867 7.43463952000
Mo -31.16000000000 32.38242175680 5.88952381500
S1 -31.16000000000 35.98046861507 4.34440811000
S2 -31.16000000000 35.98046861507 7.43463952000
Mo -32.71800000000 35.08095690320 5.88952381500
S1 -32.71800000000 38.67900376147 4.34440811000
S2 -32.71800000000 38.67900376147 7.43463952000
Mo -34.27600000000 37.77949204960 5.88952381500
S1 -34.27600000000 41.37753890787 4.34440811000
S2 -34.27600000000 41.37753890787 7.43463952000
S1 -9.34800000000 3.59804685827 4.34440811000
S2 -9.34800000000 3.59804685827 7.43463952000
Mo -10.90600000000 2.69853514640 5.88952381500
S1 -10.90600000000 6.29658200467 4.34440811000
S2 -10.90600000000 6.29658200467 7.43463952000
Mo -12.46400000000 5.39707029280 5.88952381500
S1 -12.46400000000 8.99511715107 4.34440811000
S2 -12.46400000000 8.99511715107 7.43463952000
Mo -14.02200000000 8.09560543920 5.88952381500
S1 -14.02200000000 11.69365229747 4.34440811000
S2 -14.02200000000 11.69365229747 7.43463952000
Mo -15.58000000000 10.79414058560 5.88952381500
S1 -15.58000000000 14.39218744387 4.34440811000
S2 -15.58000000000 14.39218744387 7.43463952000
Mo -17.13800000000 13.49267573200 5.88952381500
S1 -17.13800000000 17.09072259027 4.34440811000
S2 -17.13800000000 17.09072259027 7.43463952000
Mo -18.69600000000 16.19121087840 5.88952381500
S1 -18.69600000000 19.78925773667 4.34440811000
S2 -18.69600000000 19.78925773667 7.43463952000
Mo -20.25400000000 18.88974602480 5.88952381500
S1 -20.25400000000 22.48779288307 4.34440811000
S2 -20.25400000000 22.48779288307 7.43463952000
Mo -21.81200000000 21.58828117120 5.88952381500
S1 -21.81200000000 25.18632802947 4.34440811000
S2 -21.81200000000 25.18632802947 7.43463952000
Mo -23.37000000000 24.28681631760 5.88952381500
S1 -23.37000000000 27.88486317587 4.34440811000
S2 -23.37000000000 27.88486317587 7.43463952000
Mo -24.92800000000 26.98535146400 5.88952381500
S1 -24.92800000000 30.58339832227 4.34440811000
S2 -24.92800000000 30.58339832227 7.43463952000
Mo -26.48600000000 29.68388661040 5.88952381500
S1 -26.48600000000 33.28193346867 4.34440811000
S2 -26.48600000000 33.28193346867 7.43463952000
Mo -28.04400000000 32.38242175680 5.88952381500
S1 -28.04400000000 35.98046861507 4.34440811000
S2 -28.04400000000 35.98046861507 7.43463952000
Mo -29.60200000000 35.08095690320 5.88952381500
S1 -29.60200000000 38.67900376147 4.34440811000
S2 -29.60200000000 38.67900376147 7.43463952000
Mo -31.16000000000 37.77949204960 5.88952381500
S1 -31.16000000000 41.37753890787 4.34440811000
S2 -31.16000000000 41.37753890787 7.43463952000
Mo -32.71800000000 40.47802719600 5.88952381500
S1 -32.71800000000 44.07607405427 4.34440811000
S2 -32.71800000000 44.07607405427 7.43463952000
Mo -34.27600000000 43.17656234240 5.88952381500
S1 -34.27600000000 46.77460920067 4.34440811000
S2 -34.27600000000 46.77460920067 7.43463952000
S1 -4.67400000000 0.89951171187 4.34440811000
S2 -4.67400000000 0.89951171187 7.43463952000
S1 -6.23200000000 3.59804685827 4.34440811000
S2 -6.23200000000 3.59804685827 7.43463952000
Mo -7.79000000000 2.69853514640 5.88952381500
S1 -7.79000000000 6.29658200467 4.34440811000
S2 -7.79000000000 6.29658200467 7.43463952000
Mo -9.34800000000 5.39707029280 5.88952381500
S1 -9.34800000000 8.99511715107 4.34440811000
S2 -9.34800000000 8.99511715107 7.43463952000
Mo -10.90600000000 8.09560543920 5.88952381500
S1 -10.90600000000 11.69365229747 4.34440811000
S2 -10.90600000000 11.69365229747 7.43463952000
Mo -12.46400000000 10.79414058560 5.88952381500
S1 -12.46400000000 14.39218744387 4.34440811000
S2 -12.46400000000 14.39218744387 7.43463952000
Mo -14.02200000000 13.49267573200 5.88952381500
S1 -14.02200000000 17.09072259027 4.34440811000
S2 -14.02200000000 17.09072259027 7.43463952000
Mo -15.58000000000 16.19121087840 5.88952381500
S1 -15.58000000000 19.78925773667 4.34440811000
S2 -15.58000000000 19.78925773667 7.43463952000
Mo -17.13800000000 18.88974602480 5.88952381500
S1 -17.13800000000 22.48779288307 4.34440811000
S2 -17.13800000000 22.48779288307 7.43463952000
Mo -18.69600000000 21.58828117120 5.88952381500
S1 -18.69600000000 25.18632802947 4.34440811000
S2 -18.69600000000 25.18632802947 7.43463952000
Mo -20.25400000000 24.28681631760 5.88952381500
S1 -20.25400000000 27.88486317587 4.34440811000
S2 -20.25400000000 27.88486317587 7.43463952000
Mo -21.81200000000 26.98535146400 5.88952381500
S1 -21.81200000000 30.58339832227 4.34440811000
S2 -21.81200000000 30.58339832227 7.43463952000
Mo -23.37000000000 29.68388661040 5.88952381500
S1 -23.37000000000 33.28193346867 4.34440811000
S2 -23.37000000000 33.28193346867 7.43463952000
Mo -24.92800000000 32.38242175680 5.88952381500
S1 -24.92800000000 35.98046861507 4.34440811000
S2 -24.92800000000 35.98046861507 7.43463952000
Mo -26.48600000000 35.08095690320 5.88952381500
S1 -26.48600000000 38.67900376147 4.34440811000
S2 -26.48600000000 38.67900376147 7.43463952000
Mo -28.04400000000 37.77949204960 5.88952381500
S1 -28.04400000000 41.37753890787 4.34440811000
S2 -28.04400000000 41.37753890787 7.43463952000
Mo -29.60200000000 40.47802719600 5.88952381500
S1 -29.60200000000 44.07607405427 4.34440811000
S2 -29.60200000000 44.07607405427 7.43463952000
Mo -31.16000000000 43.17656234240 5.88952381500
S1 -31.16000000000 46.77460920067 4.34440811000
S2 -31.16000000000 46.77460920067 7.43463952000
Mo -32.71800000000 45.87509748880 5.88952381500
Mo -34.27600000000 48.57363263520 5.88952381500
Mo -3.11600000000 0.00000000000 5.88952381500
S1 -3.11600000000 3.59804685827 4.34440811000
S2 -3.11600000000 3.59804685827 7.43463952000
Mo -4.67400000000 2.69853514640 5.88952381500
S1 -4.67400000000 6.29658200467 4.34440811000
S2 -4.67400000000 6.29658200467 7.43463952000
Mo -6.23200000000 5.39707029280 5.88952381500
S1 -6.23200000000 8.99511715107 4.34440811000
S2 -6.23200000000 8.99511715107 7.43463952000
Mo -7.79000000000 8.09560543920 5.88952381500
S1 -7.79000000000 11.69365229747 4.34440811000
S2 -7.79000000000 11.69365229747 7.43463952000
Mo -9.34800000000 10.79414058560 5.88952381500
S1 -9.34800000000 14.39218744387 4.34440811000
S2 -9.34800000000 14.39218744387 7.43463952000
Mo -10.90600000000 13.49267573200 5.88952381500
S1 -10.90600000000 17.09072259027 4.34440811000
S2 -10.90600000000 17.09072259027 7.43463952000
Mo -12.46400000000 16.19121087840 5.88952381500
S1 -12.46400000000 19.78925773667 4.34440811000
S2 -12.46400000000 19.78925773667 7.43463952000
Mo -14.02200000000 18.88974602480 5.88952381500
S1 -14.02200000000 22.48779288307 4.34440811000
S2 -14.02200000000 22.48779288307 7.43463952000
Mo -15.58000000000 21.58828117120 5.88952381500
S1 -15.58000000000 25.18632802947 4.34440811000
S2 -15.58000000000 25.18632802947 7.43463952000
Mo -17.13800000000 24.28681631760 5.88952381500
S1 -17.13800000000 27.88486317587 4.34440811000
S2 -17.13800000000 27.88486317587 7.43463952000
Mo -18.69600000000 26.98535146400 5.88952381500
S1 -18.69600000000 30.58339832227 4.34440811000
S2 -18.69600000000 30.58339832227 7.43463952000
Mo -20.25400000000 29.68388661040 5.88952381500
S1 -20.25400000000 33.28193346867 4.34440811000
S2 -20.25400000000 33.28193346867 7.43463952000
Mo -21.81200000000 32.38242175680 5.88952381500
S1 -21.81200000000 35.98046861507 4.34440811000
S2 -21.81200000000 35.98046861507 7.43463952000
Mo -23.37000000000 35.08095690320 5.88952381500
S1 -23.37000000000 38.67900376147 4.34440811000
S2 -23.37000000000 38.67900376147 7.43463952000
Mo -24.92800000000 37.77949204960 5.88952381500
S1 -24.92800000000 41.37753890787 4.34440811000
S2 -24.92800000000 41.37753890787 7.43463952000
Mo -26.48600000000 40.47802719600 5.88952381500
S1 -26.48600000000 44.07607405427 4.34440811000
S2 -26.48600000000 44.07607405427 7.43463952000
Mo -28.04400000000 43.17656234240 5.88952381500
Mo -29.60200000000 45.87509748880 5.88952381500
Mo -3.11600000000 5.39707029280 5.88952381500
S1 -3.11600000000 8.99511715107 4.34440811000
S2 -3.11600000000 8.99511715107 7.43463952000
Mo -4.67400000000 8.09560543920 5.88952381500
S1 -4.67400000000 11.69365229747 4.34440811000
S2 -4.67400000000 11.69365229747 7.43463952000
Mo -6.23200000000 10.79414058560 5.88952381500
S1 -6.23200000000 14.39218744387 4.34440811000
S2 -6.23200000000 14.39218744387 7.43463952000
Mo -7.79000000000 13.49267573200 5.88952381500
S1 -7.79000000000 17.09072259027 4.34440811000
S2 -7.79000000000 17.09072259027 7.43463952000
Mo -9.34800000000 16.19121087840 5.88952381500
S1 -9.34800000000 19.78925773667 4.34440811000
S2 -9.34800000000 19.78925773667 7.43463952000
Mo -10.90600000000 18.88974602480 5.88952381500
S1 -10.90600000000 22.48779288307 4.34440811000
S2 -10.90600000000 22.48779288307 7.43463952000
Mo -12.46400000000 21.58828117120 5.88952381500
S1 -12.46400000000 25.18632802947 4.34440811000
S2 -12.46400000000 25.18632802947 7.43463952000
Mo -14.02200000000 24.28681631760 5.88952381500
S1 -14.02200000000 27.88486317587 4.34440811000
S2 -14.02200000000 27.88486317587 7.43463952000
Mo -15.58000000000 26.98535146400 5.88952381500
S1 -15.58000000000 30.58339832227 4.34440811000
S2 -15.58000000000 30.58339832227 7.43463952000
Mo -17.13800000000 29.68388661040 5.88952381500
S1 -17.13800000000 33.28193346867 4.34440811000
S2 -17.13800000000 33.28193346867 7.43463952000
Mo -18.69600000000 32.38242175680 5.88952381500
S1 -18.69600000000 35.98046861507 4.34440811000
S2 -18.69600000000 35.98046861507 7.43463952000
Mo -20.25400000000 35.08095690320 5.88952381500
S1 -20.25400000000 38.67900376147 4.34440811000
S2 -20.25400000000 38.67900376147 7.43463952000
Mo -21.81200000000 37.77949204960 5.88952381500
S1 -21.81200000000 41.37753890787 4.34440811000
S2 -21.81200000000 41.37753890787 7.43463952000
Mo -23.37000000000 40.47802719600 5.88952381500
Mo -24.92800000000 43.17656234240 5.88952381500
Mo -4.67400000000 13.49267573200 5.88952381500
S1 -4.67400000000 17.09072259027 4.34440811000
S2 -4.67400000000 17.09072259027 7.43463952000
Mo -6.23200000000 16.19121087840 5.88952381500
S1 -6.23200000000 19.78925773667 4.34440811000
S2 -6.23200000000 19.78925773667 7.43463952000
Mo -7.79000000000 18.88974602480 5.88952381500
S1 -7.79000000000 22.48779288307 4.34440811000
S2 -7.79000000000 22.48779288307 7.43463952000
Mo -9.34800000000 21.58828117120 5.88952381500
S1 -9.34800000000 25.18632802947 4.34440811000
S2 -9.34800000000 25.18632802947 7.43463952000
Mo -10.90600000000 24.28681631760 5.88952381500
S1 -10.90600000000 27.88486317587 4.34440811000
S2 -10.90600000000 27.88486317587 7.43463952000
Mo -12.46400000000 26.98535146400 5.88952381500
S1 -12.46400000000 30.58339832227 4.34440811000
S2 -12.46400000000 30.58339832227 7.43463952000
Mo -14.02200000000 29.68388661040 5.88952381500
S1 -14.02200000000 33.28193346867 4.34440811000
S2 -14.02200000000 33.28193346867 7.43463952000
Mo -15.58000000000 32.38242175680 5.88952381500
S1 -15.58000000000 35.98046861507 4.34440811000
S2 -15.58000000000 35.98046861507 7.43463952000
Mo -17.13800000000 35.08095690320 5.88952381500
S1 -17.13800000000 38.67900376147 4.34440811000
S2 -17.13800000000 38.67900376147 7.43463952000
Mo -18.69600000000 37.77949204960 5.88952381500
Mo -20.25400000000 40.47802719600 5.88952381500
Mo -4.67400000000 18.88974602480 5.88952381500
S1 -4.67400000000 22.48779288307 4.34440811000
S2 -4.67400000000 22.48779288307 7.43463952000
Mo -6.23200000000 21.58828117120 5.88952381500
S1 -6.23200000000 25.18632802947 4.34440811000
S2 -6.23200000000 25.18632802947 7.43463952000
Mo -7.79000000000 24.28681631760 5.88952381500
S1 -7.79000000000 27.88486317587 4.34440811000
S2 -7.79000000000 27.88486317587 7.43463952000
Mo -9.34800000000 26.98535146400 5.88952381500
S1 -9.34800000000 30.58339832227 4.34440811000
S2 -9.34800000000 30.58339832227 7.43463952000
Mo -10.90600000000 29.68388661040 5.88952381500
S1 -10.90600000000 33.28193346867 4.34440811000
S2 -10.90600000000 33.28193346867 7.43463952000
Mo -12.46400000000 32.38242175680 5.88952381500
S1 -12.46400000000 35.98046861507 4.34440811000
S2 -12.46400000000 35.98046861507 7.43463952000
Mo -14.02200000000 35.08095690320 5.88952381500
Mo -15.58000000000 37.77949204960 5.88952381500
Mo -4.67400000000 24.28681631760 5.88952381500
S1 -4.67400000000 27.88486317587 4.34440811000
S2 -4.67400000000 27.88486317587 7.43463952000
Mo -6.23200000000 26.98535146400 5.88952381500
S1 -6.23200000000 30.58339832227 4.34440811000
S2 -6.23200000000 30.58339832227 7.43463952000
Mo -7.79000000000 29.68388661040 5.88952381500
S1 -7.79000000000 33.28193346867 4.34440811000
S2 -7.79000000000 33.28193346867 7.43463952000
Mo -9.34800000000 32.38242175680 5.88952381500
S1 -9.34800000000 35.98046861507 4.34440811000
S2 -9.34800000000 35.98046861507 7.43463952000
Mo -10.90600000000 35.08095690320 5.88952381500
Mo -4.67400000000 29.68388661040 5.88952381500
S1 -4.67400000000 33.28193346867 4.34440811000
S2 -4.67400000000 33.28193346867 7.43463952000
Mo -6.23200000000 32.38242175680 5.88952381500
Mo -7.79000000000 35.08095690320 5.88952381500
Number of points in layer 1: 381
Layer 2 points (Angstrom):
S1 -31.00051967800 14.39927020205 10.24440811000
S2 -31.00051967800 14.39927020205 13.33463952000
S1 -32.79160629111 16.94906719018 10.24440811000
S2 -32.79160629111 16.94906719018 13.33463952000
S1 -26.10570078142 12.12570122221 10.24440811000
S2 -26.10570078142 12.12570122221 13.33463952000
S1 -27.89678739453 14.67549821035 10.24440811000
S2 -27.89678739453 14.67549821035 13.33463952000
Mo -29.36891337946 13.64141387902 11.78952381500
S1 -29.68787400764 17.22529519848 10.24440811000
S2 -29.68787400764 17.22529519848 13.33463952000
Mo -31.15999999257 16.19121086715 11.78952381500
S1 -31.47896062075 19.77509218661 10.24440811000
S2 -31.47896062075 19.77509218661 13.33463952000
Mo -32.95108660568 18.74100785529 11.78952381500
S1 -33.27004723386 22.32488917475 10.24440811000
S2 -33.27004723386 22.32488917475 13.33463952000
S1 -19.41979527174 7.30233525424 10.24440811000
S2 -19.41979527174 7.30233525424 13.33463952000
S1 -21.21088188485 9.85213224238 10.24440811000
S2 -21.21088188485 9.85213224238 13.33463952000
Mo -22.68300786977 8.81804791105 11.78952381500
S1 -23.00196849795 12.40192923051 10.24440811000
S2 -23.00196849795 12.40192923051 13.33463952000
Mo -24.47409448288 11.36784489918 11.78952381500
S1 -24.79305511106 14.95172621864 10.24440811000
S2 -24.79305511106 14.95172621864 13.33463952000
Mo -26.26518109599 13.91764188732 11.78952381500
S1 -26.58414172417 17.50152320678 10.24440811000
S2 -26.58414172417 17.50152320678 13.33463952000
Mo -28.05626770910 16.46743887545 11.78952381500
S1 -28.37522833728 20.05132019491 10.24440811000
S2 -28.37522833728 20.05132019491 13.33463952000
Mo -29.84735432221 19.01723586358 11.78952381500
S1 -30.16631495039 22.60111718304 10.24440811000
S2 -30.16631495039 22.60111718304 13.33463952000
Mo -31.63844093532 21.56703285172 11.78952381500
S1 -31.95740156350 25.15091417118 10.24440811000
S2 -31.95740156350 25.15091417118 13.33463952000
Mo -33.42952754843 24.11682983985 11.78952381500
S1 -33.74848817661 27.70071115931 10.24440811000
S2 -33.74848817661 27.70071115931 13.33463952000
S1 -14.52497637516 5.02876627440 10.24440811000
S2 -14.52497637516 5.02876627440 13.33463952000
S1 -16.31606298827 7.57856326254 10.24440811000
S2 -16.31606298827 7.57856326254 13.33463952000
Mo -17.78818897320 6.54447893121 11.78952381500
S1 -18.10714960138 10.12836025067 10.24440811000
S2 -18.10714960138 10.12836025067 13.33463952000
Mo -19.57927558631 9.09427591935 11.78952381500
S1 -19.89823621449 12.67815723881 10.24440811000
S2 -19.89823621449 12.67815723881 13.33463952000
Mo -21.37036219941 11.64407290748 11.78952381500
S1 -21.68932282760 15.22795422694 10.24440811000
S2 -21.68932282760 15.22795422694 13.33463952000
Mo -23.16144881252 14.19386989561 11.78952381500
S1 -23.48040944071 17.77775121507 10.24440811000
S2 -23.48040944071 17.77775121507 13.33463952000
Mo -24.95253542563 16.74366688375 11.78952381500
S1 -25.27149605382 20.32754820321 10.24440811000
S2 -25.27149605382 20.32754820321 13.33463952000
Mo -26.74362203874 19.29346387188 11.78952381500
S1 -27.06258266693 22.87734519134 10.24440811000
S2 -27.06258266693 22.87734519134 13.33463952000
Mo -28.53470865185 21.84326086001 11.78952381500
S1 -28.85366928004 25.42714217947 10.24440811000
S2 -28.85366928004 25.42714217947 13.33463952000
Mo -30.32579526496 24.39305784815 11.78952381500
S1 -30.64475589315 27.97693916761 10.24440811000
S2 -30.64475589315 27.97693916761 13.33463952000
Mo -32.11688187807 26.94285483628 11.78952381500
S1 -32.43584250626 30.52673615574 10.24440811000
S2 -32.43584250626 30.52673615574 13.33463952000
Mo -33.90796849118 29.49265182442 11.78952381500
S1 -34.22692911937 33.07653314387 10.24440811000
S2 -34.22692911937 33.07653314387 13.33463952000
S1 -9.63015747858 2.75519729457 10.24440811000
S2 -9.63015747858 2.75519729457 13.33463952000
S1 -11.42124409169 5.30499428270 10.24440811000
S2 -11.42124409169 5.30499428270 13.33463952000
Mo -12.89337007662 4.27090995138 11.78952381500
S1 -13.21233070480 7.85479127084 10.24440811000
S2 -13.21233070480 7.85479127084 13.33463952000
Mo -14.68445668973 6.82070693951 11.78952381500
S1 -15.00341731791 10.40458825897 10.24440811000
S2 -15.00341731791 10.40458825897 13.33463952000
Mo -16.47554330284 9.37050392764 11.78952381500
S1 -16.79450393102 12.95438524710 10.24440811000
S2 -16.79450393102 12.95438524710 13.33463952000
Mo -18.26662991595 11.92030091578 11.78952381500
S1 -18.58559054413 15.50418223524 10.24440811000
S2 -18.58559054413 15.50418223524 13.33463952000
Mo -20.05771652906 14.47009790391 11.78952381500
S1 -20.37667715724 18.05397922337 10.24440811000
S2 -20.37667715724 18.05397922337 13.33463952000
Mo -21.84880314217 17.01989489204 11.78952381500
S1 -22.16776377035 20.60377621150 10.24440811000
S2 -22.16776377035 20.60377621150 13.33463952000
Mo -23.63988975528 19.56969188018 11.78952381500
S1 -23.95885038346 23.15357319964 10.24440811000
S2 -23.95885038346 23.15357319964 13.33463952000
Mo -25.43097636839 22.11948886831 11.78952381500
S1 -25.74993699657 25.70337018777 10.24440811000
S2 -25.74993699657 25.70337018777 13.33463952000
Mo -27.22206298150 24.66928585645 11.78952381500
S1 -27.54102360968 28.25316717590 10.24440811000
S2 -27.54102360968 28.25316717590 13.33463952000
Mo -29.01314959461 27.21908284458 11.78952381500
S1 -29.33211022279 30.80296416404 10.24440811000
S2 -29.33211022279 30.80296416404 13.33463952000
Mo -30.80423620772 29.76887983271 11.78952381500
S1 -31.12319683590 33.35276115217 10.24440811000
S2 -31.12319683590 33.35276115217 13.33463952000
Mo -32.59532282083 32.31867682085 11.78952381500
S1 -32.91428344901 35.90255814030 10.24440811000
S2 -32.91428344901 35.90255814030 13.33463952000
Mo -34.38640943394 34.86847380898 11.78952381500
S1 -34.70537006212 38.45235512844 10.24440811000
S2 -34.70537006212 38.45235512844 13.33463952000
S1 -4.73533858201 0.48162831473 10.24440811000
S2 -4.73533858201 0.48162831473 13.33463952000
S1 -6.52642519512 3.03142530287 10.24440811000
S2 -6.52642519512 3.03142530287 13.33463952000
Mo -7.99855118004 1.99734097154 11.78952381500
S1 -8.31751180823 5.58122229100 10.24440811000
S2 -8.31751180823 5.58122229100 13.33463952000
Mo -9.78963779315 4.54713795967 11.78952381500
S1 -10.10859842134 8.13101927913 10.24440811000
S2 -10.10859842134 8.13101927913 13.33463952000
Mo -11.58072440626 7.09693494781 11.78952381500
S1 -11.89968503445 10.68081626727 10.24440811000
S2 -11.89968503445 10.68081626727 13.33463952000
Mo -13.37181101937 9.64673193594 11.78952381500
S1 -13.69077164756 13.23061325540 10.24440811000
S2 -13.69077164756 13.23061325540 13.33463952000
Mo -15.16289763248 12.19652892407 11.78952381500
S1 -15.48185826067 15.78041024353 10.24440811000
S2 -15.48185826067 15.78041024353 13.33463952000
Mo -16.95398424559 14.74632591221 11.78952381500
S1 -17.27294487377 18.33020723167 10.24440811000
S2 -17.27294487377 18.33020723167 13.33463952000
Mo -18.74507085870 17.29612290034 11.78952381500
S1 -19.06403148688 20.88000421980 10.24440811000
S2 -19.06403148688 20.88000421980 13.33463952000
Mo -20.53615747181 19.84591988847 11.78952381500
S1 -20.85511809999 23.42980120793 10.24440811000
S2 -20.85511809999 23.42980120793 13.33463952000
Mo -22.32724408492 22.39571687661 11.78952381500
S1 -22.64620471310 25.97959819607 10.24440811000
S2 -22.64620471310 25.97959819607 13.33463952000
Mo -24.11833069803 24.94551386474 11.78952381500
S1 -24.43729132621 28.52939518420 10.24440811000
S2 -24.43729132621 28.52939518420 13.33463952000
Mo -25.90941731114 27.49531085288 11.78952381500
S1 -26.22837793932 31.07919217233 10.24440811000
S2 -26.22837793932 31.07919217233 13.33463952000
Mo -27.70050392425 30.04510784101 11.78952381500
S1 -28.01946455243 33.62898916047 10.24440811000
S2 -28.01946455243 33.62898916047 13.33463952000
Mo -29.49159053736 32.59490482914 11.78952381500
S1 -29.81055116554 36.17878614860 10.24440811000
S2 -29.81055116554 36.17878614860 13.33463952000
Mo -31.28267715047 35.14470181728 11.78952381500
S1 -31.60163777865 38.72858313673 10.24440811000
S2 -31.60163777865 38.72858313673 13.33463952000
Mo -33.07376376358 37.69449880541 11.78952381500
S1 -33.39272439176 41.27838012487 10.24440811000
S2 -33.39272439176 41.27838012487 13.33463952000
Mo -34.86485037669 40.24429579354 11.78952381500
Mo -3.10373228347 -0.27622800830 11.78952381500
S1 -3.42269291165 3.30765331116 10.24440811000
S2 -3.42269291165 3.30765331116 13.33463952000
Mo -4.89481889658 2.27356897984 11.78952381500
S1 -5.21377952476 5.85745029930 10.24440811000
S2 -5.21377952476 5.85745029930 13.33463952000
Mo -6.68590550969 4.82336596797 11.78952381500
S1 -7.00486613787 8.40724728743 10.24440811000
S2 -7.00486613787 8.40724728743 13.33463952000
Mo -8.47699212280 7.37316295610 11.78952381500
S1 -8.79595275098 10.95704427556 10.24440811000
S2 -8.79595275098 10.95704427556 13.33463952000
Mo -10.26807873591 9.92295994424 11.78952381500
S1 -10.58703936409 13.50684126370 10.24440811000
S2 -10.58703936409 13.50684126370 13.33463952000
Mo -12.05916534902 12.47275693237 11.78952381500
S1 -12.37812597720 16.05663825183 10.24440811000
S2 -12.37812597720 16.05663825183 13.33463952000
Mo -13.85025196213 15.02255392050 11.78952381500
S1 -14.16921259031 18.60643523996 10.24440811000
S2 -14.16921259031 18.60643523996 13.33463952000
Mo -15.64133857523 17.57235090864 11.78952381500
S1 -15.96029920342 21.15623222810 10.24440811000
S2 -15.96029920342 21.15623222810 13.33463952000
Mo -17.43242518834 20.12214789677 11.78952381500
S1 -17.75138581653 23.70602921623 10.24440811000
S2 -17.75138581653 23.70602921623 13.33463952000
Mo -19.22351180145 22.67194488491 11.78952381500
S1 -19.54247242964 26.25582620436 10.24440811000
S2 -19.54247242964 26.25582620436 13.33463952000
Mo -21.01459841456 25.22174187304 11.78952381500
S1 -21.33355904275 28.80562319250 10.24440811000
S2 -21.33355904275 28.80562319250 13.33463952000
Mo -22.80568502767 27.77153886117 11.78952381500
S1 -23.12464565586 31.35542018063 10.24440811000
S2 -23.12464565586 31.35542018063 13.33463952000
Mo -24.59677164078 30.32133584931 11.78952381500
S1 -24.91573226897 33.90521716876 10.24440811000
S2 -24.91573226897 33.90521716876 13.33463952000
Mo -26.38785825389 32.87113283744 11.78952381500
S1 -26.70681888208 36.45501415690 10.24440811000
S2 -26.70681888208 36.45501415690 13.33463952000
Mo -28.17894486700 35.42092982557 11.78952381500
S1 -28.49790549519 39.00481114503 10.24440811000
S2 -28.49790549519 39.00481114503 13.33463952000
Mo -29.97003148011 37.97072681371 11.78952381500
S1 -30.28899210830 41.55460813317 10.24440811000
S2 -30.28899210830 41.55460813317 13.33463952000
Mo -31.76111809322 40.52052380184 11.78952381500
S1 -32.08007872141 44.10440512130 10.24440811000
S2 -32.08007872141 44.10440512130 13.33463952000
Mo -33.55220470633 43.07032078997 11.78952381500
S1 -33.87116533452 46.65420210943 10.24440811000
S2 -33.87116533452 46.65420210943 13.33463952000
Mo -3.58217322622 5.09959397627 11.78952381500
S1 -3.90113385440 8.68347529573 10.24440811000
S2 -3.90113385440 8.68347529573 13.33463952000
Mo -5.37325983933 7.64939096440 11.78952381500
S1 -5.69222046751 11.23327228386 10.24440811000
S2 -5.69222046751 11.23327228386 13.33463952000
Mo -7.16434645244 10.19918795253 11.78952381500
S1 -7.48330708062 13.78306927199 10.24440811000
S2 -7.48330708062 13.78306927199 13.33463952000
Mo -8.95543306555 12.74898494067 11.78952381500
S1 -9.27439369373 16.33286626013 10.24440811000
S2 -9.27439369373 16.33286626013 13.33463952000
Mo -10.74651967866 15.29878192880 11.78952381500
S1 -11.06548030684 18.88266324826 10.24440811000
S2 -11.06548030684 18.88266324826 13.33463952000
Mo -12.53760629177 17.84857891693 11.78952381500
S1 -12.85656691995 21.43246023639 10.24440811000
S2 -12.85656691995 21.43246023639 13.33463952000
Mo -14.32869290488 20.39837590507 11.78952381500
S1 -14.64765353306 23.98225722453 10.24440811000
S2 -14.64765353306 23.98225722453 13.33463952000
Mo -16.11977951799 22.94817289320 11.78952381500
S1 -16.43874014617 26.53205421266 10.24440811000
S2 -16.43874014617 26.53205421266 13.33463952000
Mo -17.91086613110 25.49796988134 11.78952381500
S1 -18.22982675928 29.08185120079 10.24440811000
S2 -18.22982675928 29.08185120079 13.33463952000
Mo -19.70195274421 28.04776686947 11.78952381500
S1 -20.02091337239 31.63164818893 10.24440811000
S2 -20.02091337239 31.63164818893 13.33463952000
Mo -21.49303935732 30.59756385760 11.78952381500
S1 -21.81199998550 34.18144517706 10.24440811000
S2 -21.81199998550 34.18144517706 13.33463952000
Mo -23.28412597043 33.14736084574 11.78952381500
S1 -23.60308659861 36.73124216520 10.24440811000
S2 -23.60308659861 36.73124216520 13.33463952000
Mo -25.07521258354 35.69715783387 11.78952381500
S1 -25.39417321172 39.28103915333 10.24440811000
S2 -25.39417321172 39.28103915333 13.33463952000
Mo -26.86629919665 38.24695482200 11.78952381500
S1 -27.18525982483 41.83083614146 10.24440811000
S2 -27.18525982483 41.83083614146 13.33463952000
Mo -28.65738580976 40.79675181014 11.78952381500
S1 -28.97634643794 44.38063312960 10.24440811000
S2 -28.97634643794 44.38063312960 13.33463952000
Mo -30.44847242287 43.34654879827 11.78952381500
S1 -30.76743305105 46.93043011773 10.24440811000
S2 -30.76743305105 46.93043011773 13.33463952000
Mo -32.23955903598 45.89634578640 11.78952381500
Mo -34.03064564909 48.44614277454 11.78952381500
Mo -4.06061416897 10.47541596083 11.78952381500
S1 -4.37957479716 14.05929728029 10.24440811000
S2 -4.37957479716 14.05929728029 13.33463952000
Mo -5.85170078208 13.02521294896 11.78952381500
S1 -6.17066141027 16.60909426842 10.24440811000
S2 -6.17066141027 16.60909426842 13.33463952000
Mo -7.64278739519 15.57500993710 11.78952381500
S1 -7.96174802338 19.15889125656 10.24440811000
S2 -7.96174802338 19.15889125656 13.33463952000
Mo -9.43387400830 18.12480692523 11.78952381500
S1 -9.75283463648 21.70868824469 10.24440811000
S2 -9.75283463648 21.70868824469 13.33463952000
Mo -11.22496062141 20.67460391337 11.78952381500
S1 -11.54392124959 24.25848523282 10.24440811000
S2 -11.54392124959 24.25848523282 13.33463952000
Mo -13.01604723452 23.22440090150 11.78952381500
S1 -13.33500786270 26.80828222096 10.24440811000
S2 -13.33500786270 26.80828222096 13.33463952000
Mo -14.80713384763 25.77419788963 11.78952381500
S1 -15.12609447581 29.35807920909 10.24440811000
S2 -15.12609447581 29.35807920909 13.33463952000
Mo -16.59822046074 28.32399487777 11.78952381500
S1 -16.91718108892 31.90787619722 10.24440811000
S2 -16.91718108892 31.90787619722 13.33463952000
Mo -18.38930707385 30.87379186590 11.78952381500
S1 -18.70826770203 34.45767318536 10.24440811000
S2 -18.70826770203 34.45767318536 13.33463952000
Mo -20.18039368696 33.42358885403 11.78952381500
S1 -20.49935431514 37.00747017349 10.24440811000
S2 -20.49935431514 37.00747017349 13.33463952000
Mo -21.97148030007 35.97338584217 11.78952381500
S1 -22.29044092825 39.55726716163 10.24440811000
S2 -22.29044092825 39.55726716163 13.33463952000
Mo -23.76256691318 38.52318283030 11.78952381500
S1 -24.08152754136 42.10706414976 10.24440811000
S2 -24.08152754136 42.10706414976 13.33463952000
Mo -25.55365352629 41.07297981843 11.78952381500
S1 -25.87261415447 44.65686113789 10.24440811000
S2 -25.87261415447 44.65686113789 13.33463952000
Mo -27.34474013940 43.62277680657 11.78952381500
Mo -29.13582675251 46.17257379470 11.78952381500
Mo -4.53905511173 15.85123794540 11.78952381500
S1 -4.85801573991 19.43511926485 10.24440811000
S2 -4.85801573991 19.43511926485 13.33463952000
Mo -6.33014172484 18.40103493353 11.78952381500
S1 -6.64910235302 21.98491625299 10.24440811000
S2 -6.64910235302 21.98491625299 13.33463952000
Mo -8.12122833795 20.95083192166 11.78952381500
S1 -8.44018896613 24.53471324112 10.24440811000
S2 -8.44018896613 24.53471324112 13.33463952000
Mo -9.91231495105 23.50062890980 11.78952381500
S1 -10.23127557924 27.08451022925 10.24440811000
S2 -10.23127557924 27.08451022925 13.33463952000
Mo -11.70340156416 26.05042589793 11.78952381500
S1 -12.02236219235 29.63430721739 10.24440811000
S2 -12.02236219235 29.63430721739 13.33463952000
Mo -13.49448817727 28.60022288606 11.78952381500
S1 -13.81344880546 32.18410420552 10.24440811000
S2 -13.81344880546 32.18410420552 13.33463952000
Mo -15.28557479038 31.15001987420 11.78952381500
S1 -15.60453541857 34.73390119366 10.24440811000
S2 -15.60453541857 34.73390119366 13.33463952000
Mo -17.07666140349 33.69981686233 11.78952381500
S1 -17.39562203168 37.28369818179 10.24440811000
S2 -17.39562203168 37.28369818179 13.33463952000
Mo -18.86774801660 36.24961385046 11.78952381500
S1 -19.18670864479 39.83349516992 10.24440811000
S2 -19.18670864479 39.83349516992 13.33463952000
Mo -20.65883462971 38.79941083860 11.78952381500
Mo -22.44992124282 41.34920782673 11.78952381500
Mo -5.01749605448 21.22705992996 11.78952381500
S1 -5.33645668266 24.81094124942 10.24440811000
S2 -5.33645668266 24.81094124942 13.33463952000
Mo -6.80858266759 23.77685691809 11.78952381500
S1 -7.12754329577 27.36073823755 10.24440811000
S2 -7.12754329577 27.36073823755 13.33463952000
Mo -8.59966928070 26.32665390623 11.78952381500
S1 -8.91862990888 29.91053522569 10.24440811000
S2 -8.91862990888 29.91053522569 13.33463952000
Mo -10.39075589381 28.87645089436 11.78952381500
S1 -10.70971652199 32.46033221382 10.24440811000
S2 -10.70971652199 32.46033221382 13.33463952000
Mo -12.18184250692 31.42624788249 11.78952381500
S1 -12.50080313510 35.01012920195 10.24440811000
S2 -12.50080313510 35.01012920195 13.33463952000
Mo -13.97292912003 33.97604487063 11.78952381500
S1 -14.29188974821 37.55992619009 10.24440811000
S2 -14.29188974821 37.55992619009 13.33463952000
Mo -15.76401573314 36.52584185876 11.78952381500
Mo -17.55510234625 39.07563884689 11.78952381500
S1 -4.02381101230 27.63696624585 10.24440811000
S2 -4.02381101230 27.63696624585 13.33463952000
Mo -5.49593699723 26.60288191452 11.78952381500
S1 -5.81489762541 30.18676323398 10.24440811000
S2 -5.81489762541 30.18676323398 13.33463952000
Mo -7.28702361034 29.15267890266 11.78952381500
S1 -7.60598423852 32.73656022212 10.24440811000
S2 -7.60598423852 32.73656022212 13.33463952000
Mo -9.07811022345 31.70247589079 11.78952381500
S1 -9.39707085163 35.28635721025 10.24440811000
S2 -9.39707085163 35.28635721025 13.33463952000
Mo -10.86919683656 34.25227287892 11.78952381500
Mo -12.66028344967 36.80206986706 11.78952381500
Mo -4.18329132687 29.42890691095 11.78952381500
S1 -4.50225195506 33.01278823041 10.24440811000
S2 -4.50225195506 33.01278823041 13.33463952000
Mo -5.97437793998 31.97870389909 11.78952381500
Mo -7.76546455309 34.52850088722 11.78952381500
Number of points in layer 2: 381

Total number of atoms: 762