C -0.2380950527 1.0476189961 0.0000000000
C 0.0476191949 1.1904761437 0.0000000000
C 0.3333336102 1.3333332578 0.0000000000
C -0.0952379708 0.6190475855 0.0000000000
C -0.2857141638 0.8571428212 0.0000000000
C 0.1904762768 0.7619047331 0.0000000000
C 0.0000000838 0.9999999688 0.0000000000
C 0.4761906920 0.9047618472 0.0000000000
C 0.2857144990 1.1428570829 0.0000000000
C 0.5714287466 1.2857142305 0.0000000000
C -0.1428570819 0.4285714106 0.0000000000
C 0.1428571657 0.5714285582 0.0000000000
C 0.6190477739 0.4761904366 0.0000000000
C 0.4285715809 0.7142856723 0.0000000000
C -0.3333332749 0.6666666463 0.1341463395
C -0.1904759572 0.9523808693 0.1341463395
C -0.0476188071 1.2380951258 0.1341463395
C -0.2857142163 0.4285714558 0.1341463395
C 0.0952382591 0.5238094135 0.1341463395
C -0.1428570662 0.7142857123 0.1341463395
C 0.2380953511 0.8095238443 0.1341463395
C 0.0000000838 0.9999999688 0.1341463395
C 0.3809525011 1.0952381008 0.1341463395
C 0.1428574015 1.2857141918 0.1341463395
C 0.5238095673 0.3809523885 0.1341463395
C 0.2857144677 0.5714284795 0.1341463395
C 0.4285716178 0.8571427360 0.1341463395
C 0.5714287098 1.1428571667 0.1341463395
