natom :
28

Moire lattice vectors (in Angstrom)
a1 :
6.5085478085 0.0000000000 0.0000000000
a3 :
0.0000000000 0.0000000000 100.0000000000
a2 :
3.2542732692 5.6365681106 0.0000000000

type    Mass
1	12.0110000000
2	12.0110000000

Atomic positions (in Angstrom)
id    type    x    y    z
1	1	5.1140451501	0.2688066327	99.9179400069
2	1	0.9300459286	1.0732718591	99.9179400072
3	1	3.2542744957	1.8788558364	99.9239967726
4	1	7.9029900081	3.4893777833	99.9216986505
5	1	7.4382024642	4.8317310967	99.9223809448
6	1	3.7187324081	4.2944890177	99.9179400058
7	1	3.2542740688	5.6365678335	99.9148903247
8	1	6.0437112654	5.0995010105	99.9216986514
9	1	2.3245482805	0.8049385472	99.9203305733
10	1	4.6491772158	1.6106476912	99.9203305723
11	1	6.9738490726	2.4155977675	99.9223809440
12	1	2.7890979798	3.2209810410	99.9203305720
13	1	5.5789432907	2.6842568257	99.9216986506
14	1	5.1135930166	4.0258065266	99.9223809444
15	2	6.5085481371	3.7577118644	3.3760032267
16	2	8.3683184284	5.3677610687	3.3820599925
17	2	6.9730065938	1.3420786830	3.3820599922
18	2	6.0433719955	2.4155865480	3.3796694269
19	2	2.3246693057	2.9523108753	3.3783013480
20	2	7.9034508685	4.0259198979	3.3796694263
21	2	4.1843193889	4.5632958421	3.3820599935
22	2	3.2542740893	5.6365678661	3.3851096746
23	2	2.7894378243	0.5370666901	3.3783013487
24	2	1.8593194051	1.6107610624	3.3776190542
25	2	4.6487162041	2.1471899176	3.3783013486
26	2	3.7195750988	3.2209698225	3.3776190551
27	2	5.5788217518	4.8316290421	3.3796694272
28	2	4.1839290338	0.8048364932	3.3776190554
