Superlattice vectors (celldm1 units):
-0.500000 11.258330 0.000000
-10.000000 5.196152 0.000000
Layer 1 points (Angstrom):
C -24.600000 11.362253 0.000000
C -25.830000 13.492676 0.000000
C -20.910000 9.231831 0.000000
C -22.140000 11.362253 0.000000
C -23.370000 10.652112 0.000000
C -23.370000 13.492676 0.000000
C -24.600000 12.782535 0.000000
C -24.600000 15.623098 0.000000
C -25.830000 14.912957 0.000000
C -25.830000 17.753521 0.000000
C -17.220000 7.101408 0.000000
C -18.450000 9.231831 0.000000
C -19.680000 8.521690 0.000000
C -19.680000 11.362253 0.000000
C -20.910000 10.652112 0.000000
C -20.910000 13.492676 0.000000
C -22.140000 12.782535 0.000000
C -22.140000 15.623098 0.000000
C -23.370000 14.912957 0.000000
C -23.370000 17.753521 0.000000
C -24.600000 17.043380 0.000000
C -24.600000 19.883943 0.000000
C -25.830000 19.173802 0.000000
C -25.830000 22.014366 0.000000
C -27.060000 21.304225 0.000000
C -27.060000 24.144788 0.000000
C -13.530000 4.970986 0.000000
C -14.760000 7.101408 0.000000
C -15.990000 6.391267 0.000000
C -15.990000 9.231831 0.000000
C -17.220000 8.521690 0.000000
C -17.220000 11.362253 0.000000
C -18.450000 10.652112 0.000000
C -18.450000 13.492676 0.000000
C -19.680000 12.782535 0.000000
C -19.680000 15.623098 0.000000
C -20.910000 14.912957 0.000000
C -20.910000 17.753521 0.000000
C -22.140000 17.043380 0.000000
C -22.140000 19.883943 0.000000
C -23.370000 19.173802 0.000000
C -23.370000 22.014366 0.000000
C -24.600000 21.304225 0.000000
C -24.600000 24.144788 0.000000
C -25.830000 23.434647 0.000000
C -25.830000 26.275211 0.000000
C -27.060000 25.565070 0.000000
C -27.060000 28.405633 0.000000
C -9.840000 2.840563 0.000000
C -11.070000 4.970986 0.000000
C -12.300000 4.260845 0.000000
C -12.300000 7.101408 0.000000
C -13.530000 6.391267 0.000000
C -13.530000 9.231831 0.000000
C -14.760000 8.521690 0.000000
C -14.760000 11.362253 0.000000
C -15.990000 10.652112 0.000000
C -15.990000 13.492676 0.000000
C -17.220000 12.782535 0.000000
C -17.220000 15.623098 0.000000
C -18.450000 14.912957 0.000000
C -18.450000 17.753521 0.000000
C -19.680000 17.043380 0.000000
C -19.680000 19.883943 0.000000
C -20.910000 19.173802 0.000000
C -20.910000 22.014366 0.000000
C -22.140000 21.304225 0.000000
C -22.140000 24.144788 0.000000
C -23.370000 23.434647 0.000000
C -23.370000 26.275211 0.000000
C -24.600000 25.565070 0.000000
C -24.600000 28.405633 0.000000
C -25.830000 27.695492 0.000000
C -25.830000 30.536056 0.000000
C -27.060000 29.825915 0.000000
C -27.060000 32.666478 0.000000
C -7.380000 2.840563 0.000000
C -8.610000 2.130422 0.000000
C -8.610000 4.970986 0.000000
C -9.840000 4.260845 0.000000
C -9.840000 7.101408 0.000000
C -11.070000 6.391267 0.000000
C -11.070000 9.231831 0.000000
C -12.300000 8.521690 0.000000
C -12.300000 11.362253 0.000000
C -13.530000 10.652112 0.000000
C -13.530000 13.492676 0.000000
C -14.760000 12.782535 0.000000
C -14.760000 15.623098 0.000000
C -15.990000 14.912957 0.000000
C -15.990000 17.753521 0.000000
C -17.220000 17.043380 0.000000
C -17.220000 19.883943 0.000000
C -18.450000 19.173802 0.000000
C -18.450000 22.014366 0.000000
C -19.680000 21.304225 0.000000
C -19.680000 24.144788 0.000000
C -20.910000 23.434647 0.000000
C -20.910000 26.275211 0.000000
C -22.140000 25.565070 0.000000
C -22.140000 28.405633 0.000000
C -23.370000 27.695492 0.000000
C -23.370000 30.536056 0.000000
C -24.600000 29.825915 0.000000
C -24.600000 32.666478 0.000000
C -25.830000 31.956337 0.000000
C -25.830000 34.796901 0.000000
C -27.060000 34.086760 0.000000
C -27.060000 36.927323 0.000000
C -3.690000 0.710141 0.000000
C -4.920000 2.840563 0.000000
C -6.150000 2.130422 0.000000
C -6.150000 4.970986 0.000000
C -7.380000 4.260845 0.000000
C -7.380000 7.101408 0.000000
C -8.610000 6.391267 0.000000
C -8.610000 9.231831 0.000000
C -9.840000 8.521690 0.000000
C -9.840000 11.362253 0.000000
C -11.070000 10.652112 0.000000
C -11.070000 13.492676 0.000000
C -12.300000 12.782535 0.000000
C -12.300000 15.623098 0.000000
C -13.530000 14.912957 0.000000
C -13.530000 17.753521 0.000000
C -14.760000 17.043380 0.000000
C -14.760000 19.883943 0.000000
C -15.990000 19.173802 0.000000
C -15.990000 22.014366 0.000000
C -17.220000 21.304225 0.000000
C -17.220000 24.144788 0.000000
C -18.450000 23.434647 0.000000
C -18.450000 26.275211 0.000000
C -19.680000 25.565070 0.000000
C -19.680000 28.405633 0.000000
C -20.910000 27.695492 0.000000
C -20.910000 30.536056 0.000000
C -22.140000 29.825915 0.000000
C -22.140000 32.666478 0.000000
C -23.370000 31.956337 0.000000
C -23.370000 34.796901 0.000000
C -24.600000 34.086760 0.000000
C -24.600000 36.927323 0.000000
C -25.830000 36.217182 0.000000
C -27.060000 38.347605 0.000000
C -2.460000 0.000000 0.000000
C -2.460000 2.840563 0.000000
C -3.690000 2.130422 0.000000
C -3.690000 4.970986 0.000000
C -4.920000 4.260845 0.000000
C -4.920000 7.101408 0.000000
C -6.150000 6.391267 0.000000
C -6.150000 9.231831 0.000000
C -7.380000 8.521690 0.000000
C -7.380000 11.362253 0.000000
C -8.610000 10.652112 0.000000
C -8.610000 13.492676 0.000000
C -9.840000 12.782535 0.000000
C -9.840000 15.623098 0.000000
C -11.070000 14.912957 0.000000
C -11.070000 17.753521 0.000000
C -12.300000 17.043380 0.000000
C -12.300000 19.883943 0.000000
C -13.530000 19.173802 0.000000
C -13.530000 22.014366 0.000000
C -14.760000 21.304225 0.000000
C -14.760000 24.144788 0.000000
C -15.990000 23.434647 0.000000
C -15.990000 26.275211 0.000000
C -17.220000 25.565070 0.000000
C -17.220000 28.405633 0.000000
C -18.450000 27.695492 0.000000
C -18.450000 30.536056 0.000000
C -19.680000 29.825915 0.000000
C -19.680000 32.666478 0.000000
C -20.910000 31.956337 0.000000
C -20.910000 34.796901 0.000000
C -22.140000 34.086760 0.000000
C -23.370000 36.217182 0.000000
C -2.460000 4.260845 0.000000
C -2.460000 7.101408 0.000000
C -3.690000 6.391267 0.000000
C -3.690000 9.231831 0.000000
C -4.920000 8.521690 0.000000
C -4.920000 11.362253 0.000000
C -6.150000 10.652112 0.000000
C -6.150000 13.492676 0.000000
C -7.380000 12.782535 0.000000
C -7.380000 15.623098 0.000000
C -8.610000 14.912957 0.000000
C -8.610000 17.753521 0.000000
C -9.840000 17.043380 0.000000
C -9.840000 19.883943 0.000000
C -11.070000 19.173802 0.000000
C -11.070000 22.014366 0.000000
C -12.300000 21.304225 0.000000
C -12.300000 24.144788 0.000000
C -13.530000 23.434647 0.000000
C -13.530000 26.275211 0.000000
C -14.760000 25.565070 0.000000
C -14.760000 28.405633 0.000000
C -15.990000 27.695492 0.000000
C -15.990000 30.536056 0.000000
C -17.220000 29.825915 0.000000
C -17.220000 32.666478 0.000000
C -18.450000 31.956337 0.000000
C -19.680000 34.086760 0.000000
C -3.690000 10.652112 0.000000
C -3.690000 13.492676 0.000000
C -4.920000 12.782535 0.000000
C -4.920000 15.623098 0.000000
C -6.150000 14.912957 0.000000
C -6.150000 17.753521 0.000000
C -7.380000 17.043380 0.000000
C -7.380000 19.883943 0.000000
C -8.610000 19.173802 0.000000
C -8.610000 22.014366 0.000000
C -9.840000 21.304225 0.000000
C -9.840000 24.144788 0.000000
C -11.070000 23.434647 0.000000
C -11.070000 26.275211 0.000000
C -12.300000 25.565070 0.000000
C -12.300000 28.405633 0.000000
C -13.530000 27.695492 0.000000
C -13.530000 30.536056 0.000000
C -14.760000 29.825915 0.000000
C -15.990000 31.956337 0.000000
C -3.690000 14.912957 0.000000
C -3.690000 17.753521 0.000000
C -4.920000 17.043380 0.000000
C -4.920000 19.883943 0.000000
C -6.150000 19.173802 0.000000
C -6.150000 22.014366 0.000000
C -7.380000 21.304225 0.000000
C -7.380000 24.144788 0.000000
C -8.610000 23.434647 0.000000
C -8.610000 26.275211 0.000000
C -9.840000 25.565070 0.000000
C -9.840000 28.405633 0.000000
C -11.070000 27.695492 0.000000
C -12.300000 29.825915 0.000000
C -3.690000 19.173802 0.000000
C -3.690000 22.014366 0.000000
C -4.920000 21.304225 0.000000
C -4.920000 24.144788 0.000000
C -6.150000 23.434647 0.000000
C -6.150000 26.275211 0.000000
C -7.380000 25.565070 0.000000
C -7.380000 28.405633 0.000000
C -8.610000 27.695492 0.000000
C -3.690000 23.434647 0.000000
C -3.690000 26.275211 0.000000
C -4.920000 25.565070 0.000000
C -6.150000 27.695492 0.000000
Number of points in layer 1: 254
Layer 2 points (Angstrom):
C -24.474097 11.367840 3.300000
C -25.888113 13.380837 3.300000
C -20.609766 9.572918 3.300000
C -22.023782 11.585915 3.300000
C -23.185987 10.769532 3.300000
C -23.437798 13.598912 3.300000
C -24.600003 12.782530 3.300000
C -24.851814 15.611910 3.300000
C -26.014019 14.795527 3.300000
C -26.265830 17.624907 3.300000
C -15.331419 5.764998 3.300000
C -16.745435 7.777996 3.300000
C -17.907639 6.961613 3.300000
C -18.159451 9.790993 3.300000
C -19.321655 8.974610 3.300000
C -19.573467 11.803990 3.300000
C -20.735672 10.987608 3.300000
C -20.987483 13.816988 3.300000
C -22.149688 13.000605 3.300000
C -22.401499 15.829985 3.300000
C -23.563704 15.013602 3.300000
C -23.815516 17.842982 3.300000
C -24.977720 17.026600 3.300000
C -25.229532 19.855980 3.300000
C -26.391736 19.039597 3.300000
C -26.643548 21.868977 3.300000
C -11.467087 3.970076 3.300000
C -12.881104 5.983074 3.300000
C -14.043308 5.166691 3.300000
C -14.295120 7.996071 3.300000
C -15.457324 7.179688 3.300000
C -15.709136 10.009068 3.300000
C -16.871341 9.192686 3.300000
C -17.123152 12.022066 3.300000
C -18.285357 11.205683 3.300000
C -18.537168 14.035063 3.300000
C -19.699373 13.218680 3.300000
C -19.951184 16.048060 3.300000
C -21.113389 15.231678 3.300000
C -21.365201 18.061057 3.300000
C -22.527405 17.244675 3.300000
C -22.779217 20.074055 3.300000
C -23.941421 19.257672 3.300000
C -24.193233 22.087052 3.300000
C -25.355438 21.270670 3.300000
C -25.607249 24.100049 3.300000
C -26.769454 23.283667 3.300000
C -27.021265 26.113047 3.300000
C -7.602756 2.175154 3.300000
C -9.016773 4.188151 3.300000
C -10.178977 3.371769 3.300000
C -10.430789 6.201149 3.300000
C -11.592993 5.384766 3.300000
C -11.844805 8.214146 3.300000
C -13.007009 7.397764 3.300000
C -13.258821 10.227143 3.300000
C -14.421026 9.410761 3.300000
C -14.672837 12.240141 3.300000
C -15.835042 11.423758 3.300000
C -16.086853 14.253138 3.300000
C -17.249058 13.436755 3.300000
C -17.500870 16.266135 3.300000
C -18.663074 15.449753 3.300000
C -18.914886 18.279133 3.300000
C -20.077090 17.462750 3.300000
C -20.328902 20.292130 3.300000
C -21.491106 19.475747 3.300000
C -21.742918 22.305127 3.300000
C -22.905123 21.488745 3.300000
C -23.156934 24.318125 3.300000
C -24.319139 23.501742 3.300000
C -24.570950 26.331122 3.300000
C -25.733155 25.514739 3.300000
C -25.984967 28.344119 3.300000
C -27.147171 27.527737 3.300000
C -27.398983 30.357117 3.300000
C -3.738425 0.380232 3.300000
C -5.152441 2.393229 3.300000
C -6.314646 1.576847 3.300000
C -6.566458 4.406227 3.300000
C -7.728662 3.589844 3.300000
C -7.980474 6.419224 3.300000
C -9.142678 5.602841 3.300000
C -9.394490 8.432221 3.300000
C -10.556695 7.615839 3.300000
C -10.808506 10.445219 3.300000
C -11.970711 9.628836 3.300000
C -12.222522 12.458216 3.300000
C -13.384727 11.641833 3.300000
C -13.636538 14.471213 3.300000
C -14.798743 13.654831 3.300000
C -15.050555 16.484211 3.300000
C -16.212759 15.667828 3.300000
C -16.464571 18.497208 3.300000
C -17.626775 17.680825 3.300000
C -17.878587 20.510205 3.300000
C -19.040792 19.693823 3.300000
C -19.292603 22.523203 3.300000
C -20.454808 21.706820 3.300000
C -20.706619 24.536200 3.300000
C -21.868824 23.719817 3.300000
C -22.120635 26.549197 3.300000
C -23.282840 25.732815 3.300000
C -23.534652 28.562195 3.300000
C -24.696856 27.745812 3.300000
C -24.948668 30.575192 3.300000
C -26.110872 29.758809 3.300000
C -26.362684 32.588189 3.300000
C -27.524889 31.771807 3.300000
C -2.450315 -0.218075 3.300000
C -2.702127 2.611305 3.300000
C -3.864331 1.794922 3.300000
C -4.116143 4.624302 3.300000
C -5.278347 3.807919 3.300000
C -5.530159 6.637299 3.300000
C -6.692363 5.820917 3.300000
C -6.944175 8.650297 3.300000
C -8.106380 7.833914 3.300000
C -8.358191 10.663294 3.300000
C -9.520396 9.846911 3.300000
C -9.772207 12.676291 3.300000
C -10.934412 11.859909 3.300000
C -11.186224 14.689289 3.300000
C -12.348428 13.872906 3.300000
C -12.600240 16.702286 3.300000
C -13.762444 15.885903 3.300000
C -14.014256 18.715283 3.300000
C -15.176460 17.898901 3.300000
C -15.428272 20.728281 3.300000
C -16.590477 19.911898 3.300000
C -16.842288 22.741278 3.300000
C -18.004493 21.924895 3.300000
C -18.256304 24.754275 3.300000
C -19.418509 23.937893 3.300000
C -19.670321 26.767273 3.300000
C -20.832525 25.950890 3.300000
C -21.084337 28.780270 3.300000
C -22.246541 27.963887 3.300000
C -22.498353 30.793267 3.300000
C -23.660557 29.976885 3.300000
C -23.912369 32.806265 3.300000
C -25.074574 31.989882 3.300000
C -25.326385 34.819262 3.300000
C -26.488590 34.002879 3.300000
C -26.740401 36.832259 3.300000
C -2.828032 4.025995 3.300000
C -3.079844 6.855375 3.300000
C -4.242049 6.038992 3.300000
C -4.493860 8.868372 3.300000
C -5.656065 8.051989 3.300000
C -5.907876 10.881369 3.300000
C -7.070081 10.064987 3.300000
C -7.321892 12.894367 3.300000
C -8.484097 12.077984 3.300000
C -8.735909 14.907364 3.300000
C -9.898113 14.090981 3.300000
C -10.149925 16.920361 3.300000
C -11.312129 16.103979 3.300000
C -11.563941 18.933359 3.300000
C -12.726146 18.116976 3.300000
C -12.977957 20.946356 3.300000
C -14.140162 20.129973 3.300000
C -14.391973 22.959353 3.300000
C -15.554178 22.142971 3.300000
C -15.805989 24.972351 3.300000
C -16.968194 24.155968 3.300000
C -17.220006 26.985348 3.300000
C -18.382210 26.168965 3.300000
C -18.634022 28.998345 3.300000
C -19.796226 28.181963 3.300000
C -20.048038 31.011342 3.300000
C -21.210243 30.194960 3.300000
C -21.462054 33.024340 3.300000
C -22.624259 32.207957 3.300000
C -22.876070 35.037337 3.300000
C -24.038275 34.220955 3.300000
C -24.290087 37.050334 3.300000
C -25.452291 36.233952 3.300000
C -26.866307 38.246949 3.300000
C -3.205750 8.270065 3.300000
C -3.457561 11.099444 3.300000
C -4.619766 10.283062 3.300000
C -4.871578 13.112442 3.300000
C -6.033782 12.296059 3.300000
C -6.285594 15.125439 3.300000
C -7.447798 14.309057 3.300000
C -7.699610 17.138436 3.300000
C -8.861814 16.322054 3.300000
C -9.113626 19.151434 3.300000
C -10.275831 18.335051 3.300000
C -10.527642 21.164431 3.300000
C -11.689847 20.348049 3.300000
C -11.941658 23.177428 3.300000
C -13.103863 22.361046 3.300000
C -13.355675 25.190426 3.300000
C -14.517879 24.374043 3.300000
C -14.769691 27.203423 3.300000
C -15.931895 26.387040 3.300000
C -16.183707 29.216420 3.300000
C -17.345911 28.400038 3.300000
C -17.597723 31.229418 3.300000
C -18.759928 30.413035 3.300000
C -19.011739 33.242415 3.300000
C -20.173944 32.426032 3.300000
C -20.425755 35.255412 3.300000
C -21.587960 34.439030 3.300000
C -23.001976 36.452027 3.300000
C -3.583467 12.514134 3.300000
C -3.835279 15.343514 3.300000
C -4.997483 14.527132 3.300000
C -5.249295 17.356512 3.300000
C -6.411500 16.540129 3.300000
C -6.663311 19.369509 3.300000
C -7.825516 18.553126 3.300000
C -8.077327 21.382506 3.300000
C -9.239532 20.566124 3.300000
C -9.491343 23.395504 3.300000
C -10.653548 22.579121 3.300000
C -10.905360 25.408501 3.300000
C -12.067564 24.592118 3.300000
C -12.319376 27.421498 3.300000
C -13.481580 26.605116 3.300000
C -13.733392 29.434496 3.300000
C -14.895597 28.618113 3.300000
C -15.147408 31.447493 3.300000
C -16.309613 30.631110 3.300000
C -17.723629 32.644108 3.300000
C -3.961185 16.758204 3.300000
C -4.212996 19.587584 3.300000
C -5.375201 18.771202 3.300000
C -5.627012 21.600582 3.300000
C -6.789217 20.784199 3.300000
C -7.041029 23.613579 3.300000
C -8.203233 22.797196 3.300000
C -8.455045 25.626576 3.300000
C -9.617249 24.810194 3.300000
C -9.869061 27.639574 3.300000
C -11.031265 26.823191 3.300000
C -11.283077 29.652571 3.300000
C -12.445282 28.836188 3.300000
C -13.859298 30.849186 3.300000
C -3.176697 21.818657 3.300000
C -4.338902 21.002274 3.300000
C -4.590714 23.831654 3.300000
C -5.752918 23.015272 3.300000
C -6.004730 25.844652 3.300000
C -7.166934 25.028269 3.300000
C -7.418746 27.857649 3.300000
C -8.580951 27.041266 3.300000
C -9.994967 29.054264 3.300000
C -3.302603 23.233347 3.300000
C -3.554415 26.062727 3.300000
C -4.716619 25.246344 3.300000
C -6.130636 27.259342 3.300000
Number of points in layer 2: 254

Total number of atoms: 508