C -0.0524934112 1.0026246561 0.0000000000
C 0.0026247200 1.0498687489 0.0000000000
C -0.0603674145 0.8530183585 0.0000000000
C -0.0052493203 0.9002624530 0.0000000000
C -0.0551180913 0.9527558909 0.0000000000
C 0.0498688110 0.9475065457 0.0000000000
C 0.0000000399 0.9999999836 0.0000000000
C 0.1049869052 0.9947506403 0.0000000000
C 0.0551181342 1.0472440781 0.0000000000
C 0.1601050365 1.0419947330 0.0000000000
C -0.0682414548 0.7034120626 0.0000000000
C -0.0131233236 0.7506561554 0.0000000000
C -0.0629920946 0.8031495932 0.0000000000
C 0.0419947707 0.7979002499 0.0000000000
C -0.0078740004 0.8503936878 0.0000000000
C 0.0971129019 0.8451443426 0.0000000000
C 0.0472441309 0.8976377805 0.0000000000
C 0.1522309962 0.8923884372 0.0000000000
C 0.1023622251 0.9448818750 0.0000000000
C 0.2073491274 0.9396325299 0.0000000000
C 0.1574803564 0.9921259678 0.0000000000
C 0.2624672217 0.9868766245 0.0000000000
C 0.2125984506 1.0393700623 0.0000000000
C 0.3175853529 1.0341207172 0.0000000000
C 0.2677165819 1.0866141550 0.0000000000
C 0.3727034472 1.0813648118 0.0000000000
C -0.0761154582 0.5538057650 0.0000000000
C -0.0209973639 0.6010498595 0.0000000000
C -0.0708661349 0.6535432974 0.0000000000
C 0.0341207673 0.6482939523 0.0000000000
C -0.0157480037 0.7007873901 0.0000000000
C 0.0892388616 0.6955380468 0.0000000000
C 0.0393700906 0.7480314847 0.0000000000
C 0.1443569928 0.7427821395 0.0000000000
C 0.0944882218 0.7952755774 0.0000000000
C 0.1994750871 0.7900262341 0.0000000000
C 0.1496063161 0.8425196719 0.0000000000
C 0.2545932183 0.8372703268 0.0000000000
C 0.2047244473 0.8897637647 0.0000000000
C 0.3097113126 0.8845144214 0.0000000000
C 0.2598425416 0.9370078592 0.0000000000
C 0.3648294439 0.9317585141 0.0000000000
C 0.3149606728 0.9842519519 0.0000000000
C 0.4199475381 0.9790026087 0.0000000000
C 0.3700787671 1.0314960465 0.0000000000
C 0.4750656694 1.0262467014 0.0000000000
C 0.4251968983 1.0787401392 0.0000000000
C 0.5301837636 1.0734907960 0.0000000000
C -0.0839894985 0.4041994692 0.0000000000
C -0.0288713672 0.4514435619 0.0000000000
C -0.0787401383 0.5039369997 0.0000000000
C 0.0262467270 0.4986876564 0.0000000000
C -0.0236220440 0.5511810943 0.0000000000
C 0.0813648583 0.5459317492 0.0000000000
C 0.0314960872 0.5984251870 0.0000000000
C 0.1364829526 0.5931758437 0.0000000000
C 0.0866141815 0.6456692815 0.0000000000
C 0.1916010838 0.6404199364 0.0000000000
C 0.1417323127 0.6929133743 0.0000000000
C 0.2467191781 0.6876640310 0.0000000000
C 0.1968504070 0.7401574688 0.0000000000
C 0.3018373093 0.7349081237 0.0000000000
C 0.2519685383 0.7874015615 0.0000000000
C 0.3569554036 0.7821522183 0.0000000000
C 0.3070866325 0.8346456561 0.0000000000
C 0.4120735348 0.8293963110 0.0000000000
C 0.3622047638 0.8818897488 0.0000000000
C 0.4671916291 0.8766404056 0.0000000000
C 0.4173228580 0.9291338434 0.0000000000
C 0.5223097603 0.9238844983 0.0000000000
C 0.4724409893 0.9763779361 0.0000000000
C 0.5774278546 0.9711285928 0.0000000000
C 0.5275590835 1.0236220307 0.0000000000
C 0.6325459858 1.0183726856 0.0000000000
C 0.5826772148 1.0708661234 0.0000000000
C 0.6876640801 1.0656167801 0.0000000000
C -0.0367454075 0.3018372660 0.0000000000
C -0.0866141786 0.3543307039 0.0000000000
C 0.0183727237 0.3490813588 0.0000000000
C -0.0314960473 0.4015747966 0.0000000000
C 0.0734908180 0.3963254533 0.0000000000
C 0.0236220469 0.4488188912 0.0000000000
C 0.1286089492 0.4435695460 0.0000000000
C 0.0787401782 0.4960629839 0.0000000000
C 0.1837270435 0.4908136406 0.0000000000
C 0.1338582725 0.5433070784 0.0000000000
C 0.2388451747 0.5380577333 0.0000000000
C 0.1889764037 0.5905511712 0.0000000000
C 0.2939632690 0.5853018279 0.0000000000
C 0.2440944980 0.6377952657 0.0000000000
C 0.3490814002 0.6325459206 0.0000000000
C 0.2992126292 0.6850393584 0.0000000000
C 0.4041994945 0.6797900152 0.0000000000
C 0.3543307235 0.7322834530 0.0000000000
C 0.4593176257 0.7270341079 0.0000000000
C 0.4094488547 0.7795275457 0.0000000000
C 0.5144357200 0.7742782025 0.0000000000
C 0.4645669490 0.8267716403 0.0000000000
C 0.5695538512 0.8215222952 0.0000000000
C 0.5196850802 0.8740157330 0.0000000000
C 0.6246719455 0.8687663897 0.0000000000
C 0.5748031745 0.9212598276 0.0000000000
C 0.6797900768 0.9160104825 0.0000000000
C 0.6299213057 0.9685039203 0.0000000000
C 0.7349081710 0.9632545770 0.0000000000
C 0.6850394000 1.0157480149 0.0000000000
C 0.7900263023 1.0104986697 0.0000000000
C 0.7401575312 1.0629921076 0.0000000000
C 0.8451443965 1.0577427643 0.0000000000
C -0.0446194108 0.1522309684 0.0000000000
C 0.0104986834 0.1994750629 0.0000000000
C -0.0393700876 0.2519685008 0.0000000000
C 0.0656168147 0.2467191557 0.0000000000
C 0.0157480436 0.2992125935 0.0000000000
C 0.1207349089 0.2939632502 0.0000000000
C 0.0708661379 0.3464566881 0.0000000000
C 0.1758530402 0.3412073429 0.0000000000
C 0.1259842691 0.3937007808 0.0000000000
C 0.2309711344 0.3884514375 0.0000000000
C 0.1811023634 0.4409448753 0.0000000000
C 0.2860892657 0.4356955302 0.0000000000
C 0.2362204946 0.4881889681 0.0000000000
C 0.3412073599 0.4829396248 0.0000000000
C 0.2913385889 0.5354330626 0.0000000000
C 0.3963254912 0.5301837175 0.0000000000
C 0.3464567201 0.5826771553 0.0000000000
C 0.4514435855 0.5774278121 0.0000000000
C 0.4015748144 0.6299212499 0.0000000000
C 0.5065617167 0.6246719048 0.0000000000
C 0.4566929456 0.6771653426 0.0000000000
C 0.5616798110 0.6719159994 0.0000000000
C 0.5118110399 0.7244094372 0.0000000000
C 0.6167979422 0.7191600921 0.0000000000
C 0.5669291711 0.7716535299 0.0000000000
C 0.6719160365 0.7664041866 0.0000000000
C 0.6220472654 0.8188976245 0.0000000000
C 0.7270341677 0.8136482794 0.0000000000
C 0.6771653967 0.8661417172 0.0000000000
C 0.7821522620 0.8608923739 0.0000000000
C 0.7322834909 0.9133858117 0.0000000000
C 0.8372703932 0.9081364666 0.0000000000
C 0.7874016222 0.9606299045 0.0000000000
C 0.8923884875 0.9553805612 0.0000000000
C 0.8425197164 1.0078739990 0.0000000000
C 0.8976378477 1.0551180917 0.0000000000
C -0.0472440909 0.1023622031 0.0000000000
C 0.0577427744 0.0971128598 0.0000000000
C 0.0078740033 0.1496062977 0.0000000000
C 0.1128609056 0.1443569526 0.0000000000
C 0.0629921346 0.1968503904 0.0000000000
C 0.1679789999 0.1916010471 0.0000000000
C 0.1181102288 0.2440944850 0.0000000000
C 0.2230971311 0.2388451398 0.0000000000
C 0.1732283601 0.2913385777 0.0000000000
C 0.2782152254 0.2860892344 0.0000000000
C 0.2283464543 0.3385826722 0.0000000000
C 0.3333333566 0.3333333271 0.0000000000
C 0.2834645856 0.3858267650 0.0000000000
C 0.3884514509 0.3805774217 0.0000000000
C 0.3385826798 0.4330708595 0.0000000000
C 0.4435695821 0.4278215144 0.0000000000
C 0.3937008111 0.4803149522 0.0000000000
C 0.4986876764 0.4750656090 0.0000000000
C 0.4488189054 0.5275590468 0.0000000000
C 0.5538058076 0.5223097017 0.0000000000
C 0.5039370366 0.5748031395 0.0000000000
C 0.6089239019 0.5695537962 0.0000000000
C 0.5590551309 0.6220472341 0.0000000000
C 0.6640420331 0.6167978890 0.0000000000
C 0.6141732621 0.6692913268 0.0000000000
C 0.7191601274 0.6640419835 0.0000000000
C 0.6692913564 0.7165354214 0.0000000000
C 0.7742782586 0.7112860762 0.0000000000
C 0.7244094876 0.7637795141 0.0000000000
C 0.8293963529 0.7585301708 0.0000000000
C 0.7795275819 0.8110236086 0.0000000000
C 0.8845144841 0.8057742635 0.0000000000
C 0.8346457131 0.8582677014 0.0000000000
C 0.8897638074 0.9055117959 0.0000000000
C 0.1102362255 0.0944881873 0.0000000000
C 0.2152230908 0.0892388440 0.0000000000
C 0.1653543198 0.1417322818 0.0000000000
C 0.2703412221 0.1364829367 0.0000000000
C 0.2204724510 0.1889763746 0.0000000000
C 0.3254593163 0.1837270313 0.0000000000
C 0.2755905453 0.2362204691 0.0000000000
C 0.3805774476 0.2309711240 0.0000000000
C 0.3307086765 0.2834645618 0.0000000000
C 0.4356955418 0.2782152186 0.0000000000
C 0.3858267708 0.3307086564 0.0000000000
C 0.4908136731 0.3254593113 0.0000000000
C 0.4409449020 0.3779527491 0.0000000000
C 0.5459317673 0.3727034059 0.0000000000
C 0.4960629963 0.4251968437 0.0000000000
C 0.6010498986 0.4199474986 0.0000000000
C 0.5511811275 0.4724409364 0.0000000000
C 0.6561679928 0.4671915931 0.0000000000
C 0.6062992218 0.5196850310 0.0000000000
C 0.7112861241 0.5144356859 0.0000000000
C 0.6614173530 0.5669291237 0.0000000000
C 0.7664042183 0.5616797804 0.0000000000
C 0.7165354473 0.6141732183 0.0000000000
C 0.8215223496 0.6089238731 0.0000000000
C 0.7716535785 0.6614173110 0.0000000000
C 0.8766404439 0.6561679677 0.0000000000
C 0.8267716728 0.7086614055 0.0000000000
C 0.8818898040 0.7559054983 0.0000000000
C 0.3228346362 0.1338582660 0.0000000000
C 0.4278215385 0.1286089209 0.0000000000
C 0.3779527675 0.1811023587 0.0000000000
C 0.4829396328 0.1758530155 0.0000000000
C 0.4330708617 0.2283464533 0.0000000000
C 0.5380577640 0.2230971082 0.0000000000
C 0.4881889930 0.2755905460 0.0000000000
C 0.5931758583 0.2703412028 0.0000000000
C 0.5433070872 0.3228346406 0.0000000000
C 0.6482939895 0.3175852955 0.0000000000
C 0.5984252185 0.3700787333 0.0000000000
C 0.7034120838 0.3648293900 0.0000000000
C 0.6535433127 0.4173228279 0.0000000000
C 0.7585302150 0.4120734828 0.0000000000
C 0.7086614440 0.4645669206 0.0000000000
C 0.8136483093 0.4593175773 0.0000000000
C 0.7637795383 0.5118110152 0.0000000000
C 0.8687664405 0.5065616700 0.0000000000
C 0.8188976695 0.5590551079 0.0000000000
C 0.8740157638 0.6062992024 0.0000000000
C 0.4803149527 0.1259842502 0.0000000000
C 0.5853018549 0.1207349051 0.0000000000
C 0.5354330839 0.1732283429 0.0000000000
C 0.6404199492 0.1679789997 0.0000000000
C 0.5905511782 0.2204724375 0.0000000000
C 0.6955380805 0.2152230924 0.0000000000
C 0.6456693094 0.2677165302 0.0000000000
C 0.7506561747 0.2624671869 0.0000000000
C 0.7007874037 0.3149606248 0.0000000000
C 0.8057743060 0.3097112797 0.0000000000
C 0.7559055349 0.3622047175 0.0000000000
C 0.8608924002 0.3569553742 0.0000000000
C 0.8110236292 0.4094488120 0.0000000000
C 0.8661417604 0.4566929048 0.0000000000
C 0.6377952691 0.1181102344 0.0000000000
C 0.7427821714 0.1128608893 0.0000000000
C 0.6929134004 0.1653543271 0.0000000000
C 0.7979002657 0.1601049838 0.0000000000
C 0.7480314946 0.2125984217 0.0000000000
C 0.8530183969 0.2073490765 0.0000000000
C 0.8031496259 0.2598425144 0.0000000000
C 0.9081364912 0.2545931711 0.0000000000
C 0.8582677201 0.3070866089 0.0000000000
C 0.7952755856 0.1102362186 0.0000000000
C 0.9002624878 0.1049868734 0.0000000000
C 0.8503937168 0.1574803113 0.0000000000
C 0.9055118111 0.2047244058 0.0000000000
C -0.0498687175 0.9973752914 0.1341463395
C -0.0026246118 1.0524934105 0.1341463395
C -0.0419947255 0.8398950087 0.1341463395
C 0.0052493802 0.8950131278 0.1341463395
C -0.0472440659 0.9448818645 0.1341463395
C 0.0524934683 0.9501312072 0.1341463395
C 0.0000000399 0.9999999836 0.1341463395
C 0.0997375740 1.0052493262 0.1341463395
C 0.0472441457 1.0551181027 0.1341463395
C 0.1469816798 1.0603674453 0.1341463395
C -0.0813647831 0.6272965635 0.1341463395
C -0.0341207143 0.6824146844 0.1341463395
C -0.0866141427 0.7322834609 0.1341463395
C 0.0131233915 0.7375328035 0.1341463395
C -0.0393700738 0.7874015818 0.1341463395
C 0.0603674603 0.7926509245 0.1341463395
C 0.0078740511 0.8425196593 0.1341463395
C 0.1076115853 0.8477690019 0.1341463395
C 0.0551181569 0.8976377784 0.1341463395
C 0.1548556910 0.9028871210 0.1341463395
C 0.1023622257 0.9527558993 0.1341463395
C 0.2020997599 0.9580052419 0.1341463395
C 0.1496063315 1.0078740184 0.1341463395
C 0.2493438656 1.0131233610 0.1341463395
C 0.1968504565 1.0629920958 0.1341463395
C 0.2965879537 1.0682414404 0.1341463395
C -0.0734907911 0.4698162808 0.1341463395
C -0.0262467031 0.5249343601 0.1341463395
C -0.0787401314 0.5748031365 0.1341463395
C 0.0209974027 0.5800524792 0.1341463395
C -0.0314960257 0.6299212556 0.1341463395
C 0.0682415085 0.6351705983 0.1341463395
C 0.0157480431 0.6850393766 0.1341463395
C 0.1154855773 0.6902887192 0.1341463395
C 0.0629921681 0.7401574540 0.1341463395
C 0.1627297023 0.7454067967 0.1341463395
C 0.1102362369 0.7952755750 0.1341463395
C 0.2099737711 0.8005249176 0.1341463395
C 0.1574803427 0.8503936941 0.1341463395
C 0.2572178769 0.8556430367 0.1341463395
C 0.2047244485 0.9055118131 0.1341463395
C 0.3044619826 0.9107611558 0.1341463395
C 0.2519685365 0.9606298925 0.1341463395
C 0.3517060707 0.9658792351 0.1341463395
C 0.2992126423 1.0157480116 0.1341463395
C 0.3989501764 1.0209973542 0.1341463395
C 0.3464567111 1.0708661325 0.1341463395
C 0.4461942452 1.0761154751 0.1341463395
C -0.0656167799 0.3123359565 0.1341463395
C -0.0183727111 0.3674540774 0.1341463395
C -0.0708661202 0.4173228122 0.1341463395
C 0.0288714139 0.4225721549 0.1341463395
C -0.0236220145 0.4724409313 0.1341463395
C 0.0761155197 0.4776902740 0.1341463395
C 0.0236220544 0.5275590523 0.1341463395
C 0.1233595885 0.5328083949 0.1341463395
C 0.0708661601 0.5826771713 0.1341463395
C 0.1706036943 0.5879265140 0.1341463395
C 0.1181102851 0.6377952488 0.1341463395
C 0.2178477823 0.6430445933 0.1341463395
C 0.1653543539 0.6929133697 0.1341463395
C 0.2650918881 0.6981627124 0.1341463395
C 0.2125984597 0.7480314888 0.1341463395
C 0.3123359938 0.7532808315 0.1341463395
C 0.2598425285 0.8031496098 0.1341463395
C 0.3595800627 0.8083989524 0.1341463395
C 0.3070866535 0.8582676872 0.1341463395
C 0.4068241876 0.8635170299 0.1341463395
C 0.3543307593 0.9133858063 0.1341463395
C 0.4540682934 0.9186351490 0.1341463395
C 0.4015748281 0.9685039273 0.1341463395
C 0.5013123622 0.9737532699 0.1341463395
C 0.4488189339 1.0236220463 0.1341463395
C 0.5485564680 1.0288713890 0.1341463395
C 0.4960630219 1.0787401257 0.1341463395
C 0.5958005560 1.0839894683 0.1341463395
C -0.0577427687 0.1548556322 0.1341463395
C -0.0104986629 0.2099737513 0.1341463395
C -0.0629921282 0.2598425295 0.1341463395
C 0.0367454059 0.2650918722 0.1341463395
C -0.0157480032 0.3149606070 0.1341463395
C 0.0839895309 0.3202099497 0.1341463395
C 0.0314960656 0.3700787279 0.1341463395
C 0.1312335997 0.3753280706 0.1341463395
C 0.0787401714 0.4251968470 0.1341463395
C 0.1784777055 0.4304461897 0.1341463395
C 0.1259842771 0.4803149661 0.1341463395
C 0.2257218113 0.4855643088 0.1341463395
C 0.1732283652 0.5354330454 0.1341463395
C 0.2729658993 0.5406823881 0.1341463395
C 0.2204724709 0.5905511645 0.1341463395
C 0.3202100051 0.5958005072 0.1341463395
C 0.2677165398 0.6456692855 0.1341463395
C 0.3674540739 0.6509186281 0.1341463395
C 0.3149606455 0.7007874045 0.1341463395
C 0.4146981797 0.7060367472 0.1341463395
C 0.3622047705 0.7559054820 0.1341463395
C 0.4619423046 0.7611548247 0.1341463395
C 0.4094488393 0.8110236029 0.1341463395
C 0.5091863735 0.8162729456 0.1341463395
C 0.4566929451 0.8661417220 0.1341463395
C 0.5564304792 0.8713910647 0.1341463395
C 0.5039370509 0.9212598411 0.1341463395
C 0.6036745850 0.9265091838 0.1341463395
C 0.5511811389 0.9763779204 0.1341463395
C 0.6509186730 0.9816272631 0.1341463395
C 0.5984252447 1.0314960395 0.1341463395
C 0.6981627788 1.0367453822 0.1341463395
C 0.6456693135 1.0866141605 0.1341463395
C -0.0551181170 0.1023622052 0.1341463395
C 0.0446194171 0.1076115479 0.1341463395
C -0.0078740112 0.1574803243 0.1341463395
C 0.0918635229 0.1627296670 0.1341463395
C 0.0393701138 0.2125984018 0.1341463395
C 0.1391076109 0.2178477463 0.1341463395
C 0.0866141826 0.2677165227 0.1341463395
C 0.1863517167 0.2729658654 0.1341463395
C 0.1338582884 0.3228346418 0.1341463395
C 0.2335958225 0.3280839845 0.1341463395
C 0.1811023572 0.3779527627 0.1341463395
C 0.2808398913 0.3832021054 0.1341463395
C 0.2283464822 0.4330708402 0.1341463395
C 0.3280840163 0.4383201829 0.1341463395
C 0.2755905879 0.4881889593 0.1341463395
C 0.3753281221 0.4934383020 0.1341463395
C 0.3228346568 0.5433070802 0.1341463395
C 0.4225721909 0.5485564229 0.1341463395
C 0.3700787625 0.5984251993 0.1341463395
C 0.4698162967 0.6036745420 0.1341463395
C 0.4173228506 0.6535432786 0.1341463395
C 0.5170603847 0.6587926213 0.1341463395
C 0.4645669563 0.7086613977 0.1341463395
C 0.5643044905 0.7139107404 0.1341463395
C 0.5118110621 0.7637795168 0.1341463395
C 0.6115485962 0.7690288595 0.1341463395
C 0.5590551309 0.8188976377 0.1341463395
C 0.6587926651 0.8241469804 0.1341463395
C 0.6062992559 0.8740157152 0.1341463395
C 0.7060367900 0.8792650579 0.1341463395
C 0.6535433617 0.9291338343 0.1341463395
C 0.7532808958 0.9343831770 0.1341463395
C 0.7007874305 0.9842519552 0.1341463395
C 0.8005249646 0.9895012979 0.1341463395
C 0.7480315363 1.0393700743 0.1341463395
C 0.8477690704 1.0446194170 0.1341463395
C 0.0944881938 0.1102361984 0.1341463395
C 0.1942257087 0.1154855827 0.1341463395
C 0.1417322996 0.1653543175 0.1341463395
C 0.2414698337 0.1706036602 0.1341463395
C 0.1889763684 0.2204724384 0.1341463395
C 0.2887139025 0.2257217811 0.1341463395
C 0.2362204742 0.2755905575 0.1341463395
C 0.3359580083 0.2808399002 0.1341463395
C 0.2834645992 0.3307086350 0.1341463395
C 0.3832021141 0.3359580193 0.1341463395
C 0.3307086680 0.3858267559 0.1341463395
C 0.4304462021 0.3910760986 0.1341463395
C 0.3779527737 0.4409448750 0.1341463395
C 0.4776903079 0.4461942177 0.1341463395
C 0.4251968795 0.4960629941 0.1341463395
C 0.5249344137 0.5013123367 0.1341463395
C 0.4724409675 0.5511810734 0.1341463395
C 0.5721785017 0.5564304161 0.1341463395
C 0.5196850733 0.6062991925 0.1341463395
C 0.6194226075 0.6115485352 0.1341463395
C 0.5669291421 0.6614173134 0.1341463395
C 0.6666666763 0.6666666561 0.1341463395
C 0.6141732479 0.7165354325 0.1341463395
C 0.7139107820 0.7217847752 0.1341463395
C 0.6614173729 0.7716535100 0.1341463395
C 0.7611549070 0.7769028526 0.1341463395
C 0.7086614417 0.8267716309 0.1341463395
C 0.8083989758 0.8320209736 0.1341463395
C 0.7559055475 0.8818897500 0.1341463395
C 0.8556430816 0.8871390927 0.1341463395
C 0.8031496533 0.9370078691 0.1341463395
C 0.9028871874 0.9422572118 0.1341463395
C 0.8503937413 0.9921259484 0.1341463395
C 0.8976378471 1.0472440675 0.1341463395
C 0.2440944854 0.1181102332 0.1341463395
C 0.3438320195 0.1233595759 0.1341463395
C 0.2913385912 0.1732283523 0.1341463395
C 0.3910761253 0.1784776949 0.1341463395
C 0.3385826600 0.2283464732 0.1341463395
C 0.4383201941 0.2335958159 0.1341463395
C 0.3858267850 0.2834645507 0.1341463395
C 0.4855643191 0.2887138934 0.1341463395
C 0.4330708907 0.3385826698 0.1341463395
C 0.5328084249 0.3438320124 0.1341463395
C 0.4803149596 0.3937007907 0.1341463395
C 0.5800524937 0.3989501334 0.1341463395
C 0.5275590653 0.4488189098 0.1341463395
C 0.6272965995 0.4540682525 0.1341463395
C 0.5748031903 0.5039369873 0.1341463395
C 0.6745407244 0.5091863299 0.1341463395
C 0.6220472591 0.5590551082 0.1341463395
C 0.7217847933 0.5643044509 0.1341463395
C 0.6692913649 0.6141732273 0.1341463395
C 0.7690288990 0.6194225699 0.1341463395
C 0.7165354337 0.6692913482 0.1341463395
C 0.8162729679 0.6745406909 0.1341463395
C 0.7637795587 0.7244094257 0.1341463395
C 0.8635170928 0.7296587684 0.1341463395
C 0.8110236645 0.7795275448 0.1341463395
C 0.9107611986 0.7847768874 0.1341463395
C 0.8582677333 0.8346456657 0.1341463395
C 0.9055118583 0.8897637432 0.1341463395
C 0.3937007770 0.1259842680 0.1341463395
C 0.4934383111 0.1312336107 0.1341463395
C 0.4409449020 0.1811023455 0.1341463395
C 0.5406824361 0.1863516881 0.1341463395
C 0.4881889708 0.2362204664 0.1341463395
C 0.5879265049 0.2414698091 0.1341463395
C 0.5354330766 0.2913385855 0.1341463395
C 0.6351706107 0.2965879281 0.1341463395
C 0.5826771823 0.3464567046 0.1341463395
C 0.6824147165 0.3517060472 0.1341463395
C 0.6299212704 0.4015747839 0.1341463395
C 0.7296588045 0.4068241266 0.1341463395
C 0.6771653761 0.4566929030 0.1341463395
C 0.7769029103 0.4619422456 0.1341463395
C 0.7244094819 0.5118110221 0.1341463395
C 0.8241470160 0.5170603647 0.1341463395
C 0.7716535507 0.5669291430 0.1341463395
C 0.8713910849 0.5721784857 0.1341463395
C 0.8188976757 0.6220472205 0.1341463395
C 0.8661417445 0.6771653414 0.1341463395
C 0.5433070878 0.1338582612 0.1341463395
C 0.6430446219 0.1391076038 0.1341463395
C 0.5905511936 0.1889763803 0.1341463395
C 0.6902887277 0.1942257229 0.1341463395
C 0.6377952624 0.2440945012 0.1341463395
C 0.7375327965 0.2493438439 0.1341463395
C 0.6850393874 0.2992125787 0.1341463395
C 0.7847769215 0.3044619213 0.1341463395
C 0.7322834931 0.3543306978 0.1341463395
C 0.8320210273 0.3595800404 0.1341463395
C 0.7795275619 0.4094488187 0.1341463395
C 0.8792650961 0.4146981613 0.1341463395
C 0.8267716677 0.4645669378 0.1341463395
C 0.8740157927 0.5196850152 0.1341463395
C 0.7454068447 0.0918635177 0.1341463395
C 0.6929133794 0.1417322960 0.1341463395
C 0.7926509135 0.1469816386 0.1341463395
C 0.7401575043 0.1968503734 0.1341463395
C 0.8398950385 0.2020997161 0.1341463395
C 0.7874015732 0.2519684944 0.1341463395
C 0.8871391073 0.2572178370 0.1341463395
C 0.8346456789 0.3070866135 0.1341463395
C 0.8818897847 0.3622047325 0.1341463395
C 0.7952756213 0.0944881682 0.1341463395
C 0.8950131555 0.0997375109 0.1341463395
C 0.8425196902 0.1496062891 0.1341463395
C 0.8897637959 0.2047244082 0.1341463395
