natom :
508

Moire lattice vectors (in Angstrom)
a1 :
27.7227918547 0.0000000000 0.0000000000
a3 :
0.0000000000 0.0000000000 100.0000000000
a2 :
13.8613952183 24.0086424194 0.0000000000

type    Mass
1	12.0110000000
2	12.0110000000

Atomic positions (in Angstrom)
id    type    x    y    z
1	1	26.3040969071	0.0658528972	99.8538271644
2	1	0.7663786073	1.1956994751	99.8538271634
3	1	37.8671310703	20.4864020044	99.8775944159
4	1	40.0515255768	21.6171575652	99.8599867451
5	1	39.3991829572	22.8787393174	99.8579576030
6	1	14.5137129596	22.7470893641	99.8538271640
7	1	13.8613957067	24.0086421766	99.8517429313
8	1	16.6988130897	23.8770602208	99.8599867436
9	1	2.1850633547	1.1299644316	99.8579399929
10	1	5.0221728970	0.9992911206	99.8776900059
11	1	35.5735669700	16.8948583092	99.9247044284
12	1	37.7551866265	18.0282349856	99.8989559948
13	1	37.1023545665	19.2898199496	99.8923513672
14	1	12.2157212996	19.1596675148	99.8776900070
15	1	39.2858038317	20.4211222793	99.8699596365
16	1	14.4001410350	20.2899995253	99.8660417897
17	1	13.7474424150	21.5513397882	99.8579399940
18	1	16.5851574749	21.4200574141	99.8659839463
19	1	15.9324225991	22.6813240796	99.8579576016
20	1	18.7702734522	22.5506968289	99.8775944129
21	1	18.1174709445	23.8119433019	99.8699596348
22	1	20.9550807043	23.6828335170	99.8989559918
23	1	6.4407500794	0.9354257029	99.8920903871
24	1	9.2779922773	0.8088984859	99.9248462174
25	1	8.6247905800	2.0700274628	99.9194806040
26	1	11.4617841584	1.9466170130	99.9467660494
27	1	33.2881861373	13.2982531676	99.9539427380
28	1	35.4662088647	14.4344767964	99.9439610978
29	1	34.8125081092	15.6961037822	99.9396138348
30	1	9.9229268559	15.5692160720	99.9248462191
31	1	36.9922357345	16.8306965600	99.9157729493
32	1	12.1045514404	16.7018812940	99.9040505804
33	1	11.4511236841	17.9630762875	99.8920903887
34	1	14.2879519597	17.8329988866	99.8888503703
35	1	13.6344979457	19.0939437133	99.8756709149
36	1	16.4724607408	18.9634806130	99.8832611427
37	1	15.8189271246	20.2242481464	99.8699508721
38	1	18.6575135183	20.0941586518	99.8885223377
39	1	18.0039017735	21.3548445399	99.8758235057
40	1	20.8426164550	21.2259905185	99.9037024891
41	1	20.1889321471	22.4866718942	99.8923513634
42	1	23.0274235849	22.3601837625	99.9247044241
43	1	22.3736548765	23.6208678002	99.9157729464
44	1	25.2118554842	23.4973995982	99.9439610951
45	1	10.6965413186	0.7493785952	99.9386813718
46	1	13.5346568771	0.6282272550	99.9535868435
47	1	12.8804080791	1.8886717699	99.9527687731
48	1	15.7188805930	1.7681046062	99.9499541392
49	1	31.0048648987	9.7019613238	99.9342250979
50	1	33.1833181642	10.8369545712	99.9487279238
51	1	32.5290530892	12.0983958674	99.9537143292
52	1	7.6381287805	11.9731719433	99.9535868442
53	1	34.7068719759	13.2347911310	99.9518725104
54	1	9.8163240857	13.1091375113	99.9467660500
55	1	9.1621066544	14.3704764666	99.9386813736
56	1	11.9962226403	14.2435167985	99.9324436361
57	1	11.3416974048	15.5043408086	99.9194806045
58	1	14.1781760130	15.3760221680	99.9178149030
59	1	13.5234188465	16.6363661636	99.9020409218
60	1	16.3617877209	16.5073557267	99.9087688502
61	1	15.7068702461	17.7673515083	99.8921144625
62	1	18.5463935241	17.6384046072	99.9083247588
63	1	17.8913640322	18.8982164967	99.8922493489
64	1	20.7314009670	18.7701239331	99.9168732893
65	1	20.0763505791	20.0299303413	99.9025751237
66	1	22.9163179477	19.9037938374	99.9316852551
67	1	22.2613734323	21.1637321732	99.9204581218
68	1	25.1008055745	21.0403212638	99.9465723920
69	1	24.4461048764	22.3004646375	99.9396138309
70	1	27.2848654251	22.1792883389	99.9539427371
71	1	26.6304822031	23.4396373246	99.9518725090
72	1	29.4688464816	23.3191192531	99.9487279255
73	1	14.9532889532	0.5709482987	99.9516017279
74	1	17.7916808750	0.4491864926	99.9315369685
75	1	17.1375835499	1.7096790904	99.9389432892
76	1	19.9762918340	1.5852401260	99.9087688520
77	1	30.8970807508	7.2424456074	99.9083247567
78	1	30.2433355830	8.5036479839	99.9200931627
79	1	5.3545630344	8.3760013325	99.9315369656
80	1	32.4236087198	9.6375352173	99.9390274686
81	1	7.5331797061	9.5116399938	99.9499541391
82	1	6.8792077779	10.7732399761	99.9516017275
83	1	9.7114475378	10.6483384085	99.9573113182
84	1	9.0568301346	11.9095457289	99.9527687737
85	1	11.8906455506	11.7844307913	99.9537165163
86	1	11.2351190611	13.0449045072	99.9437280355
87	1	14.0714723320	12.9188240293	99.9444821420
88	1	13.4151567492	14.1785214579	99.9305145368
89	1	16.2540452187	14.0516004274	99.9356479548
90	1	15.5972423714	15.3106742207	99.9197075495
91	1	18.4379445597	15.1834539108	99.9315369667
92	1	17.7809167703	16.4421550447	99.9156708848
93	1	20.6225045036	16.3153028945	99.9342251001
94	1	19.9654994005	17.5739632995	99.9200931657
95	1	22.8071186130	17.4484609382	99.9426830978
96	1	22.1504405359	18.7073868991	99.9316992260
97	1	24.9913085040	18.5840062613	99.9525883196
98	1	24.3352728203	19.8434185841	99.9457986524
99	1	27.1747746252	19.7219608627	99.9577358577
100	1	26.5196283697	20.9819614481	99.9552956153
101	1	29.3577670047	20.8612593962	99.9522651391
102	1	28.7035388372	22.1217884062	99.9537143307
103	1	31.5410061471	22.0000199321	99.9342251033
104	1	30.8874288323	23.2609011829	99.9390274722
105	1	33.7249012749	23.1364339402	99.9083247621
106	1	19.2102619451	0.3888386425	99.9156708868
107	1	22.0480218266	0.2613320000	99.8832611452
108	1	21.3949389259	1.5224173569	99.8921144637
109	1	24.2329806906	1.3927540145	99.8660417900
110	1	28.6026914751	3.6531390327	99.8659839449
111	1	3.0637059037	4.7838291239	99.8832611415
112	1	30.1335664349	6.0452674936	99.8922493469
113	1	5.2461089199	5.9160458851	99.9087688502
114	1	4.5930098069	7.1776479982	99.9156708834
115	1	7.4267266005	7.0506157084	99.9356479554
116	1	6.7732303061	8.3122198961	99.9389432883
117	1	9.6062063543	8.1873829917	99.9550529159
118	1	8.9518788203	9.4486024343	99.9539158202
119	1	11.7858866532	9.3247819279	99.9625371926
120	1	11.1302649778	10.5852014414	99.9572048276
121	1	13.9666570094	10.4610975512	99.9607422636
122	1	13.3096253981	11.7205218378	99.9520562482
123	1	16.1487747257	11.5957319025	99.9550529150
124	1	15.4906378114	12.8542357705	99.9443352578
125	1	18.3321281751	12.7288971372	99.9499541395
126	1	17.6733746309	13.9867426828	99.9389432888
127	1	20.5162109071	13.8612103290	99.9487279251
128	1	19.8573380101	15.1188477152	99.9390274706
129	1	22.7003196727	14.9939425520	99.9522651371
130	1	22.0418516471	16.2518848189	99.9450165118
131	1	24.8839012922	16.1283715936	99.9580730540
132	1	24.2263568445	17.3869960190	99.9539554143
133	1	27.0666134977	17.2648530448	99.9617488003
134	1	26.4103822205	18.5243717692	99.9606339787
135	1	29.2484206149	18.4030076526	99.9580730565
136	1	28.5936243531	19.6633980269	99.9590802695
137	1	31.4300427957	19.5415095452	99.9426831022
138	1	30.7764109875	20.8025382611	99.9450165151
139	1	33.6124952528	20.6783022650	99.9168732947
140	1	32.9595405768	21.9396727914	99.9200931698
141	1	35.7960866112	21.8123240919	99.8885223419
142	1	35.1434450804	23.0738001323	99.8922493524
143	1	37.9805265985	22.9440877088	99.8659839483
144	1	23.4666453702	0.1969249038	99.8699508735
145	1	25.6516827166	1.3273374211	99.8579399933
146	1	27.8367699842	2.4572207309	99.8579576008
147	1	2.9510667497	2.3258881969	99.8660417890
148	1	2.2986160391	3.5874686396	99.8699508708
149	1	5.1349862007	3.4572298368	99.8888503700
150	1	4.4823793157	4.7188727867	99.8921144617
151	1	7.3176784184	4.5906493686	99.9178149041
152	1	6.6647381696	5.8522708654	99.9197075500
153	1	9.4990262313	5.7268402958	99.9444821437
154	1	8.8453785264	6.9881677572	99.9443352591
155	1	11.6798874208	6.8649307318	99.9607422647
156	1	11.0249909589	8.1255739834	99.9585319948
157	1	13.8613961544	8.0028805824	99.9652968632
158	1	13.2048697569	9.2625165158	99.9616915960
159	1	16.0439509798	9.1393738607	99.9625371923
160	1	15.3858543094	10.3979328548	99.9585319940
161	1	18.2274040132	10.2741125880	99.9573113182
162	1	17.5681865552	11.5317864071	99.9539158201
163	1	20.4114028124	11.4072425365	99.9535868443
164	1	19.7516917787	12.6644534017	99.9516017283
165	1	22.5953239887	12.5397426412	99.9539427372
166	1	21.9357836353	13.7970998157	99.9537143301
167	1	24.7784773826	13.6730648922	99.9577358566
168	1	24.1197693784	14.9311062046	99.9590802677
169	1	26.9604756950	14.8079484488	99.9617487995
170	1	26.3031552643	16.0669841774	99.9640487341
171	1	29.1412863608	15.9444826488	99.9617488010
172	1	28.4856306346	17.2045913317	99.9640487355
173	1	31.3213589752	17.0821728893	99.9525883234
174	1	30.6671935551	18.3431455886	99.9539554181
175	1	33.5018237489	18.2192736193	99.9316852607
176	1	32.8486436722	19.4807464181	99.9316992315
177	1	35.6837303552	19.3540534624	99.9037024938
178	1	35.0310448167	20.6156892967	99.9025751284
179	1	37.2146784903	21.7480254755	99.8758235088
180	1	4.3697029961	2.2608496585	99.8756709141
181	1	7.2062630924	2.1319082745	99.9040505801
182	1	6.5535671246	3.3934410247	99.9020409222
183	1	9.3894335488	3.2672749496	99.9324436368
184	1	8.7362540715	4.5286055869	99.9305145380
185	1	11.5718530191	4.4053854467	99.9537165172
186	1	10.9177098311	5.6662125144	99.9520562495
187	1	13.7543508376	5.5444859556	99.9625371926
188	1	13.0987826705	6.8044940642	99.9616915964
189	1	15.9376440475	6.6826134649	99.9607422638
190	1	15.2805360691	7.9416311141	99.9616915959
191	1	18.1216898974	7.8188255043	99.9537165164
192	1	17.4633171334	9.0769490827	99.9572048274
193	1	20.3060802309	8.9528872124	99.9467660493
194	1	19.6469502707	10.2104241863	99.9527687735
195	1	22.4903112055	10.0854077587	99.9439610951
196	1	21.8310214009	11.3428556543	99.9518725093
197	1	24.6737283649	11.2177748109	99.9465723911
198	1	24.0148580195	12.4756912790	99.9552956145
199	1	26.8557080720	12.3511049927	99.9525883181
200	1	26.1978161487	13.6098761221	99.9606339774
201	1	29.0360536470	13.4859048971	99.9580730534
202	1	28.3795896824	14.7457085769	99.9640487340
203	1	31.2151235473	14.6222583903	99.9577358585
204	1	30.5601771995	15.8830361999	99.9606339805
205	1	33.3938416095	15.7591880720	99.9465723958
206	1	32.7400598839	17.0206102565	99.9457986570
207	1	34.9204346104	18.1565029941	99.9204581271
208	1	10.8080140469	3.2074459894	99.9437280360
209	1	13.6453369281	3.0861907462	99.9573113179
210	1	12.9906063881	4.3464911571	99.9572048278
211	1	15.8292073861	4.2255268486	99.9550529151
212	1	15.1733432208	5.4851348467	99.9585319941
213	1	18.0136899102	5.3629774169	99.9444821423
214	1	17.3568532570	6.6219073446	99.9520562482
215	1	20.1985322923	6.4978499931	99.9324436354
216	1	19.5410554030	7.7562911981	99.9437280348
217	1	22.3832693394	7.6305271774	99.9248462163
218	1	21.7255405268	8.8887866016	99.9386813710
219	1	24.5673849939	8.7622420780	99.9247044224
220	1	23.9097625715	10.0207156849	99.9396138299
221	1	26.7502338558	9.8942166915	99.9316852529
222	1	26.0930428844	11.1532552571	99.9457986504
223	1	28.9312141425	11.0273136636	99.9426830955
224	1	28.2748251703	12.2871424712	99.9539554124
225	1	31.1102888700	12.1620821986	99.9522651359
226	1	30.4549818434	13.4227798681	99.9590802675
227	1	32.6338891894	14.5596313548	99.9552956172
228	1	15.0641231181	3.0282528579	99.9539158197
229	1	17.9034166603	2.9064256059	99.9356479553
230	1	17.2481721738	4.1662381626	99.9443352580
231	1	20.0883340391	4.0419702035	99.9178149035
232	1	19.4327776726	5.3015146220	99.9305145364
233	1	22.2733739430	5.1748521686	99.9040505787
234	1	21.6177004953	6.4342734264	99.9194806025
235	1	24.4581082220	6.3062156520	99.8989559901
236	1	23.8024849851	7.5657197475	99.9157729443
237	1	26.6420287374	7.4372401705	99.9037024866
238	1	25.9865675240	8.6970489041	99.9204581190
239	1	28.8244793248	8.5688579522	99.9168732865
240	1	28.1692913497	9.8291507912	99.9316992231
241	1	30.3501129541	10.9628610133	99.9450165094
242	1	19.3222079402	2.8456966171	99.9197075503
243	1	22.1612503194	2.7184130153	99.8888503705
244	1	21.5072025559	3.9788345031	99.9020409212
245	1	24.3462942770	3.8496831009	99.8776900052
246	1	23.6923147283	5.1101396591	99.8920903853
247	1	26.5309710236	4.9801853208	99.8775944110
248	1	25.8770888336	6.2407922752	99.8923513611
249	1	28.7147754190	6.1108014103	99.8885223358
250	1	28.0609802026	7.3716644654	99.9025751206
251	1	23.5799875302	2.6538483344	99.8756709143
252	1	26.4180368832	2.5230663698	99.8599867432
253	1	25.7651008310	3.7842185278	99.8699596334
254	1	27.9497952958	4.9144140482	99.8758235034
255	2	40.1654921360	23.9427890766	3.4461728357
256	2	28.3751095237	1.2615525757	3.4461728366
257	2	38.2076897332	20.1589588723	3.4223099908
258	2	12.5566403955	21.4855755702	3.4400132545
259	2	39.5130780122	22.6813044895	3.4420600053
260	2	14.6277739246	22.8129424746	3.4461728359
261	2	13.8613957279	24.0086421789	3.4482570687
262	2	2.8374178635	0.1315817460	3.4400132565
263	2	2.0710273283	1.3273178259	3.4420423987
264	2	4.9088781577	1.4579451093	3.4224055868
265	2	34.1674759993	15.0557547335	3.3532339474
266	2	36.2446650223	16.3781147910	3.3751537786
267	2	35.4790961266	17.5743684880	3.3805193916
268	2	10.5967119591	17.7024262930	3.4010440041
269	2	37.5537102511	18.8985022475	3.4079096089
270	2	12.6695747094	19.0284566228	3.4224055846
271	2	11.9037044372	20.2244234078	3.4300403629
272	2	14.7412950593	20.3555029351	3.4340160529
273	2	13.9753735236	21.5514211748	3.4420423972
274	2	16.8124621113	21.6827537418	3.4339582106
275	2	16.0464586390	22.8786774869	3.4420600069
276	2	18.8835681968	23.0093508363	3.4223099946
277	2	4.2560757393	0.1966986262	3.4300403652
278	2	7.0936854609	0.3258084395	3.4010440082
279	2	6.3275368545	1.5219700081	3.4076486359
280	2	9.1660282881	1.6484581721	3.3752955741
281	2	32.1935241566	11.2797448159	3.3500458612
282	2	34.2727987180	12.6013994242	3.3464131552
283	2	33.5083461163	13.7982177350	3.3472312249
284	2	8.6289151690	13.9232341937	3.3560389019
285	2	35.5869362788	15.1198553063	3.3613186247
286	2	10.7059888971	15.2463998633	3.3752955723
287	2	9.9410888119	16.4429221834	3.3842270499
288	2	12.7806325527	16.5714017925	3.3962975080
289	2	12.0156925976	17.7678496347	3.4076486331
290	2	14.8533791496	17.8978405323	3.4114776601
291	2	14.0883989537	19.0942278633	3.4241764925
292	2	16.9251014275	19.2248128265	3.4167388569
293	2	16.1600114915	20.4211732906	3.4300491276
294	2	18.9963816209	20.5514121243	3.4111496310
295	2	18.2310983675	21.7477922454	3.4243290861
296	2	21.0676584504	21.8767336627	3.3959494213
297	2	20.3021453532	23.0732162234	3.4079096139
298	2	23.1393875623	23.1997434779	3.3751537828
299	2	8.5122596642	0.3877741193	3.3842270529
300	2	11.3504602277	0.5112423506	3.3560389035
301	2	10.5847095642	1.7081772625	3.3603861672
302	2	13.4234701264	1.8293535958	3.3460572616
303	2	30.2231839189	7.5012862354	3.3912311505
304	2	32.2993406846	8.8251880414	3.3684630339
305	2	31.5347706878	10.0218992424	3.3610567122
306	2	6.6548150980	10.1474316295	3.3512720751
307	2	33.6130877584	11.3441885126	3.3483982722
308	2	8.7339281044	11.4688993035	3.3460572617
309	2	7.9696254477	12.6657862694	3.3481274892
310	2	10.8123324070	12.7908671443	3.3534276054
311	2	10.0483665531	13.9879262321	3.3603861658
312	2	12.8888378114	14.1144252569	3.3683147418
313	2	12.1251714131	15.3115930030	3.3795418748
314	2	14.9630832141	15.4397839906	3.3831267083
315	2	14.1995840214	16.6369774612	3.3974248739
316	2	17.0356845493	16.7661963517	3.3916752403
317	2	16.2721701805	17.9633744150	3.4077506495
318	2	19.1075044991	18.0925960574	3.3912311495
319	2	18.3437748167	19.2897691337	3.4078855379
320	2	21.1790739258	19.4179925913	3.3821850979
321	2	20.4149625681	20.6152008998	3.3979590792
322	2	23.2508289531	20.7413670061	3.3675563653
323	2	22.4861859292	21.9386144404	3.3805193974
324	2	25.3231795143	22.0620249252	3.3532339504
325	2	24.5579365841	23.2592633397	3.3613186280
326	2	27.3960521511	23.3804147173	3.3464131550
327	2	12.7690869855	0.5690045912	3.3481274896
328	2	15.6074512154	0.6895226931	3.3512720738
329	2	14.8421435105	1.8868534960	3.3462856693
330	2	17.6796108437	2.0086220070	3.3657748995
331	2	28.2615374559	3.7186424444	3.4339582113
332	2	30.3338570851	5.0451613316	3.4167388577
333	2	29.5682665175	6.2412904151	3.4078855386
334	2	4.6849979460	6.3702373528	3.3916752406
335	2	31.6423129772	7.5664868783	3.3843291157
336	2	6.7611088343	7.6933390582	3.3657748990
337	2	5.9959422802	8.8897942005	3.3609725297
338	2	8.8389239381	9.0146993961	3.3477348616
339	2	8.0743878299	10.2115421077	3.3462856694
340	2	10.9170815634	10.3355770635	3.3422641412
341	2	10.1534621372	11.5329506284	3.3447043831
342	2	12.9943121752	11.6575369465	3.3474116782
343	2	12.2316469210	12.8553866614	3.3542013450
344	2	15.0698181721	12.9813282872	3.3573169000
345	2	14.3078953183	14.1794911236	3.3683007712
346	2	17.1434688461	14.3066806239	3.3657748981
347	2	16.3819394618	15.5049939287	3.3799068325
348	2	19.2159587631	15.6326406179	3.3684630325
349	2	18.4544054709	16.8309939259	3.3843291144
350	2	21.2881222365	16.9580262492	3.3643520454
351	2	20.5261337482	18.1563710439	3.3802924506
352	2	23.3604218054	18.2818016495	3.3555178582
353	2	22.5976495612	19.4800363446	3.3694854643
354	2	25.4332485133	19.6032565237	3.3462834837
355	2	24.6694094836	20.8011959329	3.3562719649
356	2	27.5067323204	20.9224512074	3.3426886806
357	2	26.7418034112	22.1199701357	3.3472312259
358	2	29.5802759458	22.2405373351	3.3500458583
359	2	28.8146842132	23.4376936443	3.3483982707
360	2	31.6530761374	23.5594554860	3.3684630307
361	2	17.0260336095	0.7477407313	3.3609725285
362	2	19.8635059994	0.8722080043	3.3916752396
363	2	19.0981452379	2.0689691154	3.3799068339
364	2	27.6088389058	2.4573021292	3.4420600074
365	2	2.7237621281	2.5885845422	3.4340160537
366	2	29.6803235584	3.7843937850	3.4300491285
367	2	4.7961180685	3.9144833094	3.4114776613
368	2	4.0299685311	5.1104254126	3.4077506509
369	2	6.8700054536	5.2385180088	3.3831267086
370	2	6.1041038096	6.4346786266	3.3799068333
371	2	8.9457230225	6.5601810226	3.3573168995
372	2	8.1804559929	7.7567570941	3.3549834866
373	2	11.0225056104	7.8802703493	3.3419269437
374	2	10.2583736343	9.0775357055	3.3409197304
375	2	13.0990799524	9.2006934940	3.3382511985
376	2	12.3364203337	10.3987657986	3.3393660198
377	2	15.1746578177	10.5227370565	3.3419269442
378	2	14.4134292797	11.7214994352	3.3460445835
379	2	17.2488929598	11.8465597424	3.3477348612
380	2	16.4887169805	13.0457809039	3.3549834862
381	2	19.3219221789	13.1716873801	3.3512720738
382	2	18.5622126714	14.3711066983	3.3609725280
383	2	21.3945755004	14.4970019569	3.3500458599
384	2	20.6346260276	15.6964220273	3.3610567107
385	2	23.4676020692	15.8212589711	3.3449470848
386	2	22.7067741813	17.0204741681	3.3556647421
387	2	25.5412830422	17.1437112275	3.3392577360
388	2	24.7791053902	18.3424293977	3.3479437518
389	2	27.6157464063	18.4641559922	3.3374628061
390	2	26.8520018697	19.6621507841	3.3427951717
391	2	29.6906028687	19.7831151290	3.3449470813
392	2	28.9255185495	20.9803890629	3.3460841776
393	2	31.7648120426	21.1022163445	3.3643520403
394	2	30.9989788695	22.2989628173	3.3610567080
395	2	33.8376871798	22.4234018167	3.3912311460
396	2	33.0716572000	23.6198033034	3.3843291129
397	2	35.9094170734	23.7473099786	3.4167388551
398	2	21.2820498477	0.9348417783	3.4077506502
399	2	24.1191313142	1.0645542323	3.4340160534
400	2	4.1425063998	2.6537973843	3.4241764941
401	2	6.9812210927	2.7826514422	3.3962975090
402	2	6.2149551514	3.9787115800	3.3974248746
403	2	9.0549224839	4.1048481120	3.3683147421
404	2	8.2890450169	5.3012550052	3.3683007714
405	2	11.1299129870	5.4246356758	3.3474116776
406	2	10.3649612461	6.6216459069	3.3460445830
407	2	13.2052178962	6.7437889156	3.3382511984
408	2	12.4417596032	7.9416577284	3.3359512640
409	2	15.2798906668	8.0641592893	3.3382511991
410	2	14.5181939257	9.2629333299	3.3359512644
411	2	17.3537277938	9.3863835519	3.3422641418
412	2	16.5935860160	10.5858620530	3.3409197306
413	2	19.4267902978	10.7103887885	3.3460572616
414	2	18.6676571877	11.9102460453	3.3462856684
415	2	21.4995247129	12.0354700068	3.3464131550
416	2	20.7406036490	13.2354019449	3.3483982708
417	2	23.5728433920	13.3603035483	3.3426886815
418	2	22.8132746092	14.5600394854	3.3460841795
419	2	25.6472824394	14.6838600270	3.3374628073
420	2	24.8863866690	15.8830679513	3.3414680056
421	2	27.7227918577	16.0057613894	3.3347031357
422	2	26.9601783177	17.2041478613	3.3383084030
423	2	29.7990396562	17.3260284923	3.3392577329
424	2	29.0347387657	18.5235070656	3.3414680030
425	2	31.8750854721	18.6456645293	3.3555178526
426	2	31.1095676488	19.8424037822	3.3556647375
427	2	33.9497295094	19.9666717744	3.3821850913
428	2	33.1836033647	21.1629452984	3.3802924457
429	2	36.0226456928	21.2902289289	3.4111496258
430	2	35.2563342336	22.4862245506	3.4078855342
431	2	38.0943760240	22.6158879293	3.4339582088
432	2	37.3280406180	23.8117170383	3.4300491269
433	2	25.5377877076	1.1299025896	3.4420423985
434	2	8.3999780503	2.8449097549	3.3795418761
435	2	11.2394102001	2.9683207001	3.3534276054
436	2	10.4738773866	4.1652233278	3.3542013446
437	2	13.3133791498	4.2866810792	3.3422641413
438	2	12.5489866858	5.4842701318	3.3393660197
439	2	15.3870250923	5.6056342839	3.3419269453
440	2	14.6242350269	6.8040505951	3.3359512649
441	2	17.4599633624	6.9264690734	3.3474116801
442	2	16.6987815296	8.1256057060	3.3393660210
443	2	19.5324459038	8.2494538692	3.3534276075
444	2	18.7724934210	9.4490105565	3.3447043839
445	2	21.6048130977	9.5741651526	3.3560389041
446	2	20.8454761351	10.7738507946	3.3481274897
447	2	23.6777200897	10.8995044491	3.3532339506
448	2	22.9182260756	12.0990961943	3.3472312261
449	2	25.7520414719	12.2242111682	3.3462834838
450	2	24.9916608402	13.4234404845	3.3427951723
451	2	27.8280528491	13.5475444082	3.3392577360
452	2	27.0662655311	14.7461254040	3.3383084035
453	2	29.9053467574	14.8692680918	3.3374628060
454	2	29.1419317687	16.0670108240	3.3383084020
455	2	31.9830855904	16.1898164679	3.3462834798
456	2	31.2182488971	17.3867345763	3.3479437474
457	2	34.0599278910	17.5107919578	3.3675563588
458	2	33.2941732059	18.7071272863	3.3694854576
459	2	36.1347694963	18.8337897739	3.3959494157
460	2	35.3685980241	20.0298074381	3.3979590738
461	2	37.4413829425	21.3547935742	3.4243290826
462	2	12.6582329802	3.0266804850	3.3447043832
463	2	15.4963716196	3.1473825732	3.3477348623
464	2	14.7322289130	4.3452438816	3.3409197314
465	2	17.5686473101	4.4671323958	3.3573169022
466	2	16.8057980068	5.6654963149	3.3460445856
467	2	19.6404282167	5.7893683225	3.3683147454
468	2	18.8786642662	6.9880316749	3.3542013477
469	2	21.7121713429	7.1137836583	3.3752955763
470	2	20.9511124276	8.3125381302	3.3603861691
471	2	23.7843229941	8.4394258759	3.3751537838
472	2	23.0235027300	9.6381654526	3.3613186285
473	2	25.8576187123	9.7651251569	3.3675563653
474	2	25.0965150619	10.9637374199	3.3562719654
475	2	27.9328683243	11.0898179301	3.3555178586
476	2	27.1710213252	12.2881200913	3.3479437520
477	2	30.0101706384	12.4129100605	3.3449470850
478	2	29.2472501631	13.6107090706	3.3414680054
479	2	32.0887998408	13.7345293689	3.3426886807
480	2	31.3247128952	14.9316928312	3.3427951703
481	2	33.4024510928	16.2523507379	3.3562719607
482	2	16.9150155916	3.2061036776	3.3549834882
483	2	19.7510998542	3.3303397097	3.3831267106
484	2	18.9872482235	4.5278954912	3.3683007748
485	2	21.8223348592	4.6545884803	3.3962975118
486	2	21.0590390495	5.8521389166	3.3795418791
487	2	23.8937910796	5.9804069635	3.4010440097
488	2	23.1308401064	7.1779453740	3.3842270551
489	2	25.9659476526	7.3067606734	3.3959494220
490	2	25.2030935626	8.5043011088	3.3805193983
491	2	28.0395721428	8.6326197840	3.3821850984
492	2	27.2765528146	9.8301204662	3.3694854647
493	2	30.1154412762	9.9570415313	3.3643520461
494	2	29.3520338002	11.1544061522	3.3556647430
495	2	31.4295824687	12.4768555212	3.3460841800
496	2	21.9346912973	2.1963178521	3.4114776622
497	2	21.1696494139	3.3929526444	3.3974248771
498	2	24.0057356544	3.5222399703	3.4224055878
499	2	23.2409591040	4.7188219606	3.4076486382
500	2	26.0771176492	4.8489744289	3.4223099957
501	2	25.3125199657	6.0455656298	3.4079096149
502	2	28.1493482510	6.1756430689	3.4111496312
503	2	27.3848150622	7.3722757672	3.3979590803
504	2	29.4586385120	8.6979676983	3.3802924519
505	2	23.3532831386	2.2606164354	3.4241764947
506	2	26.1901302471	2.3914843840	3.4400132568
507	2	25.4244084198	3.5875196584	3.4300403665
508	2	27.4958943190	4.9146981973	3.4243290873
