natom :
114

Moire lattice vectors (in Angstrom)
a1 :
13.5823286303 0.0000000000 0.0000000000
a3 :
0.0000000000 0.0000000000 100.0000000000
a2 :
6.7911649460 11.7626412722 0.0000000000

type    Mass
1	95.9400000000
2	32.0660000000
3	32.0660000000
4	95.9400000000
5	32.0660000000
6	32.0660000000

Atomic positions (in Angstrom)
id    type    x    y    z
1	2	11.7869295460	0.2156282921	4.0843123594
2	3	11.8039229751	0.2216844484	7.1965052239
3	2	1.0844385348	1.4470472867	4.0843123566
4	3	1.0811866063	1.4293024690	7.1965052206
5	2	3.9444823865	2.6812956277	4.1064350527
6	3	3.9351521666	2.6626825623	7.2255076298
7	2	15.3632763626	7.6394588708	4.1189692728
8	3	15.3696634782	7.6415768503	7.2399425450
9	2	18.2119365424	8.8726247145	4.0986098215
10	3	18.2171279635	8.8922156161	7.2149622964
11	1	17.5083942747	10.5368840475	5.6524874828
12	2	7.5021247026	10.0999666561	4.0843123609
13	3	7.4883832030	10.1116553228	7.1965052262
14	1	13.5823283611	0.0000003537	5.6337570092
15	2	10.3747710791	11.3356871450	4.0986098167
16	3	10.3552091484	11.3303876024	7.2149622920
17	1	2.8683429464	1.2263030879	5.6513594982
18	2	6.4345921253	0.8231917158	4.1140741899
19	3	6.4361434277	0.8208563116	7.2350270091
20	1	5.7247064864	2.4723272017	5.6742185574
21	2	9.2880173048	2.0753746169	4.1064350556
22	3	9.3088018010	2.0766009393	7.2255076337
23	2	15.0241159386	4.5493919195	4.1086720354
24	3	15.0252264639	4.5273432324	7.2273897019
25	1	14.3030088591	6.1900553909	5.6790550504
26	2	4.2867728776	5.7785256364	4.1140741934
27	3	4.2839747050	5.7783498667	7.2350270116
28	1	17.1507398395	7.4311863827	5.6717530658
29	2	7.1409931005	7.0059719914	4.1064350600
30	3	7.1295388240	7.0233587298	7.2255076384
31	1	6.4190022909	8.6654322996	5.6513595055
32	2	10.0101596474	8.2393213815	4.1086720396
33	3	9.9905096647	8.2493839859	7.2273897082
34	1	9.2852512935	9.8942720007	5.6524874825
35	2	12.8670540213	9.4852581186	4.1189692717
36	3	12.8620262376	9.4897305376	7.2399425448
37	1	12.1536916525	11.1373831584	5.6717530621
38	2	15.7127107809	10.7365702068	4.1086720370
39	3	15.7312502387	10.7485562919	7.2273897048
40	1	8.2229176349	0.6301740215	5.6706021371
41	1	11.0861475342	1.8709069448	5.6513595021
42	1	13.9533407788	3.0941275571	5.6524874797
43	1	3.2254517687	4.3262992431	5.6706021360
44	2	6.7911642653	3.9208807456	4.1164182850
45	3	6.7911642647	3.9208807419	7.2385571817
46	1	6.0699089615	5.5687369899	5.6742185621
47	2	9.6521277909	5.1609248840	4.1140741949
48	3	9.6533746604	5.1634360528	7.2350270143
49	1	8.9251233707	6.8061690669	5.6706021424
50	2	12.5166559852	6.4005665186	4.1189692730
51	3	12.5152966529	6.3939761236	7.2399425456
52	1	11.7915694749	8.0434867978	5.6790550521
53	1	14.6524080151	9.2917414173	5.6790550505
54	1	8.5788773283	3.7215781385	5.6742185615
55	2	12.1602787426	3.3169716480	4.0986098182
56	3	12.1746492526	3.3026802914	7.2149622926
57	1	11.4425548574	4.9567140638	5.6717530662
58	5	16.0999665984	9.6860409600	10.4535403658
59	6	16.0791821031	9.6872672859	13.5726129437
60	5	18.5950879758	11.5409574531	10.4825427756
61	6	18.5780945457	11.5470136094	13.5947356403
62	5	14.2795471444	1.6509865802	10.4825427784
63	6	14.2932886412	1.6626752421	13.5947356422
64	5	13.9207030902	4.7392831680	10.4535403680
65	6	13.9321573652	4.7566699092	13.5726129455
66	5	16.4445391222	6.5992058477	10.4440209894
67	6	16.4432922570	6.6017170198	13.5649738088
68	4	15.3700419284	8.0410638166	12.0048294402
69	5	5.3834852853	8.4599616115	10.4640857033
70	6	5.3691147804	8.4456702563	13.5804381795
71	4	17.8773123351	9.8917350108	12.0276884971
72	5	7.8723514769	10.3333394345	10.4825427730
73	6	7.8756034048	10.3155946124	13.5947356382
74	4	13.5823284192	0.0000003272	12.0452909900
75	5	3.5640443277	0.4322543023	10.4640857070
76	6	3.5836062564	0.4269547510	13.5804381811
77	4	2.4940866061	1.8683699530	12.0265605207
78	5	6.0708616086	2.2729113667	10.4391054560
79	6	6.0758893935	2.2773837808	13.5600787279
80	4	13.2101663620	3.0972096521	12.0276884990
81	5	3.1993451685	3.5132579193	10.4516582984
82	6	3.2189951539	3.5233205184	13.5703759654
83	4	15.7162876399	4.9564728883	12.0084458643
84	5	5.7241323504	5.3686657800	10.4391054537
85	6	5.7254916888	5.3620753849	13.5600787270
86	4	4.6513906946	6.8059278939	12.0072949351
87	5	8.2340623637	7.2352986677	10.4516582893
88	6	8.2329518408	7.2132499823	13.5703759582
89	4	7.1621768181	8.6685143984	12.0265605145
90	5	10.7263169020	9.0999593357	10.4535403620
91	6	10.7356471195	9.0813462699	13.5726129401
92	4	9.6595078193	10.5363388649	12.0276884957
93	5	13.2273083617	10.9417855882	10.4440209882
94	6	13.2257570573	10.9394501822	13.5649738063
95	4	5.3625268315	0.6252587954	12.0072949360
96	5	8.9400854772	1.0140856079	10.4516582951
97	6	8.9215460178	1.0260716940	13.5703759621
98	4	7.8612433886	2.4709005367	11.9999929482
99	4	5.0004049825	3.7191551586	11.9999929507
100	5	8.5784990453	4.1210650489	10.4391054525
101	6	8.5721119295	4.1231830310	13.5600787252
102	4	7.5118445632	5.5725865644	11.9999929457
103	5	11.0751391034	5.9842920279	10.4440209851
104	6	11.0779372728	5.9841162640	13.5649738043
105	4	10.0166163038	7.4363427091	12.0084458565
106	5	13.5823288633	7.8417611537	10.4404908175
107	6	13.5823288620	7.8417611550	13.5626297142
108	4	12.5158712224	9.2903147506	12.0048294378
109	4	15.0140825691	11.1324679323	12.0084458613
110	4	10.7172295155	1.2257579048	12.0265605174
111	5	11.4259634020	2.8704262810	10.4640857063
112	6	11.4207719769	2.8900171859	13.5804381807
113	4	10.3595754102	4.3314555688	12.0072949324
114	4	12.8610733620	6.1939049621	12.0048294386
