natom :
222

Moire lattice vectors (in Angstrom)
a1 :
18.954028 0.000000 0.000000
a3 :
0.000000 0.000000 100.000000
a2 :
9.477013 16.414671 0.000000

type    Mass
1	95.940000
2	32.066000
3	32.066000
4	95.940000
5	32.066000
6	32.066000

Atomic positions (in Angstrom)
id    type    x    y    z
1	2	17.165176	0.139828	4.141292
2	3	17.153246	0.143969	7.261428
3	2	1.015452	1.479077	4.141292
4	3	1.025003	1.487339	7.261427
5	2	23.563696	12.139936	4.132291
6	3	23.577662	12.136018	7.252325
7	2	26.391193	13.469183	4.132945
8	3	26.394850	13.453768	7.252586
9	1	25.609744	15.081606	5.698484
10	2	10.250136	14.795524	4.141292
11	3	10.252516	14.783123	7.261428
12	1	28.430949	16.414591	5.705714
13	2	13.047596	16.120813	4.132944
14	3	13.059118	16.131689	7.252585
15	1	2.812318	1.341189	5.690742
16	2	6.373854	1.028660	4.100492
17	3	6.386522	1.062740	7.217588
18	1	5.622689	2.677465	5.648872
19	2	9.200683	2.348520	4.068530
20	3	9.194883	2.383403	7.183073
21	2	20.486924	7.704344	4.134582
22	3	20.510626	7.698256	7.254804
23	2	23.302522	9.049106	4.113588
24	3	23.339650	9.037669	7.231964
25	1	22.543823	10.663247	5.692188
26	2	7.180864	10.380220	4.100493
27	3	7.204043	10.352209	7.217589
28	1	25.365756	11.987723	5.682569
29	2	10.009399	11.701010	4.112267
30	3	10.011677	11.664090	7.230038
31	1	9.232289	13.308337	5.690742
32	2	12.816870	13.018634	4.131630
33	3	12.811355	12.998505	7.251246
34	1	12.041921	14.637847	5.698484
35	2	15.612507	14.336753	4.132291
36	3	15.608916	14.350807	7.252325
37	1	14.843297	15.973489	5.682569
38	2	18.419831	15.655984	4.113588
39	3	18.411171	15.693856	7.231964
40	1	8.172405	0.888495	5.649695
41	2	11.771577	0.564058	4.100811
42	3	11.746919	0.599154	7.217805
43	1	10.992921	2.208730	5.631776
44	2	14.605616	1.895570	4.112267
45	3	14.572504	1.912058	7.230038
46	2	20.224945	4.590380	4.131630
47	3	20.245135	4.595668	7.251245
48	1	19.473886	6.218735	5.695604
49	2	4.079645	5.937956	4.100811
50	3	4.122368	5.941762	7.217804
51	1	22.292037	7.565205	5.675990
52	2	6.910481	7.272185	4.068530
53	3	6.943591	7.259765	7.183073
54	1	6.160201	8.892712	5.649695
55	2	9.752410	8.594030	4.068274
56	3	9.755556	8.559908	7.182707
57	1	8.984352	10.206346	5.648872
58	2	12.579542	9.912415	4.100812
59	3	12.561477	9.873513	7.217805
60	1	11.800069	11.523804	5.674094
61	2	15.382653	11.234771	4.134582
62	3	15.365530	11.217289	7.254804
63	1	14.602597	12.854892	5.695604
64	2	18.179738	12.561550	4.143716
65	3	18.172748	12.573129	7.264903
66	1	17.401293	14.191861	5.692188
67	2	20.992228	13.889986	4.134581
68	3	20.985649	13.913556	7.254804
69	1	20.210169	15.522828	5.675990
70	2	23.819989	15.220088	4.131630
71	3	23.805315	15.234928	7.251246
72	1	13.556817	0.433407	5.674093
73	1	16.386157	1.764904	5.690742
74	1	19.210140	3.109647	5.698484
75	2	3.815749	2.817850	4.112267
76	3	3.846584	2.838282	7.230037
77	1	3.073878	4.457218	5.674093
78	2	6.634967	4.148780	4.068274
79	3	6.662943	4.168565	7.182707
80	1	5.893300	5.789955	5.631775
81	2	9.476922	5.471476	4.046756
82	3	9.476921	5.471476	7.159747
83	1	8.718999	7.104515	5.610476
84	2	12.319600	6.793725	4.068530
85	3	12.292290	6.771260	7.183074
86	1	11.544543	8.415744	5.631776
87	2	15.139452	8.124011	4.113588
88	3	15.110984	8.097575	7.231965
89	1	14.359600	9.741067	5.675991
90	2	17.939357	9.463301	4.143716
91	3	17.932825	9.451458	7.264904
92	1	17.163963	11.081995	5.705051
93	2	20.742710	10.804250	4.143716
94	3	20.756233	10.804514	7.264903
95	1	19.969265	12.423714	5.705051
96	1	22.785322	13.755473	5.695604
97	1	8.441630	3.998577	5.610476
98	2	12.043388	3.671620	4.068274
99	3	12.012265	3.685955	7.182707
100	1	11.270136	5.311337	5.610476
101	2	14.876046	5.005549	4.100493
102	3	14.840199	4.999480	7.217589
103	1	14.098158	6.633223	5.649696
104	2	17.685603	6.352412	4.132291
105	3	17.675227	6.342276	7.252326
106	1	16.916689	7.973993	5.692189
107	1	19.728577	9.323391	5.705051
108	1	13.823723	3.530619	5.648872
109	2	17.423016	3.239104	4.132945
110	3	17.407837	3.243644	7.252586
111	1	16.652753	4.867889	5.682569
112	5	17.928838	1.487342	10.417621
113	6	17.938388	1.479081	13.537756
114	5	22.542337	11.217292	10.424245
115	6	22.525214	11.234775	13.544467
116	4	23.305270	12.854896	11.983445
117	5	25.096511	12.998509	10.427803
118	6	25.090997	13.018638	13.547418
119	4	25.865945	14.637851	11.980565
120	5	8.701323	14.783126	10.417621
121	6	8.703703	14.795528	13.537756
122	4	28.430946	16.414594	11.973335
123	5	1.800595	0.143972	10.417621
124	6	1.788665	0.139832	13.537756
125	4	2.567683	1.764907	11.988307
126	5	4.381337	1.912062	10.449011
127	6	4.348224	1.895574	13.566782
128	5	20.232641	6.342279	10.426723
129	6	20.222265	6.352416	13.546758
130	4	20.991179	7.973996	11.986860
131	5	22.796884	8.097579	10.447084
132	6	22.768415	8.124015	13.565461
133	4	23.548268	9.741071	12.003058
134	5	6.392362	9.873517	10.461244
135	6	6.374297	9.912419	13.578237
136	4	7.153770	11.523808	12.004955
137	5	8.942162	11.664094	10.449011
138	6	8.944440	11.701014	13.566781
139	4	9.721550	13.308341	11.988306
140	5	11.513017	13.453772	10.426463
141	6	11.516674	13.469187	13.546104
142	4	12.298123	15.081610	11.980565
143	5	14.102552	15.234932	10.427803
144	6	14.087878	15.220091	13.547419
145	4	5.397024	0.433411	12.004956
146	5	7.206922	0.599158	10.461244
147	6	7.182264	0.564062	13.578238
148	4	7.960919	2.208734	12.047273
149	5	9.758957	2.383407	10.495975
150	6	9.753158	2.348524	13.610519
151	4	18.697728	3.109651	11.980565
152	5	20.500031	3.243648	10.426463
153	6	20.484852	3.239107	13.546104
154	4	21.255115	4.867892	11.996480
155	5	4.113641	4.999484	10.461460
156	6	4.077794	5.005553	13.578556
157	4	4.855682	6.633227	12.029353
158	5	6.661550	6.771264	10.495975
159	6	6.634240	6.793729	13.610519
160	4	7.409297	8.415748	12.047273
161	5	9.198283	8.559913	10.496341
162	6	9.201430	8.594034	13.610774
163	4	9.969487	10.206350	12.030176
164	5	11.749796	10.352213	10.461460
165	6	11.772976	10.380224	13.578556
166	4	12.542112	11.987727	11.996479
167	5	14.330205	12.136022	10.426723
168	6	14.344171	12.139939	13.546758
169	4	15.122545	13.755477	11.983445
170	5	16.922218	13.913560	10.424245
171	6	16.915639	13.889990	13.544467
172	4	17.697698	15.522832	12.003058
173	5	19.496695	15.693860	10.447084
174	6	19.488036	15.655988	13.565461
175	4	10.781435	0.888499	12.029353
176	5	12.567318	1.062744	10.461460
177	6	12.579986	1.028664	13.578556
178	4	13.331151	2.677469	12.030176
179	4	5.130117	3.530623	12.030177
180	5	6.941576	3.685959	10.496342
181	6	6.910453	3.671624	13.610775
182	4	7.683704	5.311341	12.068573
183	5	9.476918	5.471480	10.519302
184	6	9.476919	5.471481	13.632292
185	4	10.234841	7.104519	12.068572
186	5	12.010248	7.259770	10.495975
187	6	12.043359	7.272189	13.610518
188	4	12.793638	8.892716	12.029353
189	5	14.568218	9.037673	10.447084
190	6	14.605346	9.049109	13.565460
191	4	15.364044	10.663251	11.986860
192	5	17.151635	10.804518	10.414145
193	6	17.165157	10.804253	13.535332
194	4	17.938602	12.423718	11.973998
195	5	19.735120	12.573133	10.414145
196	6	19.728129	12.561554	13.535333
197	4	20.506574	14.191865	11.986860
198	5	22.298951	14.350810	10.426723
199	6	22.295360	14.336756	13.546758
200	4	23.064570	15.973492	11.996479
201	5	24.848749	16.131693	10.426463
202	6	24.860271	16.120817	13.546104
203	4	16.141523	1.341193	11.988306
204	4	10.512210	3.998581	12.068572
205	5	12.290896	4.168569	10.496341
206	6	12.318873	4.148784	13.610774
207	4	13.060540	5.789959	12.047272
208	5	14.831472	5.941766	10.461244
209	6	14.874195	5.937960	13.578237
210	4	15.615831	7.565209	12.003058
211	5	17.397242	7.698260	10.424244
212	6	17.420943	7.704347	13.544467
213	4	18.179291	9.323395	11.973998
214	5	19.975043	9.451461	10.414145
215	6	19.968510	9.463304	13.535333
216	4	20.743904	11.081999	11.973998
217	5	15.107256	2.838286	10.449011
218	6	15.138091	2.817853	13.566781
219	4	15.879962	4.457222	12.004955
220	5	17.662734	4.595671	10.427803
221	6	17.682923	4.590383	13.547418
222	4	18.433982	6.218739	11.983444
