natom :
42

Moire lattice vectors (in Angstrom)
a1 :
8.2441601841 0.0000000000 0.0000000000
a3 :
0.0000000000 0.0000000000 100.0000000000
a2 :
4.1220792877 7.1396526167 0.0000000000

type    Mass
1	95.9400000000
2	32.0660000000
3	32.0660000000
4	95.9400000000
5	32.0660000000
6	32.0660000000

Atomic positions (in Angstrom)
id    type    x    y    z
1	2	6.4750202430	0.3427884285	4.0982965197
2	3	6.4801296084	0.3526677651	7.2120365672
3	2	1.1814352193	1.3607271335	4.0982965214
4	3	1.1874362936	1.3513626261	7.2120365710
5	2	4.1220811302	2.3798842162	4.0993316553
6	3	4.1220811294	2.3798842187	7.2221074290
7	2	10.0081245324	4.4213634903	4.1010257249
8	3	10.0080791043	4.4229013132	7.2222879414
9	1	9.4215695900	6.1225390190	5.6607121260
10	2	4.7097879345	5.4361370882	4.0982965190
11	3	4.6986774983	5.4356222574	7.2120365618
12	1	4.1220805932	7.1396525601	5.6534514782
13	2	7.6552462433	6.4566082271	4.1010257258
14	3	7.6539371665	6.4557999734	7.2222879419
15	1	2.9494562709	1.0167429232	5.6584180101
16	1	5.8889085232	2.0459316450	5.6584180077
17	1	8.8356506853	3.0587170314	5.6607121267
18	1	3.5278785879	4.0769778754	5.6584180068
19	2	7.0691120891	3.4013335506	4.1010257251
20	3	7.0704665915	3.4006039806	7.2222879419
21	1	6.4752625827	5.0980490109	5.6607121247
22	5	8.2441607315	4.7597684170	10.4569405679
23	6	8.2441607316	4.7597684158	13.5797163415
24	5	10.6022087452	6.7869848666	10.4670114292
25	6	10.5970993818	6.7968642027	13.5807514762
26	5	8.8207577830	1.7040303719	10.4670114261
27	6	8.8318682227	1.7035155444	13.5807514762
28	4	7.6499586373	3.0626746572	12.0206299884
29	5	2.9483862429	3.7390486476	10.4567600559
30	6	2.9470317335	3.7383190797	13.5780222712
31	4	10.0109881133	5.0937208850	12.0206299879
32	5	5.3095156588	5.7882900067	10.4670114351
33	6	5.3035145872	5.7789255000	13.5807514780
34	4	4.1220804297	7.1396525910	12.0255965186
35	5	3.5318574977	0.6838526584	10.4567600539
36	6	3.5331665765	0.6830444079	13.5780222715
37	4	2.3531826721	2.0416035198	12.0183358693
38	5	5.8859989849	2.7167513243	10.4567600554
39	6	5.8860444108	2.7182891420	13.5780222719
40	4	4.7135703192	4.0809354995	12.0183358730
41	4	7.0715356277	6.1229096095	12.0206299895
42	4	5.2994899120	1.0171135152	12.0183358708
