natom :
28

Moire lattice vectors (in Angstrom)
a1 :
6.5085478085 0.0000000000 0.0000000000
a3 :
0.0000000000 0.0000000000 100.0000000000
a2 :
3.2542732692 5.6365681106 0.0000000000

type    Mass
1	12.0110000000
2	12.0110000000

Atomic positions (in Angstrom)
id    type    x    y    z
1	1	5.1140451240	0.2688066522	99.9179400113
2	1	0.9300459024	1.0732718789	99.9179399935
3	1	3.2542744696	1.8788558547	99.9239967715
4	1	7.9029899833	3.4893778020	99.9216986541
5	1	7.4382024388	4.8317311152	99.9223809538
6	1	3.7187323817	4.2944890373	99.9179400118
7	1	3.2542740423	5.6365678534	99.9148903237
8	1	6.0437112391	5.0995010287	99.9216986452
9	1	2.3245482541	0.8049385653	99.9203305649
10	1	4.6491771890	1.6106477110	99.9203305707
11	1	6.9738490472	2.4155977865	99.9223809361
12	1	2.7890979546	3.2209810603	99.9203305788
13	1	5.5789432649	2.6842568453	99.9216986501
14	1	5.1135929907	4.0258065454	99.9223809401
15	2	6.5085490499	3.7577111651	3.3760032278
16	2	8.3683193425	5.3677603694	3.3820599840
17	2	6.9730075079	1.3420779840	3.3820600051
18	2	6.0433729086	2.4155858480	3.3796694338
19	2	2.3246702182	2.9523101770	3.3783013438
20	2	7.9034517815	4.0259191996	3.3796694187
21	2	4.1843203029	4.5632951430	3.3820599921
22	2	3.2542750037	5.6365671668	3.3851096756
23	2	2.7894387383	0.5370659918	3.3783013506
24	2	1.8593203182	1.6107603641	3.3776190638
25	2	4.6487171172	2.1471892181	3.3783013541
26	2	3.7195760116	3.2209691237	3.3776190470
27	2	5.5788226663	4.8316283430	3.3796694310
28	2	4.1839299472	0.8048357943	3.3776190572
