natom :
222

Moire lattice vectors (in Angstrom)
a1 :
18.9538873772 0.0000000000 0.0000000000
a3 :
0.0000000000 0.0000000000 100.0000000000
a2 :
9.4769437004 16.4145479623 0.0000000000

type    Mass
1	95.9400000000
2	32.0660000000
3	32.0660000000
4	95.9400000000
5	32.0660000000
6	32.0660000000

Atomic positions (in Angstrom)
id    type    x    y    z
1	2	17.1489101593	0.1628826562	4.0527808393
2	3	17.1735857295	0.1661027991	7.1663439021
3	2	1.0435494161	1.4817156384	4.0527808390
4	3	1.0340003582	1.4587358961	7.1663439017
5	2	23.5324296488	12.1325767006	4.1207799348
6	3	23.5580531255	12.1589491325	7.2389688187
7	2	26.3495974819	13.4539585888	4.0746659415
8	3	26.3653770520	13.4892354421	7.1896948617
9	1	25.6027277666	15.1047750973	5.6245954237
10	2	10.2383726640	14.7699506829	4.0527808383
11	3	10.2232461540	14.7897102808	7.1663439010
12	1	0.0000003876	0.0000003386	5.5999768532
13	2	13.0815069796	16.0924416585	4.0746659409
14	3	13.0430665439	16.0884687392	7.1896948610
15	1	2.8302377489	1.3103665510	5.6239685499
16	2	6.4241798017	1.0158202346	4.1170495733
17	3	6.3944675137	1.0022169389	7.2355588972
18	1	5.6505359949	2.6399894184	5.6724688041
19	2	9.2253485800	2.3664963257	4.1405470590
20	3	9.2280611452	2.3587847362	7.2612220036
21	2	20.5075263617	7.7056276939	4.1379101923
22	3	20.5092390921	7.6749837994	7.2572190833
23	2	23.3004214123	9.0262674553	4.1401687149
24	3	23.3057632170	9.0261780541	7.2601678578
25	1	22.5339319459	10.6564079291	5.7007478262
26	2	7.1445802130	10.3431357837	4.1170495736
27	3	7.1476555581	10.3756690275	7.2355588975
28	1	25.3357089189	11.9903691484	5.6609304657
29	2	9.9675287829	11.6573221694	4.0915745453
30	3	9.9513356404	11.6989009811	7.2079436268
31	1	9.1966358342	13.3083077427	5.6239685496
32	2	12.8064457027	12.9775578777	4.0933937159
33	3	12.7682688038	13.0041009793	7.2095378345
34	1	12.0252928032	14.6202252568	5.6245954224
35	2	15.6344411780	14.3133936935	4.1207799337
36	3	15.5987902434	14.3223980587	7.2389688176
37	1	14.8559568974	15.9461831277	5.6609304649
38	2	18.4405880157	15.6656232915	4.1401687145
39	3	18.4379945368	15.6702941301	7.2601678573
40	1	8.2020428292	0.8796487106	5.6948699223
41	2	11.7661160623	0.6079987445	4.1260175770
42	3	11.8006145289	0.6132681674	7.2449809678
43	1	11.0200172407	2.2344711187	5.6954399451
44	2	14.5887167341	1.9537545915	4.0915745471
45	3	14.6328216126	1.9469888584	7.2079436287
46	2	20.2656579783	4.6019285309	4.0933937176
47	3	20.2617594281	4.5555948157	7.2095378363
48	1	19.4917586882	6.2081349979	5.6765238826
49	2	4.1204283090	5.9207940235	4.1260175767
50	3	4.1077425303	5.8882827629	7.2449809675
51	1	22.2972351827	7.5357224365	5.6972749878
52	2	6.9137156302	7.2419144175	4.1405470589
53	3	6.9056809152	7.2434210612	7.2612220034
54	1	6.1377206991	8.8715470002	5.6948699225
55	2	9.7183367078	8.5631122414	4.1325822906
56	3	9.7091077443	8.5900923898	7.2525943804
57	1	8.9379738904	10.2010463830	5.6724688039
58	2	12.5442878681	9.8857562072	4.1260175759
59	3	12.5224751798	9.9129980450	7.2449809667
60	1	11.7553298894	11.5208297377	5.6603158447
61	2	15.3733938331	11.2162441329	4.1379101912
62	3	15.3459990761	11.2300828131	7.2572190821
63	1	14.5844109526	12.8446710904	5.6765238808
64	2	18.1840065469	12.5584641661	4.1518646297
65	3	18.1761144443	12.5674132141	7.2720861476
66	1	17.4120896857	14.1867537047	5.7007478254
67	2	20.9807431220	13.9072251102	4.1379101919
68	3	21.0064251482	13.9240303253	7.2572190829
69	1	20.2330309823	15.5421110433	5.6972749875
70	2	23.7895596360	15.2496105299	4.0933937174
71	3	23.8316350859	15.2694011430	7.2095378362
72	1	13.5766102661	0.4737196331	5.6603158464
73	1	16.4039586568	1.7958746839	5.6239685512
74	1	19.2336427476	3.1040965859	5.6245954240
75	2	3.8745867224	2.8034722154	4.0915745459
76	3	3.8466749871	2.7686591361	7.2079436274
77	1	3.0988920838	4.4199996062	5.6603158459
78	2	6.6788471629	4.1347705134	4.1325822908
79	3	6.6600961509	4.1132879224	7.2525943806
80	1	5.9020441151	5.7536983701	5.6954399446
81	2	9.4769440798	5.4715163248	4.1467389144
82	3	9.4769440793	5.4715163250	7.2681413905
83	1	8.7001255490	7.0942074598	5.7037387400
84	2	12.2917680293	6.8061382315	4.1405470592
85	3	12.2970901778	6.8123431776	7.2612220038
86	1	11.5087708829	8.4263794873	5.6954399444
87	2	15.1206538889	8.1372061902	4.1401687151
88	3	15.1179055623	8.1326247534	7.2601678580
89	1	14.3313971512	9.7512634590	5.6972749871
90	2	17.9398233602	9.4685796851	4.1518646303
91	3	17.9360193082	9.4572704010	7.2720861482
92	1	17.1566696334	11.0832674470	5.7122431583
93	2	20.7378334098	10.8020530853	4.1518646303
94	3	20.7495295634	10.8044133227	7.2720861482
95	1	19.9739440313	12.4293513093	5.7122431586
96	1	22.7854936758	13.7762908509	5.6765238821
97	1	8.4600615990	3.9874261758	5.7037387402
98	2	12.0336483688	3.7166662202	4.1325822916
99	3	12.0616283434	3.7111686629	7.2525943815
100	1	11.2706450905	5.3329153402	5.7037387406
101	2	14.8620722246	5.0555929571	4.1170495748
102	3	14.8887091674	5.0366630090	7.2355588989
103	1	14.0910687104	6.6633532655	5.6948699232
104	2	17.6947924901	6.3831265436	4.1207799356
105	3	17.7048199481	6.3477497467	7.2389688196
106	1	16.9156416845	7.9859353050	5.7007478266
107	1	19.7310496513	9.3164781825	5.7122431590
108	1	13.8423223537	3.5735131752	5.6724688055
109	2	17.4305588556	3.2826966918	4.0746659427
110	3	17.4532197226	3.2513927569	7.1896948629
111	1	16.6699975006	4.8925446632	5.6609304670
112	5	26.6505294215	16.2484458296	10.5127037276
113	6	26.6258538514	16.2516659737	13.6262667904
114	5	19.7001898250	1.6248383479	10.5127037280
115	6	19.7153163351	1.6445979469	13.6262667908
116	5	21.7740338620	9.6022054516	10.4178256261
117	6	21.7687117126	9.6084103971	13.5385005706
118	5	24.3656528537	11.3778856199	10.4434887319
119	6	24.3390159102	11.3589556719	13.5619980559
120	4	23.3192660414	12.8410354545	12.0065788250
121	5	7.9762760334	13.1631558720	10.4893527681
122	6	7.9536151662	13.1318519378	13.6043816883
123	4	25.8809023465	14.6186739460	12.0550790792
124	5	10.5109440483	14.9558127327	10.5127037287
125	6	10.5204931065	14.9328329915	13.6262667914
126	4	0.0000003792	0.0000003292	12.0790707766
127	5	3.5661228359	0.3260798896	10.4893527687
128	6	3.6045632718	0.3221069713	13.6043816887
129	4	2.5483490973	1.7943233731	12.0544522067
130	5	6.1218465384	2.0921505703	10.4400788117
131	6	6.1574974730	2.1011549359	13.5582676956
132	5	19.4282793168	4.7156476480	10.4711040015
133	6	19.4444724590	4.7572264598	13.5874730831
134	5	21.9994188594	6.5015505841	10.4340666623
135	6	22.0212315469	6.5287924215	13.5530300532
136	4	20.9857145642	7.9881691424	11.9836076848
137	5	5.6409618674	8.2819238758	10.4188797723
138	6	5.6437101932	8.2773424383	13.5388789152
139	4	23.5680123942	9.7511953641	11.9841777072
140	5	8.2278762553	10.0667988827	10.4400788116
141	6	8.2178487970	10.0314220854	13.5582676956
142	4	7.1930538093	11.5220039666	12.0181171642
143	5	10.7848157372	11.8589538138	10.4695097949
144	6	10.7887142877	11.8126200987	13.5856539136
145	4	9.7566990584	13.3104520441	12.0544522070
146	5	13.3236186757	13.6458894933	10.4711040032
147	6	13.3515304115	13.6110764144	13.5874730846
148	4	12.3071814392	15.1041820791	12.0550790804
149	5	15.8714112049	15.4123316904	10.4434887327
150	6	15.9011234932	15.3987283951	13.5619980566
151	4	5.3790131896	0.4683655023	12.0181171646
152	5	8.9610508298	0.7442544991	10.4188797721
153	6	8.9636443089	0.7489253381	13.5388789149
154	4	7.9351459808	2.2277949254	11.9782998039
155	5	11.5294814437	2.4905183042	10.4218285462
156	6	11.5037994180	2.5073235194	13.5411374372
157	4	18.6735795075	3.1062408874	12.0550790788
158	5	3.2913251009	3.4104476495	10.4695097943
159	6	3.3295019995	3.4369907515	13.5856539130
160	4	21.2322735657	4.8937188921	12.0187317839
161	5	5.8690553763	5.1844658161	10.4218285473
162	6	5.8964501329	5.1983044958	13.5411374383
163	4	4.8544534533	6.6632851707	11.9817726425
164	5	8.4590756111	6.9572782287	10.4069614820
165	6	8.4628796629	6.9459689436	13.5271829999
166	4	7.4386979892	8.4286133248	11.9782998041
167	5	11.0322953974	8.7395648307	10.4218285473
168	6	11.0305826673	8.7089209352	13.5411374383
169	4	10.0148149953	10.2064136323	12.0025237486
170	5	13.5846862151	10.5262658672	10.4340666630
171	6	13.5973719943	10.4937546060	13.5530300537
172	4	12.5758357703	11.9945490241	12.0187317850
173	5	16.1370398381	12.3012607074	10.4264532495
174	6	16.1557908504	12.2797781162	13.5464653393
175	4	15.1274796839	13.7745592118	12.0065788261
176	5	18.7050048348	14.0557638932	10.4178256263
177	6	18.7022922695	14.0480523038	13.5385005708
178	4	17.6789865205	15.5348999195	11.9841777074
179	5	21.2775582207	15.8012804617	10.4340666618
180	6	21.2430597541	15.8065498851	13.5530300526
181	4	10.7560872753	0.8724375870	11.9817726418
182	5	14.3546913791	1.1451474861	10.4695097929
183	6	14.3126159295	1.1649381000	13.5856539117
184	4	13.3085499715	2.6382577795	12.0025237468
185	4	5.1074672496	3.5698775395	12.0025237483
186	5	8.6991707422	3.8471354154	10.4069614818
187	6	8.7070628450	3.8560844630	13.5271829996
188	4	7.6797259334	5.3312811830	11.9668044713
189	5	11.2725858640	5.6101353074	10.4069614814
190	6	11.2608897108	5.6124955439	13.5271829993
191	4	10.2541059541	7.0980704478	11.9668044712
192	5	13.8288195203	7.3883705762	10.4188797716
193	6	13.8234777161	7.3882811740	13.5388789145
194	4	12.8202914882	8.8788261940	11.9817726425
195	5	16.3826245984	9.1711275689	10.4178256261
196	6	16.3906593136	9.1726342117	13.5385005706
197	4	15.3789878002	10.6608502603	11.9836076855
198	5	18.9538877651	10.9430323046	10.4109062392
199	6	18.9538877653	10.9430323042	13.5323087153
200	4	17.9370052864	12.4271224543	11.9753088898
201	5	21.5385720313	12.7033799662	10.4264532487
202	6	21.5105920562	12.6978824090	13.5464653385
203	4	20.4969609303	14.1800775112	11.9836076848
204	5	24.1097653025	14.4675597704	10.4711040016
205	6	24.0656604237	14.4607940382	13.5874730831
206	4	23.0535539579	15.9408289970	12.0187317832
207	4	16.1257840600	1.3097735329	12.0544522054
208	4	10.4970003292	3.9851973211	11.9668044707
209	5	14.0811094237	4.2555994973	10.4400788099
210	6	14.0554859476	4.2819719290	13.5582676940
211	4	13.0569882467	5.7581407015	11.9782998029
212	5	16.6245992365	6.0388796024	10.4434887309
213	6	16.6215238917	6.0714128456	13.5619980550
214	4	15.6146643798	7.5430016302	11.9841777065
215	5	19.1860514258	7.8244562397	10.4264532485
216	6	19.1952803889	7.8514363874	13.5464653383
217	4	18.1770692323	9.3203411703	11.9753088893
218	4	20.7475887762	11.0816332895	11.9753088894
219	5	16.8884333479	2.9253131871	10.4893527668
220	6	16.8726537781	2.9605900409	13.6043816870
221	4	15.8587652174	4.4241794820	12.0181171627
222	4	18.4149175689	6.2135022471	12.0065788245
