natom :
222

Moire lattice vectors (in Angstrom)
a1 :
18.9538879983 0.0000000000 0.0000000000
a3 :
0.0000000000 0.0000000000 100.0000000000
a2 :
9.4769430349 16.4145490637 0.0000000000

type    Mass
1	95.9400000000
2	32.0660000000
3	32.0660000000
4	95.9400000000
5	32.0660000000
6	32.0660000000

Atomic positions (in Angstrom)
id    type    x    y    z
1	2	17.1489106833	0.1628831257	4.0527851279
2	3	17.1735867535	0.1661033619	7.1663478910
3	2	1.0435500852	1.4817157121	4.0527851277
4	3	1.0340008509	1.4587354948	7.1663478907
5	2	23.5324290593	12.1325778478	4.1207855925
6	3	23.5580530787	12.1589508412	7.2389742524
7	2	26.3495968622	13.4539595918	4.0746706609
8	3	26.3653767477	13.4892371593	7.1896993064
9	1	25.6027276068	15.1047767283	5.6245998459
10	2	10.2383720493	14.7699512475	4.0527851254
11	3	10.2232452126	14.7897112319	7.1663478883
12	1	0.0000006030	0.0000003066	5.5999807645
13	2	13.0815070227	16.0924419268	4.0746706627
14	3	13.0430658094	16.0884689164	7.1896993068
15	1	2.8302383576	1.3103659725	5.6239729452
16	2	6.4241806170	1.0158196322	4.1170550882
17	3	6.3944677669	1.0022160778	7.2355641963
18	1	5.6505367010	2.6399888870	5.6724741385
19	2	9.2253491003	2.3664964285	4.1405529830
20	3	9.2280617462	2.3587847452	7.2612277489
21	2	20.5075272648	7.7056285542	4.1379161987
22	3	20.5092401154	7.6749839978	7.2572248827
23	2	23.3004215992	9.0262682528	4.1401747150
24	3	23.3057635862	9.0261788189	7.2601736640
25	1	22.5339320947	10.6564089004	5.7007538298
26	2	7.1445792236	10.3431364254	4.1170550800
27	3	7.1476546315	10.3756702815	7.2355641901
28	1	25.3357086007	11.9903703091	5.6609356167
29	2	9.9675279023	11.6573224492	4.0915795624
30	3	9.9513343819	11.6989020476	7.2079483921
31	1	9.1966348232	13.3083085956	5.6239729406
32	2	12.8064453831	12.9775578355	4.0933988139
33	3	12.7682676460	13.0041014267	7.2095426724
34	1	12.0252921414	14.6202256084	5.6245998421
35	2	15.6344411857	14.3133937647	4.1207855913
36	3	15.5987894906	14.3223983078	7.2389742490
37	1	14.8559566453	15.9461834070	5.6609356193
38	2	18.4405878548	15.6656240387	4.1401747213
39	3	18.4379943116	15.6702950463	7.2601736677
40	1	8.2020434340	0.8796485043	5.6948757170
41	2	11.7661163294	0.6079992593	4.1260232755
42	3	11.8006154809	0.6132689056	7.2449864536
43	1	11.0200178904	2.2344717335	5.6954457179
44	2	14.5887172179	1.9537555988	4.0915795695
45	3	14.6328229721	1.9469898095	7.2079483987
46	2	20.2656594642	4.6019291456	4.0933988180
47	3	20.2617608980	4.5555944595	7.2095426778
48	1	19.4917599589	6.2081352854	5.6765293844
49	2	4.1204288530	5.9207944326	4.1260232707
50	3	4.1077429210	5.8882824718	7.2449864506
51	1	22.2972360979	7.5357227178	5.6972808810
52	2	6.9137155034	7.2419148029	4.1405529766
53	3	6.9056806679	7.2434214282	7.2612277443
54	1	6.1377203024	8.8715475335	5.6948757101
55	2	9.7183362349	8.5631125773	4.1325880460
56	3	9.7091070404	8.5900932154	7.2525999488
57	1	8.9379729772	10.2010469776	5.6724741282
58	2	12.5442876306	9.8857563928	4.1260232592
59	3	12.5224744126	9.9129987091	7.2449864377
60	1	11.7553289831	11.5208300789	5.6603209624
61	2	15.3733939366	11.2162443040	4.1379161941
62	3	15.3459985433	11.2300831994	7.2572248763
63	1	14.5844104113	12.8446712865	5.6765293844
64	2	18.1840065288	12.5584647020	4.1518709436
65	3	18.1761142282	12.5674139481	7.2720922692
66	1	17.4120894675	14.1867543279	5.7007538310
67	2	20.9807426507	13.9072262901	4.1379162064
68	3	21.0064251879	13.9240319399	7.2572248892
69	1	20.2330308956	15.5421125084	5.6972808875
70	2	23.7895590032	15.2496121677	4.0933988232
71	3	23.8316353047	15.2694032608	7.2095426826
72	1	13.5766109620	0.4737205470	5.6603209742
73	1	16.4039596618	1.7958754154	5.6239729422
74	1	19.2336441281	3.1040967094	5.6245998422
75	2	3.8745876938	2.8034720368	4.0915795719
76	3	3.8466754617	2.7686582328	7.2079484014
77	1	3.0988928985	4.4199993565	5.6603209718
78	2	6.6788477970	4.1347704949	4.1325880566
79	3	6.6600964799	4.1132874575	7.2525999590
80	1	5.9020445100	5.7536982986	5.6954457164
81	2	9.4769442683	5.4715166948	4.1467449201
82	3	9.4769442716	5.4715166999	7.2681472359
83	1	8.7001253689	7.0942077882	5.7037446409
84	2	12.2917682045	6.8061388532	4.1405529693
85	3	12.2970904005	6.8123439207	7.2612277356
86	1	11.5087704426	8.4263799531	5.6954457044
87	2	15.1206543946	8.1372068569	4.1401747046
88	3	15.1179059492	8.1326252783	7.2601736517
89	1	14.3313968853	9.7512638163	5.6972808698
90	2	17.9398239020	9.4685804121	4.1518709373
91	3	17.9360197656	9.4572708507	7.2720922636
92	1	17.1566696209	11.0832679176	5.7122494314
93	2	20.7378334232	10.8020540341	4.1518709435
94	3	20.7495298519	10.8044143328	7.2720922705
95	1	19.9739440255	12.4293523439	5.7122494390
96	1	22.7854935087	13.7762924698	5.6765293935
97	1	8.4600620880	3.9874262472	5.7037446469
98	2	12.0336487759	3.7166670124	4.1325880525
99	3	12.0616292946	3.7111694229	7.2525999542
100	1	11.2706453854	5.3329159522	5.7037446395
101	2	14.8620729721	5.0555940273	4.1170550763
102	3	14.8887104167	5.0366637296	7.2355641850
103	1	14.0910691076	6.6633539450	5.6948756999
104	2	17.6947936064	6.3831275362	4.1207855838
105	3	17.7048212782	6.3477499926	7.2389742430
106	1	16.9156423176	7.9859358116	5.7007538185
107	1	19.7310502347	9.3164787754	5.7122494335
108	1	13.8423231645	3.5735141203	5.6724741302
109	2	17.4305599653	3.2826976303	4.0746706587
110	3	17.4532212924	3.2513930750	7.1896993039
111	1	16.6699986312	4.8925453289	5.6609356091
112	5	26.6505298005	16.2484463707	10.5127001101
113	6	26.6258537300	16.2516665979	13.6262628732
114	5	19.7001899730	1.6248384977	10.5127001116
115	6	19.7153168120	1.6445984837	13.6262628747
116	5	21.7740342253	9.6022058145	10.4178202526
117	6	21.7687120352	9.6084108770	13.5384950186
118	5	24.3656540391	11.3778860030	10.4434838040
119	6	24.3390165920	11.3589556963	13.5619929121
120	4	23.3192666282	12.8410355483	12.0065738616
121	5	7.9762767081	13.1631566547	10.4893486934
122	6	7.9536153746	13.1318520913	13.6043773377
123	4	25.8809029174	14.6186742523	12.0550750550
124	5	10.5109440501	14.9558142323	10.5127001134
125	6	10.5204932802	14.9328340151	13.6262628763
126	4	0.0000006112	0.0000002993	12.0790672373
127	5	3.5661227252	0.3260808080	10.4893486969
128	6	3.6045639373	0.3221078075	13.6043773424
129	4	2.5483489015	1.7943240624	12.0544481575
130	5	6.1218462007	2.0921514137	10.4400737511
131	6	6.1574978929	2.1011559707	13.5582624108
132	5	19.4282787764	4.7156476853	10.4710996042
133	6	19.4444723049	4.7572272846	13.5874684334
134	5	21.9994186002	6.5015510208	10.4340615493
135	6	22.0212318223	6.5287933415	13.5530247273
136	4	20.9857144748	7.9881697193	11.9836022844
137	5	5.6409619366	8.2819244484	10.4188743338
138	6	5.6437103773	8.2773428716	13.5388732803
139	4	23.5680129334	9.7511957230	11.9841722840
140	5	8.2278770603	10.0667997322	10.4400737516
141	6	8.2178493780	10.0314221874	13.5582624094
142	4	7.1930542513	11.5220043362	12.0181123809
143	5	10.7848164672	11.8589552652	10.4695053286
144	6	10.7887150248	11.8126205795	13.5856491872
145	4	9.7566995369	13.3104529569	12.0544481588
146	5	13.3236188137	13.6458914927	10.4710996102
147	6	13.3515310435	13.6110776945	13.5874684399
148	4	12.3071815516	15.1041836967	12.0550750619
149	5	15.8714109090	15.4123336482	10.4434838128
150	6	15.9011237602	15.3987301024	13.5619929229
151	4	5.3790135592	0.4683662624	12.0181123867
152	5	8.9610511816	0.7442546796	10.4188743382
153	6	8.9636447241	0.7489256925	13.5388732872
154	4	7.9351461761	2.2277953386	11.9782941730
155	5	11.5294818554	2.4905177874	10.4218231185
156	6	11.5037993160	2.5073234359	13.5411318025
157	4	18.6735794304	3.1062410768	12.0550750603
158	5	3.2913241979	3.4104482987	10.4695053211
159	6	3.3295019363	3.4369919005	13.5856491803
160	4	21.2322733785	4.8937195930	12.0187270291
161	5	5.8690548926	5.1844665222	10.4218231138
162	6	5.8964502808	5.1983054293	13.5411317966
163	4	4.8544530744	6.6632858513	11.9817671151
164	5	8.4590759126	6.9572788699	10.4069557324
165	6	8.4628800381	6.9459693152	13.5271770580
166	4	7.4386983002	8.4286138520	11.9782941702
167	5	11.0322960528	8.7395657251	10.4218231248
168	6	11.0305831927	8.7089211712	13.5411318070
169	4	10.0148157323	10.2064143785	12.0025186164
170	5	13.5846866412	10.5262672554	10.4340615640
171	6	13.5973725715	10.4937552968	13.5530247424
172	4	12.5758364582	11.9945503112	12.0187270392
173	5	16.1370399870	12.3012622736	10.4264480535
174	6	16.1557913093	12.2797792383	13.5464599562
175	4	15.1274800500	13.7745607837	12.0065738743
176	5	18.7050050479	14.0557649878	10.4178202574
177	6	18.7022924076	14.0480533029	13.5384950251
178	4	17.6789865768	15.5349011656	11.9841722922
179	5	21.2775585810	15.8012808276	10.4340615501
180	6	21.2430594316	15.8065504662	13.5530247300
181	4	10.7560877657	0.8724371592	11.9817671203
182	5	14.3546921284	1.1451464728	10.4695053227
183	6	14.3126158284	1.1649375555	13.5856491826
184	4	13.3085501738	2.6382571983	12.0025186165
185	4	5.1074669621	3.5698783817	12.0025186101
186	5	8.6991707373	3.8471357725	10.4069557319
187	6	8.7070630308	3.8560850282	13.5271770588
188	4	7.6797259663	5.3312817465	11.9667985634
189	5	11.2725861555	5.6101353906	10.4069557377
190	6	11.2608897199	5.6124956921	13.5271770640
191	4	10.2541063738	7.0980708879	11.9667985698
192	5	13.8288196764	7.3883709099	10.4188743497
193	6	13.8234776897	7.3882814753	13.5388732969
194	4	12.8202920270	8.8788269492	11.9817671315
195	5	16.3826245415	9.1711283058	10.4178202664
196	6	16.3906593853	9.1726349295	13.5384950327
197	4	15.3789882264	10.6608513730	11.9836022976
198	5	18.9538879364	10.9430330370	10.4109007659
199	6	18.9538879433	10.9430330375	13.5323030816
200	4	17.9370055965	12.4271234256	11.9753033610
201	5	21.5385727569	12.7033803140	10.4264480415
202	6	21.5105922435	12.6978827143	13.5464599441
203	4	20.4969611949	14.1800779369	11.9836022845
204	5	24.1097662306	14.4675599255	10.4710995985
205	6	24.0656604762	14.4607941228	13.5874684281
206	4	23.0535540623	15.9408291216	12.0187270284
207	4	16.1257844285	1.3097729418	12.0544481587
208	4	10.4970005303	3.9851973209	11.9667985681
209	5	14.0811095363	4.2555988897	10.4400737582
210	6	14.0554855186	4.2819718782	13.5582624174
211	4	13.0569883924	5.7581407669	11.9782941827
212	5	16.6245988723	6.0388794532	10.4434838171
213	6	16.6215234733	6.0714133055	13.5619929258
214	4	15.6146643876	7.5430021385	11.9841723020
215	5	19.1860510697	7.8244565208	10.4264480482
216	6	19.1952802753	7.8514371566	13.5464599499
217	4	18.1770692439	9.3203418860	11.9753033626
218	4	20.7475890539	11.0816337200	11.9753033543
219	5	16.8884333576	2.9253125747	10.4893486978
220	6	16.8726534776	2.9605901359	13.6043773429
221	4	15.8587650560	4.4241793625	12.0181123925
222	4	18.4149172189	6.2135026965	12.0065738724
