S1 -0.0765027348 1.0054645119 0.1394226009
S2 -0.0765027348 1.0054645119 0.2385956274
S1 0.0054644809 1.0710382844 0.1394226009
S2 0.0054644809 1.0710382844 0.2385956274
S1 -0.0928961779 0.7923497512 0.1394226009
S2 -0.0928961779 0.7923497512 0.2385956274
S1 -0.0109289622 0.8579235238 0.1394226009
S2 -0.0109289622 0.8579235238 0.2385956274
Mo -0.0819672156 0.9344262583 0.1890091141
S1 0.0710382534 0.9234972963 0.1394226009
S2 0.0710382534 0.9234972963 0.2385956274
Mo 0.0000000000 1.0000000309 0.1890091141
S1 0.1530054691 0.9890710688 0.1394226009
S2 0.1530054691 0.9890710688 0.2385956274
Mo 0.0819672156 1.0655738034 0.1890091141
S1 0.2349726847 1.0546448413 0.1394226009
S2 0.2349726847 1.0546448413 0.2385956274
S1 0.3169399003 1.1202186138 0.1394226009
S2 0.3169399003 1.1202186138 0.2385956274
S1 -0.1092896210 0.5792349906 0.1394226009
S2 -0.1092896210 0.5792349906 0.2385956274
S1 -0.0273224054 0.6448087631 0.1394226009
S2 -0.0273224054 0.6448087631 0.2385956274
Mo -0.0983606588 0.7213114977 0.1890091141
S1 0.0546448103 0.7103825356 0.1394226009
S2 0.0546448103 0.7103825356 0.2385956274
Mo -0.0163934431 0.7868852702 0.1890091141
S1 0.1366120259 0.7759563081 0.1394226009
S2 0.1366120259 0.7759563081 0.2385956274
Mo 0.0655737725 0.8524590427 0.1890091141
S1 0.2185792416 0.8415300806 0.1394226009
S2 0.2185792416 0.8415300806 0.2385956274
Mo 0.1475409882 0.9180328152 0.1890091141
S1 0.3005464572 0.9071038531 0.1394226009
S2 0.3005464572 0.9071038531 0.2385956274
Mo 0.2295082038 0.9836065877 0.1890091141
S1 0.3825136729 0.9726776257 0.1394226009
S2 0.3825136729 0.9726776257 0.2385956274
Mo 0.3114754194 1.0491803602 0.1890091141
S1 0.4644808885 1.0382513982 0.1394226009
S2 0.4644808885 1.0382513982 0.2385956274
Mo 0.3934426351 1.1147541328 0.1890091141
S1 0.5464481041 1.1038251707 0.1394226009
S2 0.5464481041 1.1038251707 0.2385956274
S1 -0.1256830641 0.3661202299 0.1394226009
S2 -0.1256830641 0.3661202299 0.2385956274
S1 -0.0437158485 0.4316940024 0.1394226009
S2 -0.0437158485 0.4316940024 0.2385956274
Mo -0.1147541019 0.5081967370 0.1890091141
S1 0.0382513671 0.4972677749 0.1394226009
S2 0.0382513671 0.4972677749 0.2385956274
Mo -0.0327868863 0.5737705095 0.1890091141
S1 0.1202185828 0.5628415474 0.1394226009
S2 0.1202185828 0.5628415474 0.2385956274
Mo 0.0491803294 0.6393442820 0.1890091141
S1 0.2021857984 0.6284153200 0.1394226009
S2 0.2021857984 0.6284153200 0.2385956274
Mo 0.1311475450 0.7049180545 0.1890091141
S1 0.2841530141 0.6939890925 0.1394226009
S2 0.2841530141 0.6939890925 0.2385956274
Mo 0.2131147607 0.7704918271 0.1890091141
S1 0.3661202297 0.7595628650 0.1394226009
S2 0.3661202297 0.7595628650 0.2385956274
Mo 0.2950819763 0.8360655996 0.1890091141
S1 0.4480874454 0.8251366375 0.1394226009
S2 0.4480874454 0.8251366375 0.2385956274
Mo 0.3770491920 0.9016393721 0.1890091141
S1 0.5300546610 0.8907104100 0.1394226009
S2 0.5300546610 0.8907104100 0.2385956274
Mo 0.4590164076 0.9672131446 0.1890091141
S1 0.6120218767 0.9562841825 0.1394226009
S2 0.6120218767 0.9562841825 0.2385956274
Mo 0.5409836233 1.0327869171 0.1890091141
S1 0.6939890923 1.0218579550 0.1394226009
S2 0.6939890923 1.0218579550 0.2385956274
Mo 0.6229508389 1.0983606896 0.1890091141
S1 0.7759563079 1.0874317276 0.1394226009
S2 0.7759563079 1.0874317276 0.2385956274
S1 -0.0601092916 0.2185792417 0.1394226009
S2 -0.0601092916 0.2185792417 0.2385956274
S1 0.0218579240 0.2841530142 0.1394226009
S2 0.0218579240 0.2841530142 0.2385956274
Mo -0.0491803294 0.3606557488 0.1890091141
S1 0.1038251397 0.3497267868 0.1394226009
S2 0.1038251397 0.3497267868 0.2385956274
Mo 0.0327868863 0.4262295214 0.1890091141
S1 0.1857923553 0.4153005593 0.1394226009
S2 0.1857923553 0.4153005593 0.2385956274
Mo 0.1147541019 0.4918032939 0.1890091141
S1 0.2677595710 0.4808743318 0.1394226009
S2 0.2677595710 0.4808743318 0.2385956274
Mo 0.1967213175 0.5573770664 0.1890091141
S1 0.3497267866 0.5464481043 0.1394226009
S2 0.3497267866 0.5464481043 0.2385956274
Mo 0.2786885332 0.6229508389 0.1890091141
S1 0.4316940022 0.6120218768 0.1394226009
S2 0.4316940022 0.6120218768 0.2385956274
Mo 0.3606557488 0.6885246114 0.1890091141
S1 0.5136612179 0.6775956493 0.1394226009
S2 0.5136612179 0.6775956493 0.2385956274
Mo 0.4426229645 0.7540983839 0.1890091141
S1 0.5956284335 0.7431694219 0.1394226009
S2 0.5956284335 0.7431694219 0.2385956274
Mo 0.5245901801 0.8196721564 0.1890091141
S1 0.6775956492 0.8087431944 0.1394226009
S2 0.6775956492 0.8087431944 0.2385956274
Mo 0.6065573958 0.8852459290 0.1890091141
S1 0.7595628648 0.8743169669 0.1394226009
S2 0.7595628648 0.8743169669 0.2385956274
Mo 0.6885246114 0.9508197015 0.1890091141
S1 0.8415300805 0.9398907394 0.1394226009
S2 0.8415300805 0.9398907394 0.2385956274
Mo 0.7704918271 1.0163934740 0.1890091141
Mo 0.8524590427 1.0819672465 0.1890091141
Mo -0.0655737725 0.1475409882 0.1890091141
S1 0.0874316965 0.1366120261 0.1394226009
S2 0.0874316965 0.1366120261 0.2385956274
Mo 0.0163934431 0.2131147607 0.1890091141
S1 0.1693989122 0.2021857986 0.1394226009
S2 0.1693989122 0.2021857986 0.2385956274
Mo 0.0983606588 0.2786885332 0.1890091141
S1 0.2513661278 0.2677595711 0.1394226009
S2 0.2513661278 0.2677595711 0.2385956274
Mo 0.1803278744 0.3442623057 0.1890091141
S1 0.3333333435 0.3333333436 0.1394226009
S2 0.3333333435 0.3333333436 0.2385956274
Mo 0.2622950901 0.4098360782 0.1890091141
S1 0.4153005591 0.3989071161 0.1394226009
S2 0.4153005591 0.3989071161 0.2385956274
Mo 0.3442623057 0.4754098507 0.1890091141
S1 0.4972677748 0.4644808887 0.1394226009
S2 0.4972677748 0.4644808887 0.2385956274
Mo 0.4262295214 0.5409836233 0.1890091141
S1 0.5792349904 0.5300546612 0.1394226009
S2 0.5792349904 0.5300546612 0.2385956274
Mo 0.5081967370 0.6065573958 0.1890091141
S1 0.6612022060 0.5956284337 0.1394226009
S2 0.6612022060 0.5956284337 0.2385956274
Mo 0.5901639526 0.6721311683 0.1890091141
S1 0.7431694217 0.6612022062 0.1394226009
S2 0.7431694217 0.6612022062 0.2385956274
Mo 0.6721311683 0.7377049408 0.1890091141
S1 0.8251366373 0.7267759787 0.1394226009
S2 0.8251366373 0.7267759787 0.2385956274
Mo 0.7540983839 0.8032787133 0.1890091141
Mo 0.8360655996 0.8688524858 0.1890091141
Mo 0.1639344313 0.1311475450 0.1890091141
Mo 0.2459016469 0.1967213175 0.1890091141
S1 0.3989071160 0.1857923555 0.1394226009
S2 0.3989071160 0.1857923555 0.2385956274
Mo 0.3278688626 0.2622950901 0.1890091141
S1 0.4808743316 0.2513661280 0.1394226009
S2 0.4808743316 0.2513661280 0.2385956274
Mo 0.4098360782 0.3278688626 0.1890091141
S1 0.5628415473 0.3169399005 0.1394226009
S2 0.5628415473 0.3169399005 0.2385956274
Mo 0.4918032939 0.3934426351 0.1890091141
S1 0.6448087629 0.3825136730 0.1394226009
S2 0.6448087629 0.3825136730 0.2385956274
Mo 0.5737705095 0.4590164076 0.1890091141
S1 0.7267759786 0.4480874455 0.1394226009
S2 0.7267759786 0.4480874455 0.2385956274
Mo 0.6557377252 0.5245901801 0.1890091141
S1 0.8087431942 0.5136612180 0.1394226009
S2 0.8087431942 0.5136612180 0.2385956274
Mo 0.7377049408 0.5901639526 0.1890091141
Mo 0.8196721564 0.6557377252 0.1890091141
Mo 0.4754098507 0.1803278744 0.1890091141
S1 0.6284153198 0.1693989123 0.1394226009
S2 0.6284153198 0.1693989123 0.2385956274
Mo 0.5573770664 0.2459016469 0.1890091141
S1 0.7103825354 0.2349726849 0.1394226009
S2 0.7103825354 0.2349726849 0.2385956274
Mo 0.6393442820 0.3114754194 0.1890091141
S1 0.7923497511 0.3005464574 0.1394226009
S2 0.7923497511 0.3005464574 0.2385956274
Mo 0.7213114977 0.3770491920 0.1890091141
Mo 0.8032787133 0.4426229645 0.1890091141
Mo 0.7049180545 0.1639344313 0.1890091141
S1 0.8579235236 0.1530054692 0.1394226009
S2 0.8579235236 0.1530054692 0.2385956274
Mo 0.7868852702 0.2295082038 0.1890091141
Mo 0.8688524858 0.2950819763 0.1890091141
S1 -0.0710382540 0.9945355495 0.3287679213
S2 -0.0710382540 0.9945355495 0.4279409477
S1 -0.0054644815 1.0765027651 0.3287679213
S2 -0.0054644815 1.0765027651 0.4279409477
S1 -0.1202185833 0.6830601302 0.3287679213
S2 -0.1202185833 0.6830601302 0.4279409477
S1 -0.0546448108 0.7650273458 0.3287679213
S2 -0.0546448108 0.7650273458 0.4279409477
S1 0.0109289617 0.8469945614 0.3287679213
S2 0.0109289617 0.8469945614 0.4279409477
Mo -0.0655737728 0.9180328150 0.3783544345
S1 0.0765027342 0.9289617769 0.3287679213
S2 0.0765027342 0.9289617769 0.4279409477
Mo -0.0000000003 1.0000000305 0.3783544345
S1 0.1420765067 1.0109289925 0.3287679213
S2 0.1420765067 1.0109289925 0.4279409477
Mo 0.0655737722 1.0819672461 0.3783544345
S1 0.2076502792 1.0928962081 0.3287679213
S2 0.2076502792 1.0928962081 0.4279409477
S1 -0.1038251401 0.4535519265 0.3287679213
S2 -0.1038251401 0.4535519265 0.4279409477
S1 -0.0382513676 0.5355191421 0.3287679213
S2 -0.0382513676 0.5355191421 0.4279409477
Mo -0.1147541021 0.6065573956 0.3783544345
S1 0.0273224049 0.6174863576 0.3287679213
S2 0.0273224049 0.6174863576 0.4279409477
Mo -0.0491803296 0.6885246112 0.3783544345
S1 0.0928961774 0.6994535732 0.3287679213
S2 0.0928961774 0.6994535732 0.4279409477
Mo 0.0163934429 0.7704918268 0.3783544345
S1 0.1584699499 0.7814207888 0.3287679213
S2 0.1584699499 0.7814207888 0.4279409477
Mo 0.0819672154 0.8524590424 0.3783544345
S1 0.2240437224 0.8633880043 0.3287679213
S2 0.2240437224 0.8633880043 0.4279409477
Mo 0.1475409879 0.9344262579 0.3783544345
S1 0.2896174949 0.9453552199 0.3287679213
S2 0.2896174949 0.9453552199 0.4279409477
Mo 0.2131147604 1.0163934735 0.3783544345
S1 0.3551912674 1.0273224355 0.3287679213
S2 0.3551912674 1.0273224355 0.4279409477
Mo 0.2786885329 1.0983606891 0.3783544345
S1 0.4207650400 1.1092896511 0.3287679213
S2 0.4207650400 1.1092896511 0.4279409477
S1 -0.0874316969 0.2240437227 0.3287679213
S2 -0.0874316969 0.2240437227 0.4279409477
S1 -0.0218579244 0.3060109383 0.3287679213
S2 -0.0218579244 0.3060109383 0.4279409477
Mo -0.0983606589 0.3770491919 0.3783544345
S1 0.0437158481 0.3879781539 0.3287679213
S2 0.0437158481 0.3879781539 0.4279409477
Mo -0.0327868864 0.4590164075 0.3783544345
S1 0.1092896206 0.4699453695 0.3287679213
S2 0.1092896206 0.4699453695 0.4279409477
Mo 0.0327868861 0.5409836231 0.3783544345
S1 0.1748633931 0.5519125850 0.3287679213
S2 0.1748633931 0.5519125850 0.4279409477
Mo 0.0983606586 0.6229508386 0.3783544345
S1 0.2404371656 0.6338798006 0.3287679213
S2 0.2404371656 0.6338798006 0.4279409477
Mo 0.1639344311 0.7049180542 0.3783544345
S1 0.3060109381 0.7158470162 0.3287679213
S2 0.3060109381 0.7158470162 0.4279409477
Mo 0.2295082036 0.7868852698 0.3783544345
S1 0.3715847107 0.7978142318 0.3287679213
S2 0.3715847107 0.7978142318 0.4279409477
Mo 0.2950819761 0.8688524854 0.3783544345
S1 0.4371584832 0.8797814473 0.3287679213
S2 0.4371584832 0.8797814473 0.4279409477
Mo 0.3606557487 0.9508197009 0.3783544345
S1 0.5027322557 0.9617486629 0.3287679213
S2 0.5027322557 0.9617486629 0.4279409477
Mo 0.4262295212 1.0327869165 0.3783544345
S1 0.5683060282 1.0437158785 0.3287679213
S2 0.5683060282 1.0437158785 0.4279409477
Mo 0.4918032937 1.1147541321 0.3783544345
S1 0.6338798007 1.1256830941 0.3287679213
S2 0.6338798007 1.1256830941 0.4279409477
Mo -0.0819672157 0.1475409882 0.3783544345
S1 0.0601092913 0.1584699501 0.3287679213
S2 0.0601092913 0.1584699501 0.4279409477
Mo -0.0163934432 0.2295082037 0.3783544345
S1 0.1256830638 0.2404371657 0.3287679213
S2 0.1256830638 0.2404371657 0.4279409477
Mo 0.0491803293 0.3114754193 0.3783544345
S1 0.1912568363 0.3224043813 0.3287679213
S2 0.1912568363 0.3224043813 0.4279409477
Mo 0.1147541018 0.3934426349 0.3783544345
S1 0.2568306088 0.4043715969 0.3287679213
S2 0.2568306088 0.4043715969 0.4279409477
Mo 0.1803278743 0.4754098505 0.3783544345
S1 0.3224043813 0.4863388124 0.3287679213
S2 0.3224043813 0.4863388124 0.4279409477
Mo 0.2459016468 0.5573770660 0.3783544345
S1 0.3879781539 0.5683060280 0.3287679213
S2 0.3879781539 0.5683060280 0.4279409477
Mo 0.3114754193 0.6393442816 0.3783544345
S1 0.4535519264 0.6502732436 0.3287679213
S2 0.4535519264 0.6502732436 0.4279409477
Mo 0.3770491919 0.7213114972 0.3783544345
S1 0.5191256989 0.7322404592 0.3287679213
S2 0.5191256989 0.7322404592 0.4279409477
Mo 0.4426229644 0.8032787128 0.3783544345
S1 0.5846994714 0.8142076747 0.3287679213
S2 0.5846994714 0.8142076747 0.4279409477
Mo 0.5081967369 0.8852459283 0.3783544345
S1 0.6502732439 0.8961748903 0.3287679213
S2 0.6502732439 0.8961748903 0.4279409477
Mo 0.5737705094 0.9672131439 0.3783544345
S1 0.7158470164 0.9781421059 0.3287679213
S2 0.7158470164 0.9781421059 0.4279409477
Mo 0.6393442819 1.0491803595 0.3783544345
S1 0.7814207889 1.0601093215 0.3287679213
S2 0.7814207889 1.0601093215 0.4279409477
Mo 0.1311475450 0.1639344312 0.3783544345
S1 0.2732240520 0.1748633931 0.3287679213
S2 0.2732240520 0.1748633931 0.4279409477
Mo 0.1967213175 0.2459016467 0.3783544345
S1 0.3387978246 0.2568306087 0.3287679213
S2 0.3387978246 0.2568306087 0.4279409477
Mo 0.2622950900 0.3278688623 0.3783544345
S1 0.4043715971 0.3387978243 0.3287679213
S2 0.4043715971 0.3387978243 0.4279409477
Mo 0.3278688626 0.4098360779 0.3783544345
S1 0.4699453696 0.4207650399 0.3287679213
S2 0.4699453696 0.4207650399 0.4279409477
Mo 0.3934426351 0.4918032935 0.3783544345
S1 0.5355191421 0.5027322554 0.3287679213
S2 0.5355191421 0.5027322554 0.4279409477
Mo 0.4590164076 0.5737705090 0.3783544345
S1 0.6010929146 0.5846994710 0.3287679213
S2 0.6010929146 0.5846994710 0.4279409477
Mo 0.5245901801 0.6557377246 0.3783544345
S1 0.6666666871 0.6666666866 0.3287679213
S2 0.6666666871 0.6666666866 0.4279409477
Mo 0.5901639526 0.7377049402 0.3783544345
S1 0.7322404596 0.7486339022 0.3287679213
S2 0.7322404596 0.7486339022 0.4279409477
Mo 0.6557377251 0.8196721557 0.3783544345
S1 0.7978142321 0.8306011177 0.3287679213
S2 0.7978142321 0.8306011177 0.4279409477
Mo 0.7213114976 0.9016393713 0.3783544345
S1 0.8633880046 0.9125683333 0.3287679213
S2 0.8633880046 0.9125683333 0.4279409477
Mo 0.7868852701 0.9836065869 0.3783544345
Mo 0.8524590426 1.0655738025 0.3783544345
Mo 0.3442623058 0.1803278741 0.3783544345
S1 0.4863388128 0.1912568361 0.3287679213
S2 0.4863388128 0.1912568361 0.4279409477
Mo 0.4098360783 0.2622950897 0.3783544345
S1 0.5519125853 0.2732240517 0.3287679213
S2 0.5519125853 0.2732240517 0.4279409477
Mo 0.4754098508 0.3442623053 0.3783544345
S1 0.6174863578 0.3551912673 0.3287679213
S2 0.6174863578 0.3551912673 0.4279409477
Mo 0.5409836233 0.4262295209 0.3783544345
S1 0.6830601303 0.4371584828 0.3287679213
S2 0.6830601303 0.4371584828 0.4279409477
Mo 0.6065573958 0.5081967364 0.3783544345
S1 0.7486339028 0.5191256984 0.3287679213
S2 0.7486339028 0.5191256984 0.4279409477
Mo 0.6721311683 0.5901639520 0.3783544345
S1 0.8142076753 0.6010929140 0.3287679213
S2 0.8142076753 0.6010929140 0.4279409477
Mo 0.7377049408 0.6721311676 0.3783544345
Mo 0.8032787133 0.7540983832 0.3783544345
Mo 0.8688524858 0.8360655987 0.3783544345
Mo 0.5573770665 0.1967213171 0.3783544345
S1 0.6994535735 0.2076502791 0.3287679213
S2 0.6994535735 0.2076502791 0.4279409477
Mo 0.6229508390 0.2786885327 0.3783544345
S1 0.7650273460 0.2896174947 0.3287679213
S2 0.7650273460 0.2896174947 0.4279409477
Mo 0.6885246115 0.3606557483 0.3783544345
S1 0.8306011185 0.3715847102 0.3287679213
S2 0.8306011185 0.3715847102 0.4279409477
Mo 0.7540983840 0.4426229638 0.3783544345
Mo 0.8196721565 0.5245901794 0.3783544345
Mo 0.7049180547 0.1311475445 0.3783544345
S1 0.8469945617 0.1420765065 0.3287679213
S2 0.8469945617 0.1420765065 0.4279409477
Mo 0.7704918272 0.2131147601 0.3783544345
Mo 0.8360655998 0.2950819757 0.3783544345
