natom :
366

Moire lattice vectors (in Angstrom)
a1 :
24.3367371331 0.0000000000 0.0000000000
a3 :
0.0000000000 0.0000000000 100.0000000000
a2 :
12.1683685783 21.0762325957 0.0000000000

type    Mass
1	95.9400000000
2	32.0660000000
3	32.0660000000
4	95.9400000000
5	32.0660000000
6	32.0660000000

Atomic positions (in Angstrom)
id    type    x    y    z
1	2	22.5289795832	0.1346807244	4.0182164883
2	3	22.5543950125	0.1366086016	7.1333533957
3	2	1.0205161198	1.4982246578	4.0182164877
4	3	1.0094779979	1.4752503116	7.1333533952
5	2	31.6639173252	16.7135223046	4.0962027653
6	3	31.7020069197	16.7549148578	7.2130669454
7	2	34.4680930264	18.0813446445	4.0408535304
8	3	34.4878574367	18.1207621853	7.1564110132
9	1	33.6974762507	19.7223844804	5.5901739873
10	2	12.9556115476	19.4433284414	4.0182164869
11	3	12.9412342433	19.4643749083	7.1333533944
12	1	0.0000005135	0.0000004093	5.5659928110
13	2	15.7805250919	20.8095720096	4.0408535294
14	3	15.7365062958	20.8069797188	7.1564110122
15	1	2.8091062039	1.3543039438	5.5897444896
16	2	6.4190637102	1.1131567844	4.0934784525
17	3	6.3690084556	1.0951488196	7.2105888394
18	2	9.2036488943	2.5102483676	4.1444386541
19	3	9.1740450464	2.4914376495	7.2635416615
20	2	28.7142759262	12.2211094273	4.1695897846
21	3	28.7278858903	12.2198617255	7.2888499475
22	2	31.4768503718	13.5945314088	4.1391184576
23	3	31.4957891512	13.6267150095	7.2576451499
24	1	30.6944811092	15.2293157788	5.6888903083
25	2	9.9228591897	14.9605830219	4.0934784531
26	3	9.9322914634	15.0129361261	7.2105888400
27	1	33.4763782503	16.6060835440	5.6305969875
28	2	12.7312284207	16.3218087394	4.0602737948
29	3	12.7152549493	16.3728408589	7.1763109134
30	1	11.9366775110	17.9663243492	5.5897444894
31	2	15.5528393378	17.6867255174	4.0616385694
32	3	15.5086600007	17.7198833678	7.1775355593
33	1	14.7446512929	19.3216783864	5.5901739856
34	2	18.3671818355	19.0649957860	4.0962027633
35	3	18.3122900356	19.0772860649	7.2130669434
36	1	17.5539960704	20.6883523707	5.6305969862
37	2	21.1618406630	20.4624865014	4.1391184565
38	3	21.1244994572	20.4627961642	7.2576451488
39	1	8.1884445005	1.0013261857	5.6847874394
40	2	11.7728885701	0.7994422919	4.1612573920
41	3	11.7729820945	0.7977649933	7.2807874968
42	1	10.9832340853	2.4099330842	5.7207675296
43	2	14.5533767370	2.2147986943	4.1502879625
44	3	14.5895370840	2.2117160109	7.2694252855
45	2	25.7778018042	7.7409149388	4.1237353272
46	3	25.7763847393	7.6843242687	7.2412508935
47	2	28.5514693587	9.1097277355	4.1529037811
48	3	28.5459798514	9.0739420127	7.2716763344
49	1	27.7466545001	10.7087746820	5.7277916358
50	2	6.9742620380	10.4808919331	4.1612573923
51	3	6.9727626930	10.4816495868	7.2807874969
52	1	30.5112836975	12.0992549282	5.7189935501
53	2	9.7404833995	11.8505157229	4.1444386543
54	3	9.7389947644	11.8855587658	7.2635416617
55	1	8.9413206548	13.4841696082	5.6847874401
56	2	12.5288760623	13.2164607161	4.1185296130
57	3	12.5152136900	13.2678114455	7.2365300450
58	1	11.7225594463	14.8553916295	5.6461654126
59	2	15.3382791926	14.5827572604	4.1077472584
60	3	15.3036525389	14.6289181888	7.2250451783
61	1	14.5209562506	16.2169881348	5.6302679675
62	2	18.1516656450	15.9577775727	4.1237353245
63	3	18.1033652194	15.9873001230	7.2412508908
64	1	17.3291748293	17.5829390423	5.6492541796
65	2	20.9510267487	17.3489252562	4.1534837661
66	3	20.9122903222	17.3649513057	7.2719710679
67	1	20.1372604992	18.9675426594	5.6888903065
68	2	23.7325462107	18.7567378434	4.1695897836
69	3	23.7268217696	18.7691482685	7.2888499466
70	1	22.9395714178	20.3739194737	5.7189935492
71	2	26.5084850815	20.1714340679	4.1529037810
72	3	26.5422211798	20.1845728757	7.2716763344
73	1	13.5689274262	0.7128356042	5.7170030102
74	2	17.1282676399	0.5015156017	4.1077472611
75	3	17.1855575028	0.5084226990	7.2250451811
76	1	16.3678076460	2.1163156861	5.6846209662
77	2	19.9378557860	1.8897620609	4.0602737975
78	3	19.9900376344	1.8780794333	7.1763109162
79	2	25.5799021153	4.6257913651	4.0616385719
80	3	25.5732762439	4.5709520108	7.1775355618
81	2	4.0385604179	5.9919609587	4.1077472602
82	3	4.0158972092	5.9388929326	7.2250451801
83	1	27.5681326379	7.5848707465	5.6872560038
84	2	6.8097525536	7.3652403457	4.1502879616
85	3	6.7890026982	7.3354659073	7.2694252846
86	1	6.0012390171	8.9687800017	5.7170030099
87	2	9.5723554155	8.7438428464	4.1683804542
88	3	9.5613102508	8.7467837485	7.2885086050
89	1	8.7638152196	10.3595073812	5.7207675296
90	2	12.3465368954	10.1217333588	4.1621651376
91	3	12.3394141091	10.1491672572	7.2820401771
92	1	11.5336190816	11.7439852762	5.7027697383
93	2	15.1419779596	11.4961947794	4.1502879611
94	3	15.1265674672	11.5290519015	7.2694252840
95	1	14.3200512933	13.1167795452	5.6846209637
96	2	17.9502585214	12.8713046116	4.1529037798
97	3	17.9220119296	12.8939515272	7.2716763331
98	1	17.1213619920	14.4853276872	5.6872560017
99	2	20.7520275977	14.2544144365	4.1713994414
100	3	20.7229887647	14.2656407190	7.2903864597
101	1	19.9276548934	15.8642784637	5.7109831521
102	2	23.5352072234	15.6497983653	4.1854119910
103	3	23.5265348708	15.6602280760	7.3047707915
104	1	22.7299535455	17.2627866140	5.7332193546
105	2	26.3054087869	17.0534759615	4.1713994424
106	3	26.3296504477	17.0730111870	7.2903864606
107	1	25.5260772321	18.6749204815	5.7277916352
108	2	29.0807455125	18.4537739045	4.1237353268
109	3	29.1304630033	18.4808420244	7.2412508932
110	1	28.3207183315	20.0822679833	5.6872560040
111	2	31.8774715089	19.8399495355	4.0616385719
112	3	31.9282767192	19.8616310381	7.1775355618
113	1	18.9522145639	0.3922225973	5.6302679704
114	1	21.7593235367	1.7556055301	5.5897444914
115	1	24.5680854194	3.1084035521	5.5901739877
116	2	3.8360230439	2.8646630221	4.0602737956
117	3	3.7998146687	2.8253135289	7.1763109142
118	1	3.0319364365	4.4670230903	5.6302679694
119	2	6.6265094991	4.2420947518	4.1185296135
120	3	6.5888696497	4.2045874251	7.2365300456
121	1	5.8172483108	5.8431385897	5.6846209647
122	2	9.3977915920	5.6315480806	4.1621651377
123	3	9.3775945323	5.6116626177	7.2820401773
124	1	8.5894943692	7.2360351220	5.7233399645
125	2	12.1683690834	7.0254112728	4.1760622650
126	3	12.1683690827	7.0254112730	7.2965929864
127	1	11.3597938799	8.6326587238	5.7329696070
128	2	14.9545813155	8.4144092709	4.1683804548
129	3	14.9626507930	8.4225042139	7.2885086057
130	1	14.1402120448	10.0194957677	5.7233399645
131	2	17.7579566421	9.7958995941	4.1612573926
132	3	17.7593624615	9.7968192395	7.2807874974
133	1	16.9349408061	11.3946182146	5.7170030094
134	2	20.5633908246	11.1746191438	4.1695897845
135	3	20.5555053005	11.1634564215	7.2888499474
136	1	19.7374812284	12.7687712527	5.7277916347
137	2	23.3527488351	12.5571883088	4.1854119917
138	3	23.3480526163	12.5444629774	7.3047707921
139	1	22.5368440691	14.1554049034	5.7457891089
140	2	26.1222569031	13.9454797399	4.1854119918
141	3	26.1356254729	13.9477753621	7.3047707922
142	1	25.3272557778	15.5572843237	5.7457891093
143	2	28.8858341940	15.3338822343	4.1534837678
144	3	28.9190813729	15.3594159383	7.2719710696
145	1	28.1117782830	16.9624716536	5.7109831540
146	1	30.8994220384	18.3534911121	5.6492541821
147	1	5.6103120012	2.7243386216	5.6461654129
148	1	8.3993391270	4.1164146438	5.7027697385
149	2	11.9781705191	3.9179817014	4.1683804546
150	3	11.9811462048	3.9069458569	7.2885086055
151	1	11.1807395618	5.5215408806	5.7329696072
152	2	14.7607787627	5.3229523796	4.1621651389
153	3	14.7880986074	5.3154039445	7.2820401785
154	1	13.9645738075	6.9220342152	5.7329696077
155	2	17.5609749564	6.7154697292	4.1444386561
156	3	17.5920674388	6.6992374045	7.2635416636
157	1	16.7580579445	8.3067933547	5.7207675307
158	2	20.3715219269	8.0954485052	4.1391184590
159	3	20.3899243530	8.0629552421	7.2576451514
160	1	19.5593578454	9.6792920143	5.7189935507
161	2	23.1733520189	9.4696589245	4.1534837685
162	3	23.1788412659	9.4280991718	7.2719710704
163	1	22.3584868734	11.0533240438	5.7332193560
164	2	25.9527765770	10.8445760164	4.1713994430
165	3	25.9575737481	10.8138145096	7.2903864612
166	1	25.1461131133	12.4397771890	5.7457891098
167	1	27.9217725415	13.8363557585	5.7332193558
168	1	13.7754008353	3.8207029303	5.7233399655
169	2	17.3497216891	3.6176783526	4.1185296155
170	3	17.4010239107	3.6038349496	7.2365300477
171	1	16.5721490411	5.2158339004	5.7027697404
172	2	20.1631843505	5.0024940149	4.0934784555
173	3	20.2038073323	4.9681488749	7.2105888425
174	1	19.3753420946	6.5907380272	5.6847874422
175	2	22.9791138011	6.3739483263	4.0962027666
176	3	22.9959160075	6.3202654938	7.2130669468
177	1	22.1784713529	7.9556079788	5.6888903096
178	1	24.9707797845	9.3257162994	5.7109831546
179	1	19.1722358032	3.4965035708	5.6461654155
180	2	22.7615948437	3.2615497645	4.0408535319
181	3	22.7858492320	3.2247245129	7.1564110147
182	1	21.9798386416	4.8580305033	5.6305969895
183	1	24.7816160942	6.2160362634	5.6492541827
184	5	34.7227635823	20.9396248005	10.5456942340
185	6	34.6973481532	20.9415526793	13.6608311415
186	5	25.1096027917	1.6118584938	10.5456942345
187	6	25.1239800961	1.6329049622	13.6608311420
188	5	29.7604360034	14.3769959979	10.4155059673
189	6	29.7293435201	14.3607636730	13.5346089748
190	5	32.3721758980	16.1080845273	10.4684587890
191	6	32.3315529156	16.0737393879	13.5855691760
192	5	10.6174806657	17.8515088893	10.5226366166
193	6	10.5932262773	17.8146836390	13.6381940994
194	4	33.9276921049	19.3206278733	12.0893031391
195	5	13.1778465663	19.6009830907	10.5456942354
196	6	13.1888846884	19.5780087460	13.6608311428
197	4	0.0000005051	0.0000003985	12.1130548187
198	5	3.5681377097	0.2692536835	10.5226366175
199	6	3.6121565059	0.2666613940	13.6381941002
200	4	2.5762827084	1.7545550171	12.0888736434
201	5	6.1439214518	1.9989473375	10.4659806857
202	6	6.1988132518	2.0112376172	13.5828448658
203	5	27.2949360269	9.5471815012	10.4096223448
204	6	27.3103465184	9.5800386225	13.5287596678
205	5	29.9277310232	11.2794141630	10.3982601328
206	6	29.9263252028	11.2803338076	13.5177902376
207	4	28.9264265071	12.7694400480	11.9582800997
208	5	8.2215557831	13.0132781604	10.4214024801
209	6	8.2031533562	12.9807848969	13.5399291725
210	4	31.5437106587	14.4854953757	11.9942601892
211	5	10.8275474387	14.7559679090	10.4659806853
212	6	10.8107452321	14.7022850766	13.5828448654
213	4	9.8114700739	16.2182028999	12.0484506423
214	5	13.4049076764	16.5052813920	10.5015120700
215	6	13.4115335480	16.4504420383	13.6174090599
216	4	12.3997168531	17.9678298514	12.0888736437
217	5	15.9681832359	18.2509198739	10.5027367168
218	6	16.0043916115	18.2115703816	13.6187738353
219	4	14.9774747725	19.7219294598	12.0893031408
220	5	18.5373770248	19.9810845831	10.4684587907
221	6	18.5874322798	19.9630766191	13.5855691776
222	4	5.3856274845	0.3878810328	12.0484506434
223	5	8.9561308719	0.6134372385	10.4214024807
224	6	8.9934720779	0.6137469019	13.5399291730
225	4	7.9688919156	2.1086907441	11.9901573227
226	5	11.5584531865	2.3070851344	10.3901976826
227	6	11.5641776279	2.3194955597	13.5094578455
228	5	24.8836235019	4.7033925436	10.5027367144
229	6	24.8995969732	4.7544246637	13.6187738330
230	5	27.4720210944	6.4473152136	10.4540024498
231	6	27.5066477474	6.4934761419	13.5713003698
232	4	26.4884198502	7.9594538578	11.9944266645
233	5	5.7536433546	8.1822818753	10.4073712961
234	6	5.7818899454	8.2049287902	13.5261438495
235	4	29.1033093654	9.6816151882	11.9620446200
236	5	8.3871367276	9.9127769813	10.3901976831
237	6	8.3950222508	9.9016142580	13.5094578461
238	4	7.3909892735	11.3969413885	11.9600540802
239	5	11.0104726944	11.6481342313	10.4070765612
240	6	11.0049834472	11.6065744778	13.5255638630
241	4	10.0101027825	13.1206254244	11.9901573223
242	5	13.6080161691	13.3919091348	10.4377967383
243	6	13.6094332345	13.3353184642	13.5553123046
244	4	12.6132475254	14.8601971402	12.0297934494
245	5	16.1842657737	15.1373404710	10.4540024513
246	6	16.2069289830	15.0842724448	13.5713003712
247	4	15.2003050023	16.6092103135	12.0487796622
248	5	18.7572382160	16.8716459783	10.4425175852
249	6	18.7948780659	16.8341386517	13.5605180172
250	4	17.7786805687	18.3518947821	12.0328822178
251	5	21.3424136144	18.5847957536	10.4155059686
252	6	21.3720174627	18.5659850359	13.5346089760
253	4	20.3568130700	20.0749072179	11.9942601905
254	5	23.9413506644	20.2784684095	10.3982601329
255	6	23.9412571401	20.2767911115	13.5177902376
256	4	10.7712028327	0.7023139299	11.9600540802
257	5	14.3738525948	0.8916605271	10.4073712948
258	6	14.3401164968	0.9047993355	13.5261438482
259	4	13.3577086491	2.4013129223	11.9512559938
260	5	16.9620944201	2.5953913786	10.4377967354
261	6	16.9123769298	2.6224594991	13.5553123018
262	4	24.1050460612	3.1099090543	12.0893031388
263	5	3.3402914186	3.3563500344	10.5015120692
264	6	3.3844707555	3.3895078857	13.6174090591
265	4	26.6893248032	4.8592452685	12.0487796605
266	5	5.9349966400	5.0889332794	10.4377967379
267	6	5.9832970651	5.1184558297	13.5553123042
268	4	4.9529934141	6.5909057158	11.9917916269
269	5	8.5546201878	6.8105926838	10.3886611698
270	6	8.5836590203	6.8218189656	13.5076481881
271	4	7.5691126529	8.3074621502	11.9512559951
272	5	11.1796840415	8.5317704260	10.3742768382
273	6	11.1843802601	8.5190450935	13.4936356386
274	4	10.1901183000	10.0229093595	11.9458282749
275	5	13.7892051750	10.2624188943	10.3886611696
276	6	13.7844080043	10.2316573863	13.5076481878
277	4	12.8024112129	11.7505171043	11.9680644770
278	5	16.3776112800	12.0022913915	10.4073712964
279	6	16.3831007880	11.9665056676	13.5261438497
280	4	15.3997640680	13.4913626575	11.9917916277
281	5	18.9573712617	13.7407674967	10.4096223459
282	6	18.9781211177	13.7109930575	13.5287596688
283	4	17.9856168757	15.2330948142	11.9944266663
284	5	21.5459630976	15.4645707859	10.3970074529
285	6	21.5661601576	15.4446853226	13.5168824924
286	4	20.5677076936	16.9598187599	11.9762778919
287	5	24.1495147718	17.1692875461	10.3905390246
288	6	24.1465390861	17.1582517016	13.5106671754
289	4	23.1516026536	18.6663003194	11.9582801003
290	5	26.7579056525	18.8645173917	10.4096223444
291	6	26.7217453054	18.8614347089	13.5287596674
292	4	25.7372959962	20.3633977994	11.9620446194
293	5	29.3539260727	20.5678107034	10.4540024485
294	6	29.2966362098	20.5747178017	13.5713003685
295	4	16.1523497466	0.9939654205	11.9917916251
296	5	19.7599081341	1.2146023643	10.5015120671
297	6	19.7091029240	1.2362838682	13.6174090570
298	4	5.1608062472	3.4932943609	12.0297934491
299	5	8.7439217410	3.7112820970	10.4070765612
300	6	8.7826581674	3.7273081465	13.5255638629
301	4	7.7592863138	5.2119549395	11.9680644769
302	5	11.3581662918	5.4160053272	10.3742768379
303	6	11.3668386445	5.4264350373	13.4936356383
304	4	10.3684754920	6.9208285001	11.9332585208
305	5	13.9672568960	7.1284580417	10.3742768373
306	6	13.9538883267	7.1307536629	13.4936356377
307	4	12.9777445384	8.6364562149	11.9332585205
308	5	16.5595173154	8.8563716788	10.3901976820
309	6	16.5459073521	8.8551239758	13.5094578449
310	4	15.5782859272	10.3674587222	11.9512559946
311	5	19.1411312533	10.5945838175	10.3982601324
312	6	19.1426305989	10.5953414700	13.5177902371
313	4	18.1696075792	12.1074534025	11.9620446203
314	5	21.7296788132	12.3294496554	10.3905390243
315	6	21.7407239782	12.3323905564	13.5106671751
316	4	20.7578629331	13.8401982819	11.9557076655
317	5	24.3367376471	14.0508221303	10.3824546434
318	6	24.3367376474	14.0508221297	13.5029853647
319	4	23.3491081273	15.5546925229	11.9460780228
320	5	26.9564671733	15.7608294582	10.3970074518
321	6	26.9291473280	15.7532810230	13.5168824913
322	4	25.9437694023	17.2555304730	11.9557076647
323	5	29.5693924777	17.4723984527	10.4425175829
324	6	29.5180902556	17.4585550504	13.5605180150
325	4	28.5361762143	18.9599177173	11.9944266639
326	5	32.1584062027	19.1981539689	10.5027367142
327	6	32.1062243541	19.1864713426	13.6187738329
328	4	31.1205831337	20.6840108063	12.0487796592
329	4	21.5291076657	1.3538489233	12.0888736415
330	4	10.5615849643	3.8134467896	11.9458282745
331	5	14.1612818666	4.0032222163	10.3886611683
332	6	14.1370402063	4.0227574416	13.5076481865
333	4	13.1588871989	5.5189490802	11.9332585199
334	5	16.7507127939	5.7168174654	10.4070765589
335	6	16.7174656157	5.7423511689	13.5255638608
336	4	15.7534039648	7.2398776458	11.9458282733
337	5	19.3274205744	7.4495183944	10.4214024783
338	6	19.3084817957	7.4817019943	13.5399291706
339	4	18.3429151230	8.9769784761	11.9600540789
340	5	21.9073633232	9.1906746380	10.4155059665
341	6	21.9088519585	9.2257176799	13.5346089740
342	4	20.9321837802	10.7167260228	11.9582800993
343	5	24.5077826702	10.9270661461	10.3970074516
344	6	24.5149054562	10.9545000435	13.5168824912
345	4	23.5281624424	12.4435746797	11.9460780223
346	5	27.1310193562	12.6537291889	10.3905390241
347	6	27.1229498778	12.6618241311	13.5106671749
348	4	26.1329423716	14.1541991879	11.9460780223
349	4	28.7405176066	15.8603995026	11.9762778902
350	4	31.3406043700	17.5797298324	12.0328822155
351	4	15.9434097021	4.1137617505	11.9680644746
352	5	19.5336383386	4.3213185453	10.4659806826
353	6	19.4955487446	4.3627110989	13.5828448628
354	4	18.5261125305	5.8469176253	11.9901573198
355	5	22.1006600178	6.0632972771	10.4684587875
356	6	22.0912277444	6.1156503812	13.5855691746
357	4	21.1096892115	7.5920637958	11.9942601877
358	5	24.6835822471	7.8084219575	10.4425175828
359	6	24.6972446190	7.8597726864	13.5605180149
360	4	23.7019876405	9.3322481273	11.9762778898
361	4	26.3085806057	11.0567376353	11.9557076645
362	4	18.7310534554	2.7227422918	12.0297934463
363	5	22.3194888537	2.9554712172	10.5226366150
364	6	22.2997244437	2.9948887590	13.6381940978
365	4	21.3080096694	4.4701498598	12.0484506402
366	4	23.8909280009	6.2208417740	12.0328822149
