C -0.0622710537 1.0036629887 0.0000000000
C 0.0036629929 1.0586080440 0.0000000000
C -0.0732600876 0.8278388168 0.0000000000
C -0.0073259972 0.8827838695 0.0000000000
C -0.0659340650 0.9450549314 0.0000000000
C 0.0586080494 0.9377289247 0.0000000000
C -0.0000000184 0.9999999867 0.0000000000
C 0.1245421399 0.9926739773 0.0000000000
C 0.0659340720 1.0549450393 0.0000000000
C 0.1904761865 1.0476190326 0.0000000000
C 0.2564102769 1.1025640852 0.0000000000
C -0.0842490777 0.6520146423 0.0000000000
C -0.0183150311 0.7069596975 0.0000000000
C -0.0769230989 0.7692307595 0.0000000000
C 0.0476190593 0.7619047502 0.0000000000
C -0.0109890085 0.8241758121 0.0000000000
C 0.1135531059 0.8168498054 0.0000000000
C 0.0549450381 0.8791208674 0.0000000000
C 0.1794871964 0.8717948581 0.0000000000
C 0.1208791286 0.9340659200 0.0000000000
C 0.2454212430 0.9267399133 0.0000000000
C 0.1868131752 0.9890109753 0.0000000000
C 0.3113553334 0.9816849660 0.0000000000
C 0.2527472656 1.0439560279 0.0000000000
C 0.3772893801 1.0366300212 0.0000000000
C 0.3186813122 1.0989010832 0.0000000000
C 0.4432234705 1.0915750738 0.0000000000
C -0.0952381117 0.4761904704 0.0000000000
C -0.0293040212 0.5311355230 0.0000000000
C -0.0879120890 0.5934065850 0.0000000000
C 0.0366300254 0.5860805783 0.0000000000
C -0.0219780424 0.6483516402 0.0000000000
C 0.1025641159 0.6410256309 0.0000000000
C 0.0439560480 0.7032966929 0.0000000000
C 0.1684981625 0.6959706861 0.0000000000
C 0.1098900946 0.7582417481 0.0000000000
C 0.2344322529 0.7509157388 0.0000000000
C 0.1758241851 0.8131868008 0.0000000000
C 0.3003662995 0.8058607940 0.0000000000
C 0.2417582317 0.8681318560 0.0000000000
C 0.3663003900 0.8608058467 0.0000000000
C 0.3076923221 0.9230769087 0.0000000000
C 0.4322344366 0.9157509019 0.0000000000
C 0.3736263687 0.9780219639 0.0000000000
C 0.4981685270 0.9706959546 0.0000000000
C 0.4395604592 1.0329670165 0.0000000000
C 0.5641025736 1.0256410098 0.0000000000
C 0.5054945058 1.0879120718 0.0000000000
C 0.6300366641 1.0805860625 0.0000000000
C -0.0402930551 0.3553113511 0.0000000000
C -0.0989011230 0.4175824131 0.0000000000
C 0.0256410353 0.4102564037 0.0000000000
C -0.0329670325 0.4725274657 0.0000000000
C 0.0915750819 0.4652014590 0.0000000000
C 0.0329670141 0.5274725209 0.0000000000
C 0.1575091724 0.5201465116 0.0000000000
C 0.0989011045 0.5824175736 0.0000000000
C 0.2234432190 0.5750915669 0.0000000000
C 0.1648351512 0.6373626288 0.0000000000
C 0.2893773094 0.6300366195 0.0000000000
C 0.2307692416 0.6923076815 0.0000000000
C 0.3553113560 0.6849816748 0.0000000000
C 0.2967032882 0.7472527367 0.0000000000
C 0.4212454465 0.7399267274 0.0000000000
C 0.3626373787 0.8021977894 0.0000000000
C 0.4871794931 0.7948717826 0.0000000000
C 0.4285714253 0.8571428446 0.0000000000
C 0.5531135836 0.8498168353 0.0000000000
C 0.4945055157 0.9120878973 0.0000000000
C 0.6190476302 0.9047618905 0.0000000000
C 0.5604395623 0.9670329525 0.0000000000
C 0.6849817206 0.9597069432 0.0000000000
C 0.6263736528 1.0219780052 0.0000000000
C 0.7509157672 1.0146519984 0.0000000000
C 0.6923076994 1.0769230604 0.0000000000
C 0.8168498577 1.0695970511 0.0000000000
C -0.0512820452 0.1794871766 0.0000000000
C 0.0146520014 0.2344322318 0.0000000000
C -0.0439560664 0.2967032938 0.0000000000
C 0.0805860918 0.2893772845 0.0000000000
C 0.0219780240 0.3516483464 0.0000000000
C 0.1465201385 0.3443223397 0.0000000000
C 0.0879120706 0.4065934017 0.0000000000
C 0.2124542289 0.3992673924 0.0000000000
C 0.1538461611 0.4615384543 0.0000000000
C 0.2783882755 0.4542124476 0.0000000000
C 0.2197802077 0.5164835096 0.0000000000
C 0.3443223660 0.5091575002 0.0000000000
C 0.2857142981 0.5714285622 0.0000000000
C 0.4102564126 0.5641025555 0.0000000000
C 0.3516483447 0.6263736174 0.0000000000
C 0.4761905030 0.6190476081 0.0000000000
C 0.4175824352 0.6813186701 0.0000000000
C 0.5421245496 0.6739926634 0.0000000000
C 0.4835164818 0.7362637253 0.0000000000
C 0.6080586401 0.7289377160 0.0000000000
C 0.5494505722 0.7912087780 0.0000000000
C 0.6739926867 0.7838827713 0.0000000000
C 0.6153846189 0.8461538332 0.0000000000
C 0.7399267771 0.8388278239 0.0000000000
C 0.6813187093 0.9010988859 0.0000000000
C 0.8058608237 0.8937728791 0.0000000000
C 0.7472527559 0.9560439411 0.0000000000
C 0.8717949142 0.9487179318 0.0000000000
C 0.8131868464 1.0109889938 0.0000000000
C 0.8791208930 1.0659340490 0.0000000000
C -0.0549450565 0.1208791193 0.0000000000
C 0.0695970579 0.1135531125 0.0000000000
C 0.0109889901 0.1758241745 0.0000000000
C 0.1355311484 0.1684981652 0.0000000000
C 0.0769230805 0.2307692272 0.0000000000
C 0.2014651950 0.2234432204 0.0000000000
C 0.1428571271 0.2857142824 0.0000000000
C 0.2673992854 0.2783882731 0.0000000000
C 0.2087912176 0.3406593351 0.0000000000
C 0.3333333320 0.3333333283 0.0000000000
C 0.2747252642 0.3956043903 0.0000000000
C 0.3992674225 0.3882783810 0.0000000000
C 0.3406593547 0.4505494429 0.0000000000
C 0.4652014691 0.4432234362 0.0000000000
C 0.4065934013 0.5054944982 0.0000000000
C 0.5311355595 0.4981684889 0.0000000000
C 0.4725274917 0.5604395508 0.0000000000
C 0.5970696061 0.5531135441 0.0000000000
C 0.5384615383 0.6153846061 0.0000000000
C 0.6630036966 0.6080585967 0.0000000000
C 0.6043956288 0.6703296587 0.0000000000
C 0.7289377432 0.6630036520 0.0000000000
C 0.6703296754 0.7252747139 0.0000000000
C 0.7948718337 0.7179487046 0.0000000000
C 0.7362637658 0.7802197666 0.0000000000
C 0.8608058803 0.7728937599 0.0000000000
C 0.8021978124 0.8351648218 0.0000000000
C 0.8681319029 0.8901098745 0.0000000000
C 0.1318681371 0.1098901079 0.0000000000
C 0.1978021837 0.1648351631 0.0000000000
C 0.3223443419 0.1575091538 0.0000000000
C 0.2637362741 0.2197802158 0.0000000000
C 0.3882783886 0.2124542090 0.0000000000
C 0.3296703207 0.2747252710 0.0000000000
C 0.4542124790 0.2673992617 0.0000000000
C 0.3956044112 0.3296703237 0.0000000000
C 0.5201465256 0.3223443169 0.0000000000
C 0.4615384578 0.3846153789 0.0000000000
C 0.5860806161 0.3772893696 0.0000000000
C 0.5274725482 0.4395604316 0.0000000000
C 0.6520146627 0.4322344248 0.0000000000
C 0.5934065948 0.4945054868 0.0000000000
C 0.7179487531 0.4871794775 0.0000000000
C 0.6593406853 0.5494505394 0.0000000000
C 0.7838827997 0.5421245327 0.0000000000
C 0.7252747319 0.6043955947 0.0000000000
C 0.8498168902 0.5970695854 0.0000000000
C 0.7912088223 0.6593406473 0.0000000000
C 0.8571428690 0.7142857026 0.0000000000
C 0.3846153772 0.1538461517 0.0000000000
C 0.5091575355 0.1465201424 0.0000000000
C 0.4505494677 0.2087912044 0.0000000000
C 0.5750915821 0.2014651977 0.0000000000
C 0.5164835143 0.2637362596 0.0000000000
C 0.6410256726 0.2564102503 0.0000000000
C 0.5824176048 0.3186813123 0.0000000000
C 0.7069597192 0.3113553055 0.0000000000
C 0.6483516514 0.3736263675 0.0000000000
C 0.7728938096 0.3663003582 0.0000000000
C 0.7142857418 0.4285714202 0.0000000000
C 0.8388278563 0.4212454134 0.0000000000
C 0.7802197884 0.4835164754 0.0000000000
C 0.8461538789 0.5384615281 0.0000000000
C 0.5714285708 0.1428571403 0.0000000000
C 0.6959707291 0.1355311310 0.0000000000
C 0.6373626613 0.1978021930 0.0000000000
C 0.7619047757 0.1904761863 0.0000000000
C 0.7032967079 0.2527472482 0.0000000000
C 0.8278388662 0.2454212389 0.0000000000
C 0.7692307983 0.3076923009 0.0000000000
C 0.8937729128 0.3003662942 0.0000000000
C 0.8351648449 0.3626373561 0.0000000000
C 0.7582417644 0.1318681290 0.0000000000
C 0.8827839227 0.1245421196 0.0000000000
C 0.8241758549 0.1868131816 0.0000000000
C 0.8901099015 0.2417582368 0.0000000000
C -0.0586085737 0.9963372188 0.1341463395
C -0.0036635922 1.0622713485 0.1341463395
C -0.1025644627 0.7435898645 0.1341463395
C -0.0476194812 0.8095239942 0.1341463395
C 0.0073255441 0.8754581213 0.1341463395
C -0.0549455500 0.9340661284 0.1341463395
C 0.0622705480 0.9413922019 0.1341463395
C -0.0000005247 1.0000002556 0.1341463395
C 0.1172155733 1.0073263290 0.1341463395
C 0.0549444568 1.0659343853 0.1341463395
C 0.1721605771 1.0732604095 0.1341463395
C -0.0915753702 0.5567766398 0.1341463395
C -0.0366303449 0.6227107670 0.1341463395
C -0.0989014614 0.6813188232 0.1341463395
C 0.0183146589 0.6886448475 0.1341463395
C -0.0439564137 0.7472529012 0.1341463395
C 0.0732596404 0.7545789772 0.1341463395
C 0.0109885678 0.8131870309 0.1341463395
C 0.1282046658 0.8205131043 0.1341463395
C 0.0659336155 0.8791211089 0.1341463395
C 0.1831496696 0.8864471849 0.1341463395
C 0.1208785969 0.9450552386 0.1341463395
C 0.2380946949 0.9523813120 0.1341463395
C 0.1758235784 1.0109893683 0.1341463395
C 0.2930396764 1.0183154417 0.1341463395
C 0.2307686261 1.0769234462 0.1341463395
C 0.3479846803 1.0842495222 0.1341463395
C -0.0805862339 0.3699634126 0.1341463395
C -0.0256412524 0.4358975423 0.1341463395
C -0.0879123027 0.4945055469 0.1341463395
C 0.0293037514 0.5018316229 0.1341463395
C -0.0329673212 0.5604396766 0.1341463395
C 0.0842487767 0.5677657500 0.1341463395
C 0.0219776602 0.6263738062 0.1341463395
C 0.1391937582 0.6336998797 0.1341463395
C 0.0769227079 0.6923078842 0.1341463395
C 0.1941388059 0.6996339576 0.1341463395
C 0.1318676894 0.7582420139 0.1341463395
C 0.2490837874 0.7655680873 0.1341463395
C 0.1868127148 0.8241761410 0.1341463395
C 0.3040287689 0.8315022170 0.1341463395
C 0.2417577186 0.8901102216 0.1341463395
C 0.3589738166 0.8974362950 0.1341463395
C 0.2967027001 0.9560443513 0.1341463395
C 0.4139187981 0.9633704247 0.1341463395
C 0.3516477254 1.0219784784 0.1341463395
C 0.4688638234 1.0293045518 0.1341463395
C 0.4065927292 1.0879125590 0.1341463395
C 0.5238088272 1.0952386324 0.1341463395
C -0.0695971415 0.1831501879 0.1341463395
C -0.0146521600 0.2490843176 0.1341463395
C -0.0769232103 0.3076923222 0.1341463395
C 0.0402928877 0.3150183956 0.1341463395
C -0.0219782288 0.3736264519 0.1341463395
C 0.0952378692 0.3809525253 0.1341463395
C 0.0329667966 0.4395605790 0.1341463395
C 0.1501828507 0.4468866550 0.1341463395
C 0.0879118004 0.5054946596 0.1341463395
C 0.2051278984 0.5128207330 0.1341463395
C 0.1428568257 0.5714287867 0.1341463395
C 0.2600728799 0.5787548627 0.1341463395
C 0.1978018072 0.6373629164 0.1341463395
C 0.3150179052 0.6446889898 0.1341463395
C 0.2527468111 0.7032969969 0.1341463395
C 0.3699629090 0.7106230703 0.1341463395
C 0.3076918364 0.7692311240 0.1341463395
C 0.4249078905 0.7765572000 0.1341463395
C 0.3626368179 0.8351652537 0.1341463395
C 0.4798529159 0.8424913272 0.1341463395
C 0.4175818656 0.9010993317 0.1341463395
C 0.5347979197 0.9084254077 0.1341463395
C 0.4725268471 0.9670334614 0.1341463395
C 0.5897429450 0.9743595348 0.1341463395
C 0.5274718285 1.0329675911 0.1341463395
C 0.6446879265 1.0402936645 0.1341463395
C 0.5824168762 1.0989016691 0.1341463395
C -0.0659341178 0.1208790975 0.1341463395
C 0.0512819802 0.1282051710 0.1341463395
C -0.0109890925 0.1868132247 0.1341463395
C 0.1062269617 0.1941393007 0.1341463395
C 0.0439558890 0.2527473544 0.1341463395
C 0.1611719870 0.2600734278 0.1341463395
C 0.0989008929 0.3186814349 0.1341463395
C 0.2161169908 0.3260075083 0.1341463395
C 0.1538459182 0.3846155620 0.1341463395
C 0.2710620162 0.3919416354 0.1341463395
C 0.2087908997 0.4505496917 0.1341463395
C 0.3260069977 0.4578757651 0.1341463395
C 0.2637359474 0.5164837697 0.1341463395
C 0.3809520015 0.5238098457 0.1341463395
C 0.3186809289 0.5824178994 0.1341463395
C 0.4358970268 0.5897439728 0.1341463395
C 0.3736259542 0.6483520265 0.1341463395
C 0.4908420083 0.6556781025 0.1341463395
C 0.4285709580 0.7142861071 0.1341463395
C 0.5457870560 0.7216121805 0.1341463395
C 0.4835159395 0.7802202368 0.1341463395
C 0.6007320375 0.7875463102 0.1341463395
C 0.5384609649 0.8461543639 0.1341463395
C 0.6556770413 0.8534803907 0.1341463395
C 0.5934059687 0.9120884444 0.1341463395
C 0.7106220667 0.9194145178 0.1341463395
C 0.6483509940 0.9780225715 0.1341463395
C 0.7655670482 0.9853486475 0.1341463395
C 0.7032959979 1.0439566521 0.1341463395
C 0.8205120958 1.0512827255 0.1341463395
C 0.1098900292 0.1318682077 0.1341463395
C 0.2271060833 0.1391942837 0.1341463395
C 0.1648350107 0.1978023374 0.1341463395
C 0.2820511086 0.2051284108 0.1341463395
C 0.2197800360 0.2637364645 0.1341463395
C 0.3369960901 0.2710625405 0.1341463395
C 0.2747250398 0.3296705450 0.1341463395
C 0.3919411378 0.3369966185 0.1341463395
C 0.3296700213 0.3956046747 0.1341463395
C 0.4468861193 0.4029307481 0.1341463395
C 0.3846150467 0.4615388018 0.1341463395
C 0.5018311670 0.4688648261 0.1341463395
C 0.4395600505 0.5274728824 0.1341463395
C 0.5567761485 0.5347989558 0.1341463395
C 0.4945050758 0.5934070095 0.1341463395
C 0.6117211300 0.6007330855 0.1341463395
C 0.5494500797 0.6593410901 0.1341463395
C 0.6666661776 0.6666671635 0.1341463395
C 0.6043950612 0.7252752198 0.1341463395
C 0.7216111591 0.7326012932 0.1341463395
C 0.6593400865 0.7912093469 0.1341463395
C 0.7765561845 0.7985354203 0.1341463395
C 0.7142850903 0.8571434274 0.1341463395
C 0.8315011883 0.8644695009 0.1341463395
C 0.7692301157 0.9230775546 0.1341463395
C 0.8864461698 0.9304036305 0.1341463395
C 0.8241750972 0.9890116842 0.1341463395
C 0.8791201010 1.0549457648 0.1341463395
C 0.2857141323 0.1428573204 0.1341463395
C 0.4029302303 0.1501833938 0.1341463395
C 0.3406591576 0.2087914475 0.1341463395
C 0.4578752118 0.2161175235 0.1341463395
C 0.3956041615 0.2747255280 0.1341463395
C 0.5128202595 0.2820516015 0.1341463395
C 0.4505491868 0.3406596552 0.1341463395
C 0.5677652409 0.3479857312 0.1341463395
C 0.5054941683 0.4065937849 0.1341463395
C 0.6227102663 0.4139198583 0.1341463395
C 0.5604391721 0.4725278654 0.1341463395
C 0.6776552701 0.4798539388 0.1341463395
C 0.6153841975 0.5384619925 0.1341463395
C 0.7326002516 0.5457880685 0.1341463395
C 0.6703291790 0.6043961222 0.1341463395
C 0.7875452769 0.6117221956 0.1341463395
C 0.7252742266 0.6703302002 0.1341463395
C 0.8424902808 0.6776562762 0.1341463395
C 0.7802192081 0.7362643299 0.1341463395
C 0.8351641896 0.8021984596 0.1341463395
C 0.8901092373 0.8681325376 0.1341463395
C 0.4615382793 0.1538464305 0.1341463395
C 0.5787543773 0.1611725039 0.1341463395
C 0.5164832608 0.2197805602 0.1341463395
C 0.6336993588 0.2271066336 0.1341463395
C 0.5714283084 0.2857146382 0.1341463395
C 0.6886443626 0.2930407142 0.1341463395
C 0.6263732899 0.3516487679 0.1341463395
C 0.7435893879 0.3589748413 0.1341463395
C 0.6813182714 0.4175828976 0.1341463395
C 0.7985343694 0.4249089710 0.1341463395
C 0.7362633191 0.4835169755 0.1341463395
C 0.8534794171 0.4908430490 0.1341463395
C 0.7912083006 0.5494511052 0.1341463395
C 0.8461533259 0.6153852324 0.1341463395
C 0.6996334989 0.1062274869 0.1341463395
C 0.6373623824 0.1648355432 0.1341463395
C 0.7545784804 0.1721616166 0.1341463395
C 0.6923074077 0.2307696703 0.1341463395
C 0.8095234619 0.2380957463 0.1341463395
C 0.7472524116 0.2967037509 0.1341463395
C 0.8644685096 0.3040298243 0.1341463395
C 0.8021974369 0.3626378780 0.1341463395
C 0.8571424184 0.4285720077 0.1341463395
C 0.7582415479 0.1098905236 0.1341463395
C 0.8754576020 0.1172165996 0.1341463395
C 0.8131865294 0.1758246533 0.1341463395
C 0.8681315109 0.2417587830 0.1341463395
