natom :
366

Moire lattice vectors (in Angstrom)
a1 :
24.3367383770 0.0000000000 0.0000000000
a3 :
0.0000000000 0.0000000000 100.0000000000
a2 :
12.1683697531 21.0762333538 0.0000000000

type    Mass
1	95.9400000000
2	32.0660000000
3	32.0660000000
4	95.9400000000
5	32.0660000000
6	32.0660000000

Atomic positions (in Angstrom)
id    type    x    y    z
1	2	22.5289795092	0.1346810092	4.0182173339
2	3	22.5543948606	0.1366085520	7.1333541921
3	2	1.0205151009	1.4982246405	4.0182173316
4	3	1.0094767268	1.4752505320	7.1333541899
5	2	31.6639190687	16.7135231125	4.0962021874
6	3	31.7020066088	16.7549154577	7.2130663761
7	2	34.4680942181	18.0813453309	4.0408543081
8	3	34.4878580121	18.1207630529	7.1564117547
9	1	33.6974771507	19.7223853682	5.5901745150
10	2	12.9556112457	19.4433291387	4.0182173364
11	3	12.9412342701	19.4643757126	7.1333541947
12	1	24.3367376147	0.0000004952	5.5659936077
13	2	15.7805250869	20.8095730359	4.0408543031
14	3	15.7365064438	20.8069801316	7.1564117501
15	1	2.8091051462	1.3543039727	5.5897454682
16	2	6.4190630544	1.1131576652	4.0934801134
17	3	6.3690072164	1.0951480353	7.2105904670
18	2	9.2036485295	2.5102498137	4.1444421812
19	3	9.1740438501	2.4914366568	7.2635451581
20	2	28.7142782311	12.2211091655	4.1695872352
21	3	28.7278850172	12.2198628249	7.2888473829
22	2	31.4768526558	13.5945313269	4.1391185145
23	3	31.4957884744	13.6267161215	7.2576452113
24	1	30.6944818059	15.2293163847	5.6888889489
25	2	9.9228593628	14.9605830179	4.0934801252
26	3	9.9322904778	15.0129374641	7.2105904780
27	1	33.4763790294	16.6060842840	5.6305975935
28	2	12.7312277529	16.3218088818	4.0602752138
29	3	12.7152550438	16.3728420750	7.1763122660
30	1	11.9366772050	17.9663250993	5.5897454762
31	2	15.5528384928	17.6867261379	4.0616387244
32	3	15.5086607350	17.7198839654	7.1775356828
33	1	14.7446512281	19.3216790646	5.5901745158
34	2	18.3671814059	19.0649972964	4.0962021852
35	3	18.3122908141	19.0772859118	7.2130663747
36	1	17.5539962291	20.6883530915	5.6305975869
37	2	21.1618407733	20.4624889979	4.1391185072
38	3	21.1245000122	20.4627955084	7.2576452054
39	1	8.1884436424	1.0013263513	5.6847893030
40	2	11.7728878261	0.7994445678	4.1612590554
41	3	11.7729814922	0.7977634557	7.2807891334
42	1	10.9832333964	2.4099334392	5.7207712903
43	2	14.5533760099	2.2148007160	4.1502910584
44	3	14.5895369475	2.2117147492	7.2694283180
45	2	25.7778028040	7.7409141283	4.1237335543
46	3	25.7763845495	7.6843258373	7.2412491081
47	2	28.5514716011	9.1097270086	4.1529029936
48	3	28.5459789902	9.0739433568	7.2716755026
49	1	27.7466551109	10.7087750783	5.7277888462
50	2	6.9742633393	10.4808913775	4.1612590616
51	3	6.9727606162	10.4816508130	7.2807891381
52	1	30.5112844915	12.0992553494	5.7189932089
53	2	9.7404838744	11.8505152570	4.1444421934
54	3	9.7389935372	11.8855602375	7.2635451693
55	1	8.9413202437	13.4841701785	5.6847893139
56	2	12.5288752965	13.2164602713	4.1185328308
57	3	12.5152136818	13.2678130578	7.2365331890
58	1	11.7225590532	14.8553922807	5.6461676039
59	2	15.3382777096	14.5827570650	4.1077481581
60	3	15.3036535181	14.6289193994	7.2250460112
61	1	14.5209560126	16.2169887292	5.6302687356
62	2	18.1516643394	15.9577781511	4.1237335632
63	3	18.1033665747	15.9873005485	7.2412491180
64	1	17.3291748657	17.5829396366	5.6492532941
65	2	20.9510261881	17.3489269819	4.1534806677
66	3	20.9122914308	17.3649509919	7.2719679783
67	1	20.1372607715	18.9675434439	5.6888889461
68	2	23.7325464249	18.7567405187	4.1695872321
69	3	23.7268223927	18.7691475161	7.2888473812
70	1	22.9395718399	20.3739205067	5.7189932035
71	2	26.5084857686	20.1714369960	4.1529029922
72	3	26.5422216218	20.1845720809	7.2716755025
73	1	13.5689268407	0.7128359904	5.7170043700
74	2	17.1282672680	0.5015172824	4.1077481453
75	3	17.1855571132	0.5084215449	7.2250459986
76	1	16.3678072951	2.1163160308	5.6846234616
77	2	19.9378553816	1.8897628713	4.0602752050
78	3	19.9900377736	1.8780790448	7.1763122573
79	2	25.5799027617	4.6257909249	4.0616387154
80	3	25.5732761284	4.5709529523	7.1775356732
81	2	4.0385608870	5.9919604446	4.1077481426
82	3	4.0158952328	5.9388938484	7.2250459950
83	1	27.5681331717	7.5848710527	5.6872552763
84	2	6.8097535794	7.3652399741	4.1502910585
85	3	6.7890005849	7.3354666613	7.2694283170
86	1	6.0012385367	8.9687802928	5.7170043721
87	2	9.5723559873	8.7438425537	4.1683857294
88	3	9.5613088189	8.7467846740	7.2885138511
89	1	8.7638148457	10.3595077806	5.7207712983
90	2	12.3465362857	10.1217328985	4.1621706417
91	3	12.3394138671	10.1491685816	7.2820456422
92	1	11.5336186907	11.7439857865	5.7027741275
93	2	15.1419762821	11.4961941031	4.1502910729
94	3	15.1265683354	11.5290533759	7.2694283320
95	1	14.3200509248	13.1167800375	5.6846234748
96	2	17.9502566274	12.8713041435	4.1529030061
97	3	17.9220133860	12.8939527106	7.2716755161
98	1	17.1213618284	14.4853281515	5.6872552898
99	2	20.7520264409	14.2544147750	4.1713953569
100	3	20.7229900993	14.2656413390	7.2903823517
101	1	19.9276550346	15.8642790532	5.7109798156
102	2	23.5352072421	15.6497997020	4.1854067440
103	3	23.5265355262	15.6602281016	7.3047655129
104	1	22.7299539116	17.2627874188	5.7332153215
105	2	26.3054097577	17.0534779151	4.1713953497
106	3	26.3296504155	17.0730108498	7.2903823444
107	1	25.5260777257	18.6749214370	5.7277888444
108	2	29.0807468496	18.4537758677	4.1237335554
109	3	29.1304628712	18.4808417658	7.2412491099
110	1	28.3207189791	20.0822689899	5.6872552775
111	2	31.8774727346	19.8399510813	4.0616387193
112	3	31.9282771271	19.8616312324	7.1775356774
113	1	18.9522142696	0.3922228478	5.6302687263
114	1	21.7593234934	1.7556057672	5.5897454707
115	1	24.5680855956	3.1084037605	5.5901745110
116	2	3.8360227259	2.8646630369	4.0602752007
117	3	3.7998130430	2.8253136740	7.1763122530
118	1	3.0319355644	4.4670232622	5.6302687221
119	2	6.6265097806	4.2420950469	4.1185328145
120	3	6.5888677691	4.2045873507	7.2365331728
121	1	5.8172476310	5.8431387690	5.6846234579
122	2	9.3977918517	5.6315485912	4.1621706305
123	3	9.3775930557	5.6116625519	7.2820456312
124	1	8.5894938589	7.2360353933	5.7233449389
125	2	12.1683686260	7.0254115978	4.1760688749
126	3	12.1683686235	7.0254115926	7.2965995808
127	1	11.3597934540	8.6326590935	5.7329758843
128	2	14.9545798914	8.4144090197	4.1683857347
129	3	14.9626514277	8.4225050779	7.2885138569
130	1	14.1402116308	10.0194961360	5.7233449505
131	2	17.7579547053	9.7958988488	4.1612590697
132	3	17.7593637606	9.7968205204	7.2807891471
133	1	16.9349404749	11.3946185550	5.7170043855
134	2	20.5633893407	11.1746184652	4.1695872419
135	3	20.5555065896	11.1634578106	7.2888473904
136	1	19.7374811438	12.7687716809	5.7277888558
137	2	23.3527486458	12.5571882028	4.1854067460
138	3	23.3480532524	12.5444640781	7.3047655146
139	1	22.5368442884	14.1554054873	5.7457837109
140	2	26.1222581072	13.9454802462	4.1854067433
141	3	26.1356252221	13.9477759771	7.3047655118
142	1	25.3272562098	15.5572850061	5.7457837072
143	2	28.8858361074	15.3338830473	4.1534806670
144	3	28.9190806788	15.3594163314	7.2719679767
145	1	28.1117788397	16.9624724013	5.7109798097
146	1	30.8994227334	18.3534919497	5.6492532902
147	1	5.6103111097	2.7243386957	5.6461675893
148	1	8.3993383958	4.1164148605	5.7027741134
149	2	11.9781699969	3.9179832200	4.1683857241
150	3	11.9811456231	3.9069450291	7.2885138466
151	1	11.1807390098	5.5215412093	5.7329758786
152	2	14.7607777380	5.3229533035	4.1621706350
153	3	14.7880989463	5.3154036474	7.2820456360
154	1	13.9645733925	6.9220345305	5.7329758842
155	2	17.5609734671	6.7154697224	4.1444421917
156	3	17.5920684802	6.6992378917	7.2635451682
157	1	16.7580576119	8.3067936162	5.7207713034
158	2	20.3715205673	8.0954478226	4.1391185159
159	3	20.3899255103	8.0629565176	7.2576452132
160	1	19.5593576500	9.6792923378	5.7189932157
161	2	23.1733516987	9.4696581197	4.1534806688
162	3	23.1788418883	9.4281008302	7.2719679783
163	1	22.3584869402	11.0533245067	5.7332153264
164	2	25.9527777964	10.8445754597	4.1713953511
165	3	25.9575734847	10.8138159660	7.2903823450
166	1	25.1461134820	12.4397777054	5.7457837084
167	1	27.9217731284	13.8363562720	5.7332153218
168	1	13.7754003652	3.8207033054	5.7233449392
169	2	17.3497207911	3.6176794739	4.1185328203
170	3	17.4010244143	3.6038343791	7.2365331789
171	1	16.5721487668	5.2158341884	5.7027741215
172	2	20.1631834464	5.0024941084	4.0934801195
173	3	20.2038081688	4.9681492927	7.2105904725
174	1	19.3753419644	6.5907383084	5.6847893128
175	2	22.9791135168	6.3739477368	4.0962021848
176	3	22.9959165704	6.3202667809	7.2130663733
177	1	22.1784714015	7.9556083664	5.6888889498
178	1	24.9707801048	9.3257167422	5.7109798106
179	1	19.1722356857	3.4965038615	5.6461675957
180	2	22.7615946829	3.2615497764	4.0408543028
181	3	22.7858495332	3.2247249653	7.1564117493
182	1	21.9798387182	4.8580308177	5.6305975893
183	1	24.7816163777	6.2160366082	5.6492532877
184	5	34.7227646437	20.9396257644	10.5456938070
185	6	34.6973492924	20.9415533056	13.6608306653
186	5	25.1096030202	1.6118586054	10.5456938083
187	6	25.1239799946	1.6329051723	13.6608306665
188	5	29.7604379023	14.3769964215	10.4155028375
189	6	29.7293428918	14.3607645981	13.5346058145
190	5	32.3721776847	16.1080850233	10.4684575273
191	6	32.3315529676	16.0737402128	13.5855678810
192	5	10.6174807693	17.8515093525	10.5226362454
193	6	10.5932259237	17.8146845418	13.6381936925
194	4	33.9276931817	19.3206285772	12.0893025272
195	5	13.1778464380	19.6009837874	10.5456938040
196	6	13.1888848144	19.5780096726	13.6608306622
197	4	24.3367376463	0.0000004937	12.1130543910
198	5	3.5681367447	0.2692541893	10.5226362471
199	6	3.6121553884	0.2666612734	13.6381936937
200	4	2.5762816017	1.7545552774	12.0888734870
201	5	6.1439212060	1.9989484104	10.4659816272
202	6	6.1988117991	2.0112370130	13.5828458157
203	5	27.2949375021	9.5471809367	10.4096196825
204	6	27.3103454468	9.5800402122	13.5287569421
205	5	29.9277330152	11.2794137952	10.3982588648
206	6	29.9263239640	11.2803354710	13.5177889429
207	4	28.9264269433	12.7694407288	11.9582767069
208	5	8.2215564789	13.0132778003	10.4214027905
209	6	8.2031515441	12.9807864999	13.5399294888
210	4	31.5437113888	14.4854960391	11.9942586920
211	5	10.8275476347	14.7559675378	10.4659816206
212	6	10.8107445895	14.7022865844	13.5828458102
213	4	9.8114698611	16.2182035294	12.0484504079
214	5	13.4049072916	16.5052813666	10.5015123143
215	6	13.4115339299	16.4504433915	13.6174092727
216	4	12.3997168356	17.9678305845	12.0888734812
217	5	15.9681826813	18.2509206451	10.5027357340
218	6	16.0043923656	18.2115712743	13.6187727862
219	4	14.9774748597	19.7219303703	12.0893025240
220	5	18.5373769493	19.9810862843	10.4684575240
221	6	18.5874327867	19.9630766436	13.5855678767
222	4	5.3856265305	0.3878812511	12.0484504091
223	5	8.9561303288	0.6134388117	10.4214027904
224	6	8.9934710896	0.6137453122	13.5399294872
225	4	7.9688911636	2.1086909001	11.9901590538
226	5	11.5584527963	2.3070868034	10.3902006169
227	6	11.5641768296	2.3194937953	13.5094607647
228	5	24.8836239587	4.7033922396	10.5027357441
229	6	24.8995966632	4.7544254292	13.6187727964
230	5	27.4720225227	6.4473149173	10.4540020039
231	6	27.5066467128	6.4934772475	13.5712998571
232	4	26.4884200007	7.9594543037	11.9944245400
233	5	5.7536441002	8.1822816086	10.4073724987
234	6	5.7818873458	8.2049301734	13.5261450089
235	4	29.1033096416	9.6816157901	11.9620436301
236	5	8.3871373912	9.9127765098	10.3902006173
237	6	8.3950201512	9.9016158561	13.5094607665
238	4	7.3909885308	11.3969420107	11.9600547940
239	5	11.0104727820	11.6481334895	10.4070800183
240	6	11.0049826023	11.6065762026	13.5255673289
241	4	10.0101023757	13.1206259826	11.9901590497
242	5	13.6080155402	13.3919084804	10.4377988786
243	6	13.6094338013	13.3353201909	13.5553144335
244	4	12.6132474478	14.8601977385	12.0297947021
245	5	16.1842646994	15.1373404675	10.4540019873
246	6	16.2069303549	15.0842738695	13.5712998403
247	4	15.2003051083	16.6092110815	12.0487792630
248	5	18.7572373326	16.8716469643	10.4425148114
249	6	18.7948793416	16.8341392633	13.5605151694
250	4	17.7786807491	18.3518956461	12.0328803970
251	5	21.3424135065	18.5847976582	10.4155028313
252	6	21.3720181823	18.5659844959	13.5346058071
253	4	20.3568133745	20.0749079905	11.9942586877
254	5	23.9413512380	20.2784708597	10.3982588609
255	6	23.9412575694	20.2767897444	13.5177889374
256	4	10.7712021553	0.7023138364	11.9600547914
257	5	14.3738519502	0.8916622342	10.4073724944
258	6	14.3401160957	0.9047973194	13.5261450034
259	4	13.3577081292	2.4013129068	11.9512591520
260	5	16.9620932909	2.5953925474	10.4377988880
261	6	16.9123772670	2.6224584488	13.5553144419
262	4	24.1050460254	3.1099092412	12.0893025296
263	5	3.3402912007	3.3563503545	10.5015123255
264	6	3.3844689581	3.3895081720	13.6174092836
265	4	26.6893249265	4.8592456123	12.0487792763
266	5	5.9349971282	5.0889337734	10.4377988932
267	6	5.9832948959	5.1184561616	13.5553144476
268	4	4.9529924561	6.5909061931	11.9917927251
269	5	8.5546207384	6.8105929836	10.3886656567
270	6	8.5836570871	6.8218195426	13.5076526513
271	4	7.5691118607	8.3074626671	11.9512591559
272	5	11.1796839796	8.5317702426	10.3742824855
273	6	11.1843793818	8.5190461181	13.4936412545
274	4	10.1901177472	10.0229098425	11.9458326763
275	5	13.7892043052	10.2624183509	10.3886656454
276	6	13.7844086231	10.2316588605	13.5076526402
277	4	12.8024110050	11.7505176052	11.9680681810
278	5	16.3776099080	12.0022909561	10.4073724816
279	6	16.3831025196	11.9665073078	13.5261449916
280	4	15.3997641672	13.4913632911	11.9917927077
281	5	18.9573699772	13.7407676490	10.4096196672
282	6	18.9781229673	13.7109943382	13.5287569262
283	4	17.9856170993	15.2330955717	11.9944245246
284	5	21.5459625426	15.4645717577	10.3970023574
285	6	21.5661613323	15.4446857195	13.5168773579
286	4	20.5677079581	16.9598194792	11.9762738727
287	5	24.1495152014	17.1692892815	10.3905341472
288	6	24.1465395701	17.1582510924	13.5106622689
289	4	23.1516030502	18.6663009016	11.9582767010
290	5	26.7579066159	18.8645195631	10.4096196792
291	6	26.7217456756	18.8614335994	13.5287569378
292	4	25.7372965844	20.3633983520	11.9620436252
293	5	29.3539268732	20.5678127683	10.4540019999
294	6	29.2966370265	20.5747170347	13.5712998524
295	4	16.1523493067	0.9939653527	11.9917927196
296	5	19.7599074753	1.2146030810	10.5015123226
297	6	19.7091030804	1.2362832347	13.6174092804
298	4	5.1608053316	3.4932947070	12.0297947133
299	5	8.7439219096	3.7112833309	10.4070800255
300	6	8.7826566704	3.7273073313	13.5255673351
301	4	7.7592855895	5.2119552931	11.9680681927
302	5	11.3581660912	5.4160062195	10.3742824880
303	6	11.3668378123	5.4264346156	13.4936412564
304	4	10.3684749312	6.9208288606	11.9332642926
305	5	13.9672558768	7.1284583398	10.3742824831
306	6	13.9538887658	7.1307540730	13.4936412517
307	4	12.9777442145	8.6364566413	11.9332642867
308	5	16.5595157661	8.8563714867	10.3902006071
309	6	16.5459089795	8.8551251517	13.5094607556
310	4	15.5782859360	10.3674592649	11.9512591415
311	5	19.1411298385	10.5945834948	10.3982588516
312	6	19.1426325560	10.5953429364	13.5177889289
313	4	18.1696078333	12.1074540469	11.9620436130
314	5	21.7296781363	12.3294496323	10.3905341426
315	6	21.7407252966	12.3323917583	13.5106622647
316	4	20.7578632499	13.8401989448	11.9557030490
317	5	24.3367380329	14.0508227146	10.3824484178
318	6	24.3367380287	14.0508227155	13.5029791237
319	4	23.3491084936	15.5546931298	11.9460721145
320	5	26.9564684462	15.7608306625	10.3970023652
321	6	26.9291472348	15.7532810131	13.5168773660
322	4	25.9437699405	17.2555310361	11.9557030579
323	5	29.5693940058	17.4723999336	10.4425148217
324	6	29.5180903830	17.4585548451	13.5605151801
325	4	28.5361769620	18.9599183125	11.9944245370
326	5	32.1584074599	19.1981552701	10.5027357414
327	6	32.1062250692	19.1864714470	13.6187727939
328	4	31.1205840296	20.6840114953	12.0487792727
329	4	21.5291074992	1.3538489733	12.0888734859
330	4	10.5615843915	3.8134469269	11.9458326789
331	5	14.1612809073	4.0032234668	10.3886656528
332	6	14.1370402506	4.0227564019	13.5076526467
333	4	13.1588867774	5.5189493393	11.9332642900
334	5	16.7507112626	5.7168179808	10.4070800188
335	6	16.7174666894	5.7423512697	13.5255673284
336	4	15.7534037860	7.2398780706	11.9458326709
337	5	19.3274191530	7.4495181868	10.4214027850
338	6	19.3084833283	7.4817029877	13.5399294823
339	4	18.3429152418	8.9769789897	11.9600547823
340	5	21.9073626874	9.1906740689	10.4155028315
341	6	21.9088530160	9.2257190556	13.5346058079
342	4	20.9321840668	10.7167265566	11.9582766959
343	5	24.5077831093	10.9270657255	10.3970023639
344	6	24.5149055206	10.9545014149	13.5168773648
345	4	23.5281627684	12.4435752446	11.9460721151
346	5	27.1310207595	12.6537292319	10.3905341515
347	6	27.1229492206	12.6618252971	13.5106622740
348	4	26.1329427990	14.1541998105	11.9460721191
349	4	28.7405182655	15.8604001557	11.9762738819
350	4	31.3406052782	17.5797304839	12.0328804048
351	4	15.9434093324	4.1137619410	11.9680681863
352	5	19.5336371227	4.3213188531	10.4659816240
353	6	19.4955495774	4.3627112023	13.5828458125
354	4	18.5261123900	5.8469179549	11.9901590476
355	5	22.1006594634	6.0632968455	10.4684575271
356	6	22.0912283410	6.1156512947	13.5855678801
357	4	21.1096892981	7.5920641590	11.9942586865
358	5	24.6835827596	7.8084212524	10.4425148222
359	6	24.6972443678	7.8597740411	13.5605151807
360	4	23.7019878382	9.3322485514	11.9762738789
361	4	26.3085808704	11.0567382050	11.9557030603
362	4	18.7310531528	2.7227423913	12.0297947086
363	5	22.3194884561	2.9554712607	10.5226362492
364	6	22.2997246577	2.9948889820	13.6381936958
365	4	21.3080095424	4.4701500551	12.0484504092
366	4	23.8909280368	6.2208420581	12.0328804052
