natom :
42

Moire lattice vectors (in Angstrom)
a1 :
8.2441601841 0.0000000000 0.0000000000
a3 :
0.0000000000 0.0000000000 100.0000000000
a2 :
4.1220792877 7.1396526167 0.0000000000

type    Mass
1	95.9400000000
2	32.0660000000
3	32.0660000000
4	95.9400000000
5	32.0660000000
6	32.0660000000

Atomic positions (in Angstrom)
id    type    x    y    z
1	2	6.4750202304	0.3427884051	4.0982965233
2	3	6.4801295862	0.3526677493	7.2120365837
3	2	1.1814352148	1.3607271107	4.0982965128
4	3	1.1874362918	1.3513626111	7.2120365406
5	2	4.1220811322	2.3798841974	4.0993316539
6	3	4.1220811359	2.3798841872	7.2221074275
7	2	10.0081245413	4.4213634732	4.1010257264
8	3	10.0080791251	4.4229012753	7.2222879510
9	1	9.4215695889	6.1225389886	5.6607121350
10	2	4.7097879255	5.4361370721	4.0982965195
11	3	4.6986774856	5.4356222597	7.2120365714
12	1	4.1220805771	7.1396525459	5.6534514767
13	2	7.6552462468	6.4566081975	4.1010257240
14	3	7.6539371552	6.4557999350	7.2222879365
15	1	2.9494562730	1.0167428958	5.6584180000
16	1	5.8889085233	2.0459316253	5.6584180084
17	1	8.8356506888	3.0587170167	5.6607121166
18	1	3.5278785957	4.0769778536	5.6584180119
19	2	7.0691120846	3.4013335319	4.1010257211
20	3	7.0704665958	3.4006039703	7.2222879333
21	1	6.4752625703	5.0980489923	5.6607121214
22	5	8.2441619797	4.7597674735	10.4569405663
23	6	8.2441619933	4.7597674720	13.5797163399
24	5	10.6022100290	6.7869839196	10.4670114109
25	6	10.5971006484	6.7968632509	13.5807514711
26	5	8.8207590466	1.7040294212	10.4670114537
27	6	8.8318694814	1.7035145914	13.5807514819
28	4	7.6499598921	3.0626737094	12.0206299947
29	5	2.9483874766	3.7390477089	10.4567600439
30	6	2.9470329912	3.7383181432	13.5780222670
31	4	10.0109893684	5.0937199452	12.0206299786
32	5	5.3095169357	5.7882890404	10.4670114211
33	6	5.3035158508	5.7789245406	13.5807514726
34	4	4.1220817012	7.1396516311	12.0255965170
35	5	3.5318587628	0.6838517262	10.4567600612
36	6	3.5331678422	0.6830434605	13.5780222728
37	4	2.3531839333	2.0416025795	12.0183358777
38	5	5.8860002399	2.7167503617	10.4567600554
39	6	5.8860456632	2.7182881931	13.5780222700
40	4	4.7135715719	4.0809345452	12.0183358621
41	4	7.0715368896	6.1229086654	12.0206299878
42	4	5.2994911811	1.0171125606	12.0183358686
