natom :
148

Moire lattice vectors (in Angstrom)
a1 :
14.9635964658 0.0000000000 0.0000000000
a3 :
0.0000000000 0.0000000000 100.0000000000
a2 :
7.4817974716 12.9588551108 0.0000000000

type    Mass
1	12.0110000000
2	12.0110000000

Atomic positions (in Angstrom)
id    type    x    y    z
1	1	13.5482924567	0.1181662973	99.8805177806
2	1	0.8099869714	1.1666058780	99.8805180852
3	1	18.6014755589	9.5753795768	99.9251496852
4	1	20.8255829068	10.6254443018	99.8947372727
5	1	20.2202001379	11.9103243592	99.8903052782
6	1	8.0871143513	11.6740825547	99.8805178812
7	1	7.4817974314	12.9588549435	99.8752924983
8	1	10.3124958505	12.7227627166	99.8947377961
9	1	2.2252581787	1.0486839316	99.8901915926
10	1	5.0556461395	0.8142243711	99.9255073043
11	1	4.4498639164	2.0989709537	99.9226186503
12	1	7.2802636671	1.8672462512	99.9446514173
13	1	16.1786020657	6.0706869453	99.9366413543
14	1	18.4004089353	7.1221396909	99.9406159891
15	1	17.7941534183	8.4071142416	99.9402626179
16	1	5.6591136027	8.1734245367	99.9255067647
17	1	20.0168019219	9.4583002981	99.9139643368
18	1	7.8832475337	9.2229573175	99.9072079749
19	1	7.2773554568	10.5073826307	99.8901911328
20	1	10.1085111344	10.2718487357	99.9067644758
21	1	9.5024485170	11.5560458073	99.8903056471
22	1	12.3339323419	11.3216615340	99.9251501674
23	1	11.7276626897	12.6059097246	99.9139649207
24	1	14.5590336485	12.3741525864	99.9406160924
25	1	6.4708426755	0.6995657120	99.9380614602
26	1	9.3022913447	0.4687784387	99.9316737003
27	1	8.6957015301	1.7529048020	99.9389582570
28	1	11.5274891927	1.5202828965	99.9072079787
29	1	15.9772549986	3.6183037509	99.9067647000
30	1	15.3710305880	4.9027719420	99.9236059885
31	1	3.2366262522	4.6684447852	99.9316741297
32	1	17.5940789727	5.9534545362	99.9387126239
33	1	5.4587485908	5.7203382098	99.9446513531
34	1	4.8522181185	7.0051576530	99.9380611944
35	1	7.6818973713	6.7717018366	99.9388039417
36	1	7.0746278714	8.0556739340	99.9226181120
37	1	9.9064761317	7.8216315813	99.9316738052
38	1	9.2988443402	9.1049382481	99.9137756927
39	1	12.1316636547	8.8712853326	99.9366412663
40	1	11.5240053968	10.1546202994	99.9236058911
41	1	14.3564367801	9.9227301024	99.9454514217
42	1	13.7493408624	11.2066326057	99.9402628860
43	1	16.5805219379	10.9757376350	99.9366409972
44	1	15.9743096529	12.2601927796	99.9387123558
45	1	18.8050215611	12.0275573810	99.9067641179
46	1	10.7174833988	0.3533495556	99.9137754990
47	1	12.9427801679	1.4027880608	99.8901912208
48	1	15.1681390854	2.4513395683	99.8903057366
49	1	3.0346570314	2.2156145471	99.9072085128
50	1	2.4290660444	3.5005668496	99.9137760823
51	1	5.2581815611	3.2668678486	99.9388043348
52	1	4.6520071939	4.5517037023	99.9389585263
53	1	7.4817979073	4.3196182817	99.9503247783
54	1	6.8742946544	5.6036083285	99.9451176450
55	1	9.7063814621	5.3712703741	99.9446512651
56	1	9.0976850246	6.6542461981	99.9389582501
57	1	11.9313450722	6.4214176472	99.9406160612
58	1	11.3223990681	7.7040624969	99.9387125217
59	1	14.1556375680	7.4716747377	99.9454514712
60	1	13.5474684168	8.7550777299	99.9471598096
61	1	16.3787132986	8.5233050869	99.9454513222
62	1	15.7719809261	9.8077184710	99.9471596386
63	1	17.9957517275	10.8603175388	99.9236054495
64	1	6.6735815682	3.1515100001	99.9451178076
65	1	9.5053147942	2.9202851376	99.9388039830
66	1	8.8975175171	4.2037363816	99.9451176351
67	1	11.7306339984	3.9712058805	99.9255069748
68	1	11.1223329596	5.2541313325	99.9380613005
69	1	13.9553797739	5.0206687827	99.9251501170
70	1	13.3472934138	6.3039629689	99.9402628930
71	1	15.5713383515	7.3549136260	99.9471598009
72	1	10.9209019851	2.8042097792	99.9226182091
73	1	13.7527089471	2.5695028361	99.8947376114
74	1	13.1463231076	3.8534997442	99.9139647262
75	2	21.0300872354	12.8406917029	3.4194822192
76	2	15.5689104909	1.2847754406	3.4194819145
77	2	17.1881769197	7.5875876176	3.3553486965
78	2	19.2124292687	8.9876521074	3.3744932897
79	2	18.4026971248	10.1546481386	3.3773819885
80	2	6.2709075627	10.3893551597	3.4052627284
81	2	20.4245751219	11.5560698646	3.4098089559
82	2	8.2917818786	11.7922521223	3.4194821170
83	2	14.9635937362	0.0000029887	3.4247075009
84	2	2.8306956512	0.2360952805	3.4052622053
85	2	2.0206481968	1.4028121216	3.4096941643
86	2	4.8521319933	1.6371964554	3.3748497234
87	2	15.3650434059	3.7359006787	3.3927915702
88	2	17.3882718696	5.1372263998	3.3683258821
89	2	16.5794806502	6.3046117238	3.3610415141
90	2	4.4495441914	6.5374403319	3.3593840021
91	2	18.6041284187	7.7047265772	3.3619388271
92	2	6.4735787104	7.9381892096	3.3748502671
93	2	5.6645219103	9.1053581739	3.3860356577
94	2	8.4954537517	9.3405542539	3.3932357408
95	2	7.6863377015	10.5075183615	3.4096946310
96	2	10.5164520763	10.7432434606	3.3927917934
97	2	9.7070530873	11.9101740032	3.4098085918
98	2	12.5374410188	12.1446336331	3.3744928152
99	2	4.2458624961	0.3529482091	3.3860350669
100	2	7.0772334225	0.5847054132	3.3593838925
101	2	6.2675405217	1.7522253274	3.3597370178
102	2	9.0987215532	1.9831203707	3.3633588729
103	2	14.7591514860	2.4514753028	3.4098085037
104	2	2.6267106596	2.6870092520	3.3932352213
105	2	16.7806402212	3.8539196783	3.3862239153
106	2	4.6498630440	4.0875726457	3.3633585699
107	2	3.8405983477	5.2547954172	3.3612873344
108	2	6.6738368101	5.4871832518	3.3545486408
109	2	5.8654925351	6.6548949520	3.3597373370
110	2	8.6968011398	6.8881710672	3.3633589374
111	2	7.8892295268	8.0560859915	3.3763944513
112	2	10.7184216202	8.2904132391	3.3683261586
113	2	9.9108612644	9.4582910929	3.3862243132
114	2	12.7399767539	9.6919901760	3.3611958577
115	2	11.9316589609	10.8598869890	3.3773815721
116	2	14.7620586840	11.0916117598	3.3553486853
117	2	13.9526375549	12.2592922260	3.3619385893
118	2	16.7840861821	12.4900795657	3.3683263220
119	2	8.4925094318	0.6986651604	3.3612875704
120	2	11.3232212816	0.9313006237	3.3932357420
121	2	10.5139513458	2.0985404078	3.3763943321
122	2	4.0422049303	2.8042376245	3.3763938854
123	2	6.8746362878	3.0361278911	3.3545484993
124	2	6.0656678152	4.2037801983	3.3528401406
125	2	8.8969126544	4.4355529235	3.3545486429
126	2	8.0895375972	5.6039443186	3.3528403471
127	2	10.9186081333	5.8367183357	3.3593839607
128	2	10.1122780500	7.0054034235	3.3612875918
129	2	12.9405440919	7.2385198176	3.3553485806
130	2	12.1338025641	8.4071542555	3.3610416363
131	2	14.9635932337	8.6392397329	3.3496752210
132	2	14.1553767598	9.8073479442	3.3548822912
133	2	16.9871099366	10.0385728614	3.3611961407
134	2	16.1774965440	11.2059531295	3.3610418141
135	2	19.0092841479	11.4385751009	3.3927921678
136	2	18.1992782358	12.6055083774	3.3862244952
137	2	12.7383998626	1.0485335756	3.4096945405
138	2	8.2901804389	3.1511394774	3.3528402613
139	2	11.1196750156	3.3834784377	3.3748500377
140	2	10.3123527803	4.5517437184	3.3597372463
141	2	13.1409093701	4.7854334764	3.3744928491
142	2	12.3340137847	5.9537003087	3.3619386265
143	2	15.1636929938	6.1871561668	3.3611957400
144	2	14.3560901593	7.3552496157	3.3548822206
145	2	16.3793128448	8.7551215406	3.3548823986
146	2	13.3437824668	2.3334137007	3.4052623839
147	2	12.5350013839	3.5005576502	3.3860352894
148	2	14.5564236444	4.9031840064	3.3773814659
