Superlattice vectors (celldm1_l units):
-0.50000000000 16.45448260000 0.00000000000
-14.50000000000 7.79422860000 0.00000000000
Layer 1 points (Angstrom):
S -45.65500450000 22.72321467114 7.54817153884
S -45.65500450000 22.72321467114 4.41075018644
S -47.22931500000 25.45000043212 7.54817153884
S -47.22931500000 25.45000043212 4.41075018644
S -40.93207300000 19.99642891017 7.54817153884
S -40.93207300000 19.99642891017 4.41075018644
S -42.50638350000 22.72321467114 7.54817153884
S -42.50638350000 22.72321467114 4.41075018644
Mo -44.08069400000 21.81428608779 5.97946086264
S -44.08069400000 25.45000043212 7.54817153884
S -44.08069400000 25.45000043212 4.41075018644
Mo -45.65500450000 24.54107184876 5.97946086264
S -45.65500450000 28.17678619309 7.54817153884
S -45.65500450000 28.17678619309 4.41075018644
Mo -47.22931500000 27.26785760973 5.97946086264
S -47.22931500000 30.90357195406 7.54817153884
S -47.22931500000 30.90357195406 4.41075018644
S -36.20914150000 17.26964314920 7.54817153884
S -36.20914150000 17.26964314920 4.41075018644
S -37.78345200000 19.99642891017 7.54817153884
S -37.78345200000 19.99642891017 4.41075018644
Mo -39.35776250000 19.08750032681 5.97946086264
S -39.35776250000 22.72321467114 7.54817153884
S -39.35776250000 22.72321467114 4.41075018644
Mo -40.93207300000 21.81428608779 5.97946086264
S -40.93207300000 25.45000043212 7.54817153884
S -40.93207300000 25.45000043212 4.41075018644
Mo -42.50638350000 24.54107184876 5.97946086264
S -42.50638350000 28.17678619309 7.54817153884
S -42.50638350000 28.17678619309 4.41075018644
Mo -44.08069400000 27.26785760973 5.97946086264
S -44.08069400000 30.90357195406 7.54817153884
S -44.08069400000 30.90357195406 4.41075018644
Mo -45.65500450000 29.99464337071 5.97946086264
S -45.65500450000 33.63035771504 7.54817153884
S -45.65500450000 33.63035771504 4.41075018644
Mo -47.22931500000 32.72142913168 5.97946086264
S -47.22931500000 36.35714347601 7.54817153884
S -47.22931500000 36.35714347601 4.41075018644
S -48.80362550000 39.08392923698 7.54817153884
S -48.80362550000 39.08392923698 4.41075018644
S -31.48621000000 14.54285738822 7.54817153884
S -31.48621000000 14.54285738822 4.41075018644
S -33.06052050000 17.26964314920 7.54817153884
S -33.06052050000 17.26964314920 4.41075018644
Mo -34.63483100000 16.36071456584 5.97946086264
S -34.63483100000 19.99642891017 7.54817153884
S -34.63483100000 19.99642891017 4.41075018644
Mo -36.20914150000 19.08750032681 5.97946086264
S -36.20914150000 22.72321467114 7.54817153884
S -36.20914150000 22.72321467114 4.41075018644
Mo -37.78345200000 21.81428608779 5.97946086264
S -37.78345200000 25.45000043212 7.54817153884
S -37.78345200000 25.45000043212 4.41075018644
Mo -39.35776250000 24.54107184876 5.97946086264
S -39.35776250000 28.17678619309 7.54817153884
S -39.35776250000 28.17678619309 4.41075018644
Mo -40.93207300000 27.26785760973 5.97946086264
S -40.93207300000 30.90357195406 7.54817153884
S -40.93207300000 30.90357195406 4.41075018644
Mo -42.50638350000 29.99464337071 5.97946086264
S -42.50638350000 33.63035771504 7.54817153884
S -42.50638350000 33.63035771504 4.41075018644
Mo -44.08069400000 32.72142913168 5.97946086264
S -44.08069400000 36.35714347601 7.54817153884
S -44.08069400000 36.35714347601 4.41075018644
Mo -45.65500450000 35.44821489265 5.97946086264
S -45.65500450000 39.08392923698 7.54817153884
S -45.65500450000 39.08392923698 4.41075018644
Mo -47.22931500000 38.17500065363 5.97946086264
S -47.22931500000 41.81071499796 7.54817153884
S -47.22931500000 41.81071499796 4.41075018644
Mo -48.80362550000 40.90178641460 5.97946086264
S -48.80362550000 44.53750075893 7.54817153884
S -48.80362550000 44.53750075893 4.41075018644
S -26.76327850000 11.81607162725 7.54817153884
S -26.76327850000 11.81607162725 4.41075018644
S -28.33758900000 14.54285738822 7.54817153884
S -28.33758900000 14.54285738822 4.41075018644
Mo -29.91189950000 13.63392880487 5.97946086264
S -29.91189950000 17.26964314920 7.54817153884
S -29.91189950000 17.26964314920 4.41075018644
Mo -31.48621000000 16.36071456584 5.97946086264
S -31.48621000000 19.99642891017 7.54817153884
S -31.48621000000 19.99642891017 4.41075018644
Mo -33.06052050000 19.08750032681 5.97946086264
S -33.06052050000 22.72321467114 7.54817153884
S -33.06052050000 22.72321467114 4.41075018644
Mo -34.63483100000 21.81428608779 5.97946086264
S -34.63483100000 25.45000043212 7.54817153884
S -34.63483100000 25.45000043212 4.41075018644
Mo -36.20914150000 24.54107184876 5.97946086264
S -36.20914150000 28.17678619309 7.54817153884
S -36.20914150000 28.17678619309 4.41075018644
Mo -37.78345200000 27.26785760973 5.97946086264
S -37.78345200000 30.90357195406 7.54817153884
S -37.78345200000 30.90357195406 4.41075018644
Mo -39.35776250000 29.99464337071 5.97946086264
S -39.35776250000 33.63035771504 7.54817153884
S -39.35776250000 33.63035771504 4.41075018644
Mo -40.93207300000 32.72142913168 5.97946086264
S -40.93207300000 36.35714347601 7.54817153884
S -40.93207300000 36.35714347601 4.41075018644
Mo -42.50638350000 35.44821489265 5.97946086264
S -42.50638350000 39.08392923698 7.54817153884
S -42.50638350000 39.08392923698 4.41075018644
Mo -44.08069400000 38.17500065363 5.97946086264
S -44.08069400000 41.81071499796 7.54817153884
S -44.08069400000 41.81071499796 4.41075018644
Mo -45.65500450000 40.90178641460 5.97946086264
S -45.65500450000 44.53750075893 7.54817153884
S -45.65500450000 44.53750075893 4.41075018644
Mo -47.22931500000 43.62857217557 5.97946086264
S -47.22931500000 47.26428651990 7.54817153884
S -47.22931500000 47.26428651990 4.41075018644
Mo -48.80362550000 46.35535793655 5.97946086264
S -48.80362550000 49.99107228088 7.54817153884
S -48.80362550000 49.99107228088 4.41075018644
S -22.04034700000 9.08928586628 7.54817153884
S -22.04034700000 9.08928586628 4.41075018644
S -23.61465750000 11.81607162725 7.54817153884
S -23.61465750000 11.81607162725 4.41075018644
Mo -25.18896800000 10.90714304389 5.97946086264
S -25.18896800000 14.54285738822 7.54817153884
S -25.18896800000 14.54285738822 4.41075018644
Mo -26.76327850000 13.63392880487 5.97946086264
S -26.76327850000 17.26964314920 7.54817153884
S -26.76327850000 17.26964314920 4.41075018644
Mo -28.33758900000 16.36071456584 5.97946086264
S -28.33758900000 19.99642891017 7.54817153884
S -28.33758900000 19.99642891017 4.41075018644
Mo -29.91189950000 19.08750032681 5.97946086264
S -29.91189950000 22.72321467114 7.54817153884
S -29.91189950000 22.72321467114 4.41075018644
Mo -31.48621000000 21.81428608779 5.97946086264
S -31.48621000000 25.45000043212 7.54817153884
S -31.48621000000 25.45000043212 4.41075018644
Mo -33.06052050000 24.54107184876 5.97946086264
S -33.06052050000 28.17678619309 7.54817153884
S -33.06052050000 28.17678619309 4.41075018644
Mo -34.63483100000 27.26785760973 5.97946086264
S -34.63483100000 30.90357195406 7.54817153884
S -34.63483100000 30.90357195406 4.41075018644
Mo -36.20914150000 29.99464337071 5.97946086264
S -36.20914150000 33.63035771504 7.54817153884
S -36.20914150000 33.63035771504 4.41075018644
Mo -37.78345200000 32.72142913168 5.97946086264
S -37.78345200000 36.35714347601 7.54817153884
S -37.78345200000 36.35714347601 4.41075018644
Mo -39.35776250000 35.44821489265 5.97946086264
S -39.35776250000 39.08392923698 7.54817153884
S -39.35776250000 39.08392923698 4.41075018644
Mo -40.93207300000 38.17500065363 5.97946086264
S -40.93207300000 41.81071499796 7.54817153884
S -40.93207300000 41.81071499796 4.41075018644
Mo -42.50638350000 40.90178641460 5.97946086264
S -42.50638350000 44.53750075893 7.54817153884
S -42.50638350000 44.53750075893 4.41075018644
Mo -44.08069400000 43.62857217557 5.97946086264
S -44.08069400000 47.26428651990 7.54817153884
S -44.08069400000 47.26428651990 4.41075018644
Mo -45.65500450000 46.35535793655 5.97946086264
S -45.65500450000 49.99107228088 7.54817153884
S -45.65500450000 49.99107228088 4.41075018644
Mo -47.22931500000 49.08214369752 5.97946086264
S -47.22931500000 52.71785804185 7.54817153884
S -47.22931500000 52.71785804185 4.41075018644
Mo -48.80362550000 51.80892945849 5.97946086264
S -48.80362550000 55.44464380282 7.54817153884
S -48.80362550000 55.44464380282 4.41075018644
S -17.31741550000 6.36250010530 7.54817153884
S -17.31741550000 6.36250010530 4.41075018644
S -18.89172600000 9.08928586628 7.54817153884
S -18.89172600000 9.08928586628 4.41075018644
Mo -20.46603650000 8.18035728292 5.97946086264
S -20.46603650000 11.81607162725 7.54817153884
S -20.46603650000 11.81607162725 4.41075018644
Mo -22.04034700000 10.90714304389 5.97946086264
S -22.04034700000 14.54285738822 7.54817153884
S -22.04034700000 14.54285738822 4.41075018644
Mo -23.61465750000 13.63392880487 5.97946086264
S -23.61465750000 17.26964314920 7.54817153884
S -23.61465750000 17.26964314920 4.41075018644
Mo -25.18896800000 16.36071456584 5.97946086264
S -25.18896800000 19.99642891017 7.54817153884
S -25.18896800000 19.99642891017 4.41075018644
Mo -26.76327850000 19.08750032681 5.97946086264
S -26.76327850000 22.72321467114 7.54817153884
S -26.76327850000 22.72321467114 4.41075018644
Mo -28.33758900000 21.81428608779 5.97946086264
S -28.33758900000 25.45000043212 7.54817153884
S -28.33758900000 25.45000043212 4.41075018644
Mo -29.91189950000 24.54107184876 5.97946086264
S -29.91189950000 28.17678619309 7.54817153884
S -29.91189950000 28.17678619309 4.41075018644
Mo -31.48621000000 27.26785760973 5.97946086264
S -31.48621000000 30.90357195406 7.54817153884
S -31.48621000000 30.90357195406 4.41075018644
Mo -33.06052050000 29.99464337071 5.97946086264
S -33.06052050000 33.63035771504 7.54817153884
S -33.06052050000 33.63035771504 4.41075018644
Mo -34.63483100000 32.72142913168 5.97946086264
S -34.63483100000 36.35714347601 7.54817153884
S -34.63483100000 36.35714347601 4.41075018644
Mo -36.20914150000 35.44821489265 5.97946086264
S -36.20914150000 39.08392923698 7.54817153884
S -36.20914150000 39.08392923698 4.41075018644
Mo -37.78345200000 38.17500065363 5.97946086264
S -37.78345200000 41.81071499796 7.54817153884
S -37.78345200000 41.81071499796 4.41075018644
Mo -39.35776250000 40.90178641460 5.97946086264
S -39.35776250000 44.53750075893 7.54817153884
S -39.35776250000 44.53750075893 4.41075018644
Mo -40.93207300000 43.62857217557 5.97946086264
S -40.93207300000 47.26428651990 7.54817153884
S -40.93207300000 47.26428651990 4.41075018644
Mo -42.50638350000 46.35535793655 5.97946086264
S -42.50638350000 49.99107228088 7.54817153884
S -42.50638350000 49.99107228088 4.41075018644
Mo -44.08069400000 49.08214369752 5.97946086264
S -44.08069400000 52.71785804185 7.54817153884
S -44.08069400000 52.71785804185 4.41075018644
Mo -45.65500450000 51.80892945849 5.97946086264
S -45.65500450000 55.44464380282 7.54817153884
S -45.65500450000 55.44464380282 4.41075018644
Mo -47.22931500000 54.53571521947 5.97946086264
S -47.22931500000 58.17142956380 7.54817153884
S -47.22931500000 58.17142956380 4.41075018644
Mo -48.80362550000 57.26250098044 5.97946086264
S -48.80362550000 60.89821532477 7.54817153884
S -48.80362550000 60.89821532477 4.41075018644
S -14.16879450000 6.36250010530 7.54817153884
S -14.16879450000 6.36250010530 4.41075018644
Mo -15.74310500000 5.45357152195 5.97946086264
S -15.74310500000 9.08928586628 7.54817153884
S -15.74310500000 9.08928586628 4.41075018644
Mo -17.31741550000 8.18035728292 5.97946086264
S -17.31741550000 11.81607162725 7.54817153884
S -17.31741550000 11.81607162725 4.41075018644
Mo -18.89172600000 10.90714304389 5.97946086264
S -18.89172600000 14.54285738822 7.54817153884
S -18.89172600000 14.54285738822 4.41075018644
Mo -20.46603650000 13.63392880487 5.97946086264
S -20.46603650000 17.26964314920 7.54817153884
S -20.46603650000 17.26964314920 4.41075018644
Mo -22.04034700000 16.36071456584 5.97946086264
S -22.04034700000 19.99642891017 7.54817153884
S -22.04034700000 19.99642891017 4.41075018644
Mo -23.61465750000 19.08750032681 5.97946086264
S -23.61465750000 22.72321467114 7.54817153884
S -23.61465750000 22.72321467114 4.41075018644
Mo -25.18896800000 21.81428608779 5.97946086264
S -25.18896800000 25.45000043212 7.54817153884
S -25.18896800000 25.45000043212 4.41075018644
Mo -26.76327850000 24.54107184876 5.97946086264
S -26.76327850000 28.17678619309 7.54817153884
S -26.76327850000 28.17678619309 4.41075018644
Mo -28.33758900000 27.26785760973 5.97946086264
S -28.33758900000 30.90357195406 7.54817153884
S -28.33758900000 30.90357195406 4.41075018644
Mo -29.91189950000 29.99464337071 5.97946086264
S -29.91189950000 33.63035771504 7.54817153884
S -29.91189950000 33.63035771504 4.41075018644
Mo -31.48621000000 32.72142913168 5.97946086264
S -31.48621000000 36.35714347601 7.54817153884
S -31.48621000000 36.35714347601 4.41075018644
Mo -33.06052050000 35.44821489265 5.97946086264
S -33.06052050000 39.08392923698 7.54817153884
S -33.06052050000 39.08392923698 4.41075018644
Mo -34.63483100000 38.17500065363 5.97946086264
S -34.63483100000 41.81071499796 7.54817153884
S -34.63483100000 41.81071499796 4.41075018644
Mo -36.20914150000 40.90178641460 5.97946086264
S -36.20914150000 44.53750075893 7.54817153884
S -36.20914150000 44.53750075893 4.41075018644
Mo -37.78345200000 43.62857217557 5.97946086264
S -37.78345200000 47.26428651990 7.54817153884
S -37.78345200000 47.26428651990 4.41075018644
Mo -39.35776250000 46.35535793655 5.97946086264
S -39.35776250000 49.99107228088 7.54817153884
S -39.35776250000 49.99107228088 4.41075018644
Mo -40.93207300000 49.08214369752 5.97946086264
S -40.93207300000 52.71785804185 7.54817153884
S -40.93207300000 52.71785804185 4.41075018644
Mo -42.50638350000 51.80892945849 5.97946086264
S -42.50638350000 55.44464380282 7.54817153884
S -42.50638350000 55.44464380282 4.41075018644
Mo -44.08069400000 54.53571521947 5.97946086264
S -44.08069400000 58.17142956380 7.54817153884
S -44.08069400000 58.17142956380 4.41075018644
Mo -45.65500450000 57.26250098044 5.97946086264
S -45.65500450000 60.89821532477 7.54817153884
S -45.65500450000 60.89821532477 4.41075018644
Mo -47.22931500000 59.98928674141 5.97946086264
S -47.22931500000 63.62500108574 7.54817153884
S -47.22931500000 63.62500108574 4.41075018644
Mo -48.80362550000 62.71607250239 5.97946086264
S -48.80362550000 66.35178684672 7.54817153884
S -48.80362550000 66.35178684672 4.41075018644
S -9.44586300000 3.63571434433 7.54817153884
S -9.44586300000 3.63571434433 4.41075018644
S -11.02017350000 6.36250010530 7.54817153884
S -11.02017350000 6.36250010530 4.41075018644
Mo -12.59448400000 5.45357152195 5.97946086264
S -12.59448400000 9.08928586628 7.54817153884
S -12.59448400000 9.08928586628 4.41075018644
Mo -14.16879450000 8.18035728292 5.97946086264
S -14.16879450000 11.81607162725 7.54817153884
S -14.16879450000 11.81607162725 4.41075018644
Mo -15.74310500000 10.90714304389 5.97946086264
S -15.74310500000 14.54285738822 7.54817153884
S -15.74310500000 14.54285738822 4.41075018644
Mo -17.31741550000 13.63392880487 5.97946086264
S -17.31741550000 17.26964314920 7.54817153884
S -17.31741550000 17.26964314920 4.41075018644
Mo -18.89172600000 16.36071456584 5.97946086264
S -18.89172600000 19.99642891017 7.54817153884
S -18.89172600000 19.99642891017 4.41075018644
Mo -20.46603650000 19.08750032681 5.97946086264
S -20.46603650000 22.72321467114 7.54817153884
S -20.46603650000 22.72321467114 4.41075018644
Mo -22.04034700000 21.81428608779 5.97946086264
S -22.04034700000 25.45000043212 7.54817153884
S -22.04034700000 25.45000043212 4.41075018644
Mo -23.61465750000 24.54107184876 5.97946086264
S -23.61465750000 28.17678619309 7.54817153884
S -23.61465750000 28.17678619309 4.41075018644
Mo -25.18896800000 27.26785760973 5.97946086264
S -25.18896800000 30.90357195406 7.54817153884
S -25.18896800000 30.90357195406 4.41075018644
Mo -26.76327850000 29.99464337071 5.97946086264
S -26.76327850000 33.63035771504 7.54817153884
S -26.76327850000 33.63035771504 4.41075018644
Mo -28.33758900000 32.72142913168 5.97946086264
S -28.33758900000 36.35714347601 7.54817153884
S -28.33758900000 36.35714347601 4.41075018644
Mo -29.91189950000 35.44821489265 5.97946086264
S -29.91189950000 39.08392923698 7.54817153884
S -29.91189950000 39.08392923698 4.41075018644
Mo -31.48621000000 38.17500065363 5.97946086264
S -31.48621000000 41.81071499796 7.54817153884
S -31.48621000000 41.81071499796 4.41075018644
Mo -33.06052050000 40.90178641460 5.97946086264
S -33.06052050000 44.53750075893 7.54817153884
S -33.06052050000 44.53750075893 4.41075018644
Mo -34.63483100000 43.62857217557 5.97946086264
S -34.63483100000 47.26428651990 7.54817153884
S -34.63483100000 47.26428651990 4.41075018644
Mo -36.20914150000 46.35535793655 5.97946086264
S -36.20914150000 49.99107228088 7.54817153884
S -36.20914150000 49.99107228088 4.41075018644
Mo -37.78345200000 49.08214369752 5.97946086264
S -37.78345200000 52.71785804185 7.54817153884
S -37.78345200000 52.71785804185 4.41075018644
Mo -39.35776250000 51.80892945849 5.97946086264
S -39.35776250000 55.44464380282 7.54817153884
S -39.35776250000 55.44464380282 4.41075018644
Mo -40.93207300000 54.53571521947 5.97946086264
S -40.93207300000 58.17142956380 7.54817153884
S -40.93207300000 58.17142956380 4.41075018644
Mo -42.50638350000 57.26250098044 5.97946086264
S -42.50638350000 60.89821532477 7.54817153884
S -42.50638350000 60.89821532477 4.41075018644
Mo -44.08069400000 59.98928674141 5.97946086264
S -44.08069400000 63.62500108574 7.54817153884
S -44.08069400000 63.62500108574 4.41075018644
Mo -45.65500450000 62.71607250239 5.97946086264
S -45.65500450000 66.35178684672 7.54817153884
S -45.65500450000 66.35178684672 4.41075018644
Mo -47.22931500000 65.44285826336 5.97946086264
S -47.22931500000 69.07857260769 7.54817153884
S -47.22931500000 69.07857260769 4.41075018644
Mo -48.80362550000 68.16964402433 5.97946086264
S -48.80362550000 71.80535836866 7.54817153884
S -48.80362550000 71.80535836866 4.41075018644
S -4.72293150000 0.90892858336 7.54817153884
S -4.72293150000 0.90892858336 4.41075018644
S -6.29724200000 3.63571434433 7.54817153884
S -6.29724200000 3.63571434433 4.41075018644
Mo -7.87155250000 2.72678576097 5.97946086264
S -7.87155250000 6.36250010530 7.54817153884
S -7.87155250000 6.36250010530 4.41075018644
Mo -9.44586300000 5.45357152195 5.97946086264
S -9.44586300000 9.08928586628 7.54817153884
S -9.44586300000 9.08928586628 4.41075018644
Mo -11.02017350000 8.18035728292 5.97946086264
S -11.02017350000 11.81607162725 7.54817153884
S -11.02017350000 11.81607162725 4.41075018644
Mo -12.59448400000 10.90714304389 5.97946086264
S -12.59448400000 14.54285738822 7.54817153884
S -12.59448400000 14.54285738822 4.41075018644
Mo -14.16879450000 13.63392880487 5.97946086264
S -14.16879450000 17.26964314920 7.54817153884
S -14.16879450000 17.26964314920 4.41075018644
Mo -15.74310500000 16.36071456584 5.97946086264
S -15.74310500000 19.99642891017 7.54817153884
S -15.74310500000 19.99642891017 4.41075018644
Mo -17.31741550000 19.08750032681 5.97946086264
S -17.31741550000 22.72321467114 7.54817153884
S -17.31741550000 22.72321467114 4.41075018644
Mo -18.89172600000 21.81428608779 5.97946086264
S -18.89172600000 25.45000043212 7.54817153884
S -18.89172600000 25.45000043212 4.41075018644
Mo -20.46603650000 24.54107184876 5.97946086264
S -20.46603650000 28.17678619309 7.54817153884
S -20.46603650000 28.17678619309 4.41075018644
Mo -22.04034700000 27.26785760973 5.97946086264
S -22.04034700000 30.90357195406 7.54817153884
S -22.04034700000 30.90357195406 4.41075018644
Mo -23.61465750000 29.99464337071 5.97946086264
S -23.61465750000 33.63035771504 7.54817153884
S -23.61465750000 33.63035771504 4.41075018644
Mo -25.18896800000 32.72142913168 5.97946086264
S -25.18896800000 36.35714347601 7.54817153884
S -25.18896800000 36.35714347601 4.41075018644
Mo -26.76327850000 35.44821489265 5.97946086264
S -26.76327850000 39.08392923698 7.54817153884
S -26.76327850000 39.08392923698 4.41075018644
Mo -28.33758900000 38.17500065363 5.97946086264
S -28.33758900000 41.81071499796 7.54817153884
S -28.33758900000 41.81071499796 4.41075018644
Mo -29.91189950000 40.90178641460 5.97946086264
S -29.91189950000 44.53750075893 7.54817153884
S -29.91189950000 44.53750075893 4.41075018644
Mo -31.48621000000 43.62857217557 5.97946086264
S -31.48621000000 47.26428651990 7.54817153884
S -31.48621000000 47.26428651990 4.41075018644
Mo -33.06052050000 46.35535793655 5.97946086264
S -33.06052050000 49.99107228088 7.54817153884
S -33.06052050000 49.99107228088 4.41075018644
Mo -34.63483100000 49.08214369752 5.97946086264
S -34.63483100000 52.71785804185 7.54817153884
S -34.63483100000 52.71785804185 4.41075018644
Mo -36.20914150000 51.80892945849 5.97946086264
S -36.20914150000 55.44464380282 7.54817153884
S -36.20914150000 55.44464380282 4.41075018644
Mo -37.78345200000 54.53571521947 5.97946086264
S -37.78345200000 58.17142956380 7.54817153884
S -37.78345200000 58.17142956380 4.41075018644
Mo -39.35776250000 57.26250098044 5.97946086264
S -39.35776250000 60.89821532477 7.54817153884
S -39.35776250000 60.89821532477 4.41075018644
Mo -40.93207300000 59.98928674141 5.97946086264
S -40.93207300000 63.62500108574 7.54817153884
S -40.93207300000 63.62500108574 4.41075018644
Mo -42.50638350000 62.71607250239 5.97946086264
S -42.50638350000 66.35178684672 7.54817153884
S -42.50638350000 66.35178684672 4.41075018644
Mo -44.08069400000 65.44285826336 5.97946086264
S -44.08069400000 69.07857260769 7.54817153884
S -44.08069400000 69.07857260769 4.41075018644
Mo -45.65500450000 68.16964402433 5.97946086264
S -45.65500450000 71.80535836866 7.54817153884
S -45.65500450000 71.80535836866 4.41075018644
Mo -47.22931500000 70.89642978531 5.97946086264
Mo -48.80362550000 73.62321554628 5.97946086264
Mo -3.14862100000 0.00000000000 5.97946086264
S -3.14862100000 3.63571434433 7.54817153884
S -3.14862100000 3.63571434433 4.41075018644
Mo -4.72293150000 2.72678576097 5.97946086264
S -4.72293150000 6.36250010530 7.54817153884
S -4.72293150000 6.36250010530 4.41075018644
Mo -6.29724200000 5.45357152195 5.97946086264
S -6.29724200000 9.08928586628 7.54817153884
S -6.29724200000 9.08928586628 4.41075018644
Mo -7.87155250000 8.18035728292 5.97946086264
S -7.87155250000 11.81607162725 7.54817153884
S -7.87155250000 11.81607162725 4.41075018644
Mo -9.44586300000 10.90714304389 5.97946086264
S -9.44586300000 14.54285738822 7.54817153884
S -9.44586300000 14.54285738822 4.41075018644
Mo -11.02017350000 13.63392880487 5.97946086264
S -11.02017350000 17.26964314920 7.54817153884
S -11.02017350000 17.26964314920 4.41075018644
Mo -12.59448400000 16.36071456584 5.97946086264
S -12.59448400000 19.99642891017 7.54817153884
S -12.59448400000 19.99642891017 4.41075018644
Mo -14.16879450000 19.08750032681 5.97946086264
S -14.16879450000 22.72321467114 7.54817153884
S -14.16879450000 22.72321467114 4.41075018644
Mo -15.74310500000 21.81428608779 5.97946086264
S -15.74310500000 25.45000043212 7.54817153884
S -15.74310500000 25.45000043212 4.41075018644
Mo -17.31741550000 24.54107184876 5.97946086264
S -17.31741550000 28.17678619309 7.54817153884
S -17.31741550000 28.17678619309 4.41075018644
Mo -18.89172600000 27.26785760973 5.97946086264
S -18.89172600000 30.90357195406 7.54817153884
S -18.89172600000 30.90357195406 4.41075018644
Mo -20.46603650000 29.99464337071 5.97946086264
S -20.46603650000 33.63035771504 7.54817153884
S -20.46603650000 33.63035771504 4.41075018644
Mo -22.04034700000 32.72142913168 5.97946086264
S -22.04034700000 36.35714347601 7.54817153884
S -22.04034700000 36.35714347601 4.41075018644
Mo -23.61465750000 35.44821489265 5.97946086264
S -23.61465750000 39.08392923698 7.54817153884
S -23.61465750000 39.08392923698 4.41075018644
Mo -25.18896800000 38.17500065363 5.97946086264
S -25.18896800000 41.81071499796 7.54817153884
S -25.18896800000 41.81071499796 4.41075018644
Mo -26.76327850000 40.90178641460 5.97946086264
S -26.76327850000 44.53750075893 7.54817153884
S -26.76327850000 44.53750075893 4.41075018644
Mo -28.33758900000 43.62857217557 5.97946086264
S -28.33758900000 47.26428651990 7.54817153884
S -28.33758900000 47.26428651990 4.41075018644
Mo -29.91189950000 46.35535793655 5.97946086264
S -29.91189950000 49.99107228088 7.54817153884
S -29.91189950000 49.99107228088 4.41075018644
Mo -31.48621000000 49.08214369752 5.97946086264
S -31.48621000000 52.71785804185 7.54817153884
S -31.48621000000 52.71785804185 4.41075018644
Mo -33.06052050000 51.80892945849 5.97946086264
S -33.06052050000 55.44464380282 7.54817153884
S -33.06052050000 55.44464380282 4.41075018644
Mo -34.63483100000 54.53571521947 5.97946086264
S -34.63483100000 58.17142956380 7.54817153884
S -34.63483100000 58.17142956380 4.41075018644
Mo -36.20914150000 57.26250098044 5.97946086264
S -36.20914150000 60.89821532477 7.54817153884
S -36.20914150000 60.89821532477 4.41075018644
Mo -37.78345200000 59.98928674141 5.97946086264
S -37.78345200000 63.62500108574 7.54817153884
S -37.78345200000 63.62500108574 4.41075018644
Mo -39.35776250000 62.71607250239 5.97946086264
S -39.35776250000 66.35178684672 7.54817153884
S -39.35776250000 66.35178684672 4.41075018644
Mo -40.93207300000 65.44285826336 5.97946086264
S -40.93207300000 69.07857260769 7.54817153884
S -40.93207300000 69.07857260769 4.41075018644
Mo -42.50638350000 68.16964402433 5.97946086264
Mo -44.08069400000 70.89642978531 5.97946086264
Mo -3.14862100000 5.45357152195 5.97946086264
S -3.14862100000 9.08928586628 7.54817153884
S -3.14862100000 9.08928586628 4.41075018644
Mo -4.72293150000 8.18035728292 5.97946086264
S -4.72293150000 11.81607162725 7.54817153884
S -4.72293150000 11.81607162725 4.41075018644
Mo -6.29724200000 10.90714304389 5.97946086264
S -6.29724200000 14.54285738822 7.54817153884
S -6.29724200000 14.54285738822 4.41075018644
Mo -7.87155250000 13.63392880487 5.97946086264
S -7.87155250000 17.26964314920 7.54817153884
S -7.87155250000 17.26964314920 4.41075018644
Mo -9.44586300000 16.36071456584 5.97946086264
S -9.44586300000 19.99642891017 7.54817153884
S -9.44586300000 19.99642891017 4.41075018644
Mo -11.02017350000 19.08750032681 5.97946086264
S -11.02017350000 22.72321467114 7.54817153884
S -11.02017350000 22.72321467114 4.41075018644
Mo -12.59448400000 21.81428608779 5.97946086264
S -12.59448400000 25.45000043212 7.54817153884
S -12.59448400000 25.45000043212 4.41075018644
Mo -14.16879450000 24.54107184876 5.97946086264
S -14.16879450000 28.17678619309 7.54817153884
S -14.16879450000 28.17678619309 4.41075018644
Mo -15.74310500000 27.26785760973 5.97946086264
S -15.74310500000 30.90357195406 7.54817153884
S -15.74310500000 30.90357195406 4.41075018644
Mo -17.31741550000 29.99464337071 5.97946086264
S -17.31741550000 33.63035771504 7.54817153884
S -17.31741550000 33.63035771504 4.41075018644
Mo -18.89172600000 32.72142913168 5.97946086264
S -18.89172600000 36.35714347601 7.54817153884
S -18.89172600000 36.35714347601 4.41075018644
Mo -20.46603650000 35.44821489265 5.97946086264
S -20.46603650000 39.08392923698 7.54817153884
S -20.46603650000 39.08392923698 4.41075018644
Mo -22.04034700000 38.17500065363 5.97946086264
S -22.04034700000 41.81071499796 7.54817153884
S -22.04034700000 41.81071499796 4.41075018644
Mo -23.61465750000 40.90178641460 5.97946086264
S -23.61465750000 44.53750075893 7.54817153884
S -23.61465750000 44.53750075893 4.41075018644
Mo -25.18896800000 43.62857217557 5.97946086264
S -25.18896800000 47.26428651990 7.54817153884
S -25.18896800000 47.26428651990 4.41075018644
Mo -26.76327850000 46.35535793655 5.97946086264
S -26.76327850000 49.99107228088 7.54817153884
S -26.76327850000 49.99107228088 4.41075018644
Mo -28.33758900000 49.08214369752 5.97946086264
S -28.33758900000 52.71785804185 7.54817153884
S -28.33758900000 52.71785804185 4.41075018644
Mo -29.91189950000 51.80892945849 5.97946086264
S -29.91189950000 55.44464380282 7.54817153884
S -29.91189950000 55.44464380282 4.41075018644
Mo -31.48621000000 54.53571521947 5.97946086264
S -31.48621000000 58.17142956380 7.54817153884
S -31.48621000000 58.17142956380 4.41075018644
Mo -33.06052050000 57.26250098044 5.97946086264
S -33.06052050000 60.89821532477 7.54817153884
S -33.06052050000 60.89821532477 4.41075018644
Mo -34.63483100000 59.98928674141 5.97946086264
S -34.63483100000 63.62500108574 7.54817153884
S -34.63483100000 63.62500108574 4.41075018644
Mo -36.20914150000 62.71607250239 5.97946086264
S -36.20914150000 66.35178684672 7.54817153884
S -36.20914150000 66.35178684672 4.41075018644
Mo -37.78345200000 65.44285826336 5.97946086264
Mo -39.35776250000 68.16964402433 5.97946086264
Mo -3.14862100000 10.90714304389 5.97946086264
Mo -4.72293150000 13.63392880487 5.97946086264
S -4.72293150000 17.26964314920 7.54817153884
S -4.72293150000 17.26964314920 4.41075018644
Mo -6.29724200000 16.36071456584 5.97946086264
S -6.29724200000 19.99642891017 7.54817153884
S -6.29724200000 19.99642891017 4.41075018644
Mo -7.87155250000 19.08750032681 5.97946086264
S -7.87155250000 22.72321467114 7.54817153884
S -7.87155250000 22.72321467114 4.41075018644
Mo -9.44586300000 21.81428608779 5.97946086264
S -9.44586300000 25.45000043212 7.54817153884
S -9.44586300000 25.45000043212 4.41075018644
Mo -11.02017350000 24.54107184876 5.97946086264
S -11.02017350000 28.17678619309 7.54817153884
S -11.02017350000 28.17678619309 4.41075018644
Mo -12.59448400000 27.26785760973 5.97946086264
S -12.59448400000 30.90357195406 7.54817153884
S -12.59448400000 30.90357195406 4.41075018644
Mo -14.16879450000 29.99464337071 5.97946086264
S -14.16879450000 33.63035771504 7.54817153884
S -14.16879450000 33.63035771504 4.41075018644
Mo -15.74310500000 32.72142913168 5.97946086264
S -15.74310500000 36.35714347601 7.54817153884
S -15.74310500000 36.35714347601 4.41075018644
Mo -17.31741550000 35.44821489265 5.97946086264
S -17.31741550000 39.08392923698 7.54817153884
S -17.31741550000 39.08392923698 4.41075018644
Mo -18.89172600000 38.17500065363 5.97946086264
S -18.89172600000 41.81071499796 7.54817153884
S -18.89172600000 41.81071499796 4.41075018644
Mo -20.46603650000 40.90178641460 5.97946086264
S -20.46603650000 44.53750075893 7.54817153884
S -20.46603650000 44.53750075893 4.41075018644
Mo -22.04034700000 43.62857217557 5.97946086264
S -22.04034700000 47.26428651990 7.54817153884
S -22.04034700000 47.26428651990 4.41075018644
Mo -23.61465750000 46.35535793655 5.97946086264
S -23.61465750000 49.99107228088 7.54817153884
S -23.61465750000 49.99107228088 4.41075018644
Mo -25.18896800000 49.08214369752 5.97946086264
S -25.18896800000 52.71785804185 7.54817153884
S -25.18896800000 52.71785804185 4.41075018644
Mo -26.76327850000 51.80892945849 5.97946086264
S -26.76327850000 55.44464380282 7.54817153884
S -26.76327850000 55.44464380282 4.41075018644
Mo -28.33758900000 54.53571521947 5.97946086264
S -28.33758900000 58.17142956380 7.54817153884
S -28.33758900000 58.17142956380 4.41075018644
Mo -29.91189950000 57.26250098044 5.97946086264
S -29.91189950000 60.89821532477 7.54817153884
S -29.91189950000 60.89821532477 4.41075018644
Mo -31.48621000000 59.98928674141 5.97946086264
S -31.48621000000 63.62500108574 7.54817153884
S -31.48621000000 63.62500108574 4.41075018644
Mo -33.06052050000 62.71607250239 5.97946086264
Mo -34.63483100000 65.44285826336 5.97946086264
Mo -4.72293150000 19.08750032681 5.97946086264
S -4.72293150000 22.72321467114 7.54817153884
S -4.72293150000 22.72321467114 4.41075018644
Mo -6.29724200000 21.81428608779 5.97946086264
S -6.29724200000 25.45000043212 7.54817153884
S -6.29724200000 25.45000043212 4.41075018644
Mo -7.87155250000 24.54107184876 5.97946086264
S -7.87155250000 28.17678619309 7.54817153884
S -7.87155250000 28.17678619309 4.41075018644
Mo -9.44586300000 27.26785760973 5.97946086264
S -9.44586300000 30.90357195406 7.54817153884
S -9.44586300000 30.90357195406 4.41075018644
Mo -11.02017350000 29.99464337071 5.97946086264
S -11.02017350000 33.63035771504 7.54817153884
S -11.02017350000 33.63035771504 4.41075018644
Mo -12.59448400000 32.72142913168 5.97946086264
S -12.59448400000 36.35714347601 7.54817153884
S -12.59448400000 36.35714347601 4.41075018644
Mo -14.16879450000 35.44821489265 5.97946086264
S -14.16879450000 39.08392923698 7.54817153884
S -14.16879450000 39.08392923698 4.41075018644
Mo -15.74310500000 38.17500065363 5.97946086264
S -15.74310500000 41.81071499796 7.54817153884
S -15.74310500000 41.81071499796 4.41075018644
Mo -17.31741550000 40.90178641460 5.97946086264
S -17.31741550000 44.53750075893 7.54817153884
S -17.31741550000 44.53750075893 4.41075018644
Mo -18.89172600000 43.62857217557 5.97946086264
S -18.89172600000 47.26428651990 7.54817153884
S -18.89172600000 47.26428651990 4.41075018644
Mo -20.46603650000 46.35535793655 5.97946086264
S -20.46603650000 49.99107228088 7.54817153884
S -20.46603650000 49.99107228088 4.41075018644
Mo -22.04034700000 49.08214369752 5.97946086264
S -22.04034700000 52.71785804185 7.54817153884
S -22.04034700000 52.71785804185 4.41075018644
Mo -23.61465750000 51.80892945849 5.97946086264
S -23.61465750000 55.44464380282 7.54817153884
S -23.61465750000 55.44464380282 4.41075018644
Mo -25.18896800000 54.53571521947 5.97946086264
S -25.18896800000 58.17142956380 7.54817153884
S -25.18896800000 58.17142956380 4.41075018644
Mo -26.76327850000 57.26250098044 5.97946086264
S -26.76327850000 60.89821532477 7.54817153884
S -26.76327850000 60.89821532477 4.41075018644
Mo -28.33758900000 59.98928674141 5.97946086264
Mo -29.91189950000 62.71607250239 5.97946086264
Mo -4.72293150000 24.54107184876 5.97946086264
S -4.72293150000 28.17678619309 7.54817153884
S -4.72293150000 28.17678619309 4.41075018644
Mo -6.29724200000 27.26785760973 5.97946086264
S -6.29724200000 30.90357195406 7.54817153884
S -6.29724200000 30.90357195406 4.41075018644
Mo -7.87155250000 29.99464337071 5.97946086264
S -7.87155250000 33.63035771504 7.54817153884
S -7.87155250000 33.63035771504 4.41075018644
Mo -9.44586300000 32.72142913168 5.97946086264
S -9.44586300000 36.35714347601 7.54817153884
S -9.44586300000 36.35714347601 4.41075018644
Mo -11.02017350000 35.44821489265 5.97946086264
S -11.02017350000 39.08392923698 7.54817153884
S -11.02017350000 39.08392923698 4.41075018644
Mo -12.59448400000 38.17500065363 5.97946086264
S -12.59448400000 41.81071499796 7.54817153884
S -12.59448400000 41.81071499796 4.41075018644
Mo -14.16879450000 40.90178641460 5.97946086264
S -14.16879450000 44.53750075893 7.54817153884
S -14.16879450000 44.53750075893 4.41075018644
Mo -15.74310500000 43.62857217557 5.97946086264
S -15.74310500000 47.26428651990 7.54817153884
S -15.74310500000 47.26428651990 4.41075018644
Mo -17.31741550000 46.35535793655 5.97946086264
S -17.31741550000 49.99107228088 7.54817153884
S -17.31741550000 49.99107228088 4.41075018644
Mo -18.89172600000 49.08214369752 5.97946086264
S -18.89172600000 52.71785804185 7.54817153884
S -18.89172600000 52.71785804185 4.41075018644
Mo -20.46603650000 51.80892945849 5.97946086264
S -20.46603650000 55.44464380282 7.54817153884
S -20.46603650000 55.44464380282 4.41075018644
Mo -22.04034700000 54.53571521947 5.97946086264
S -22.04034700000 58.17142956380 7.54817153884
S -22.04034700000 58.17142956380 4.41075018644
Mo -23.61465750000 57.26250098044 5.97946086264
Mo -25.18896800000 59.98928674141 5.97946086264
Mo -4.72293150000 29.99464337071 5.97946086264
S -4.72293150000 33.63035771504 7.54817153884
S -4.72293150000 33.63035771504 4.41075018644
Mo -6.29724200000 32.72142913168 5.97946086264
S -6.29724200000 36.35714347601 7.54817153884
S -6.29724200000 36.35714347601 4.41075018644
Mo -7.87155250000 35.44821489265 5.97946086264
S -7.87155250000 39.08392923698 7.54817153884
S -7.87155250000 39.08392923698 4.41075018644
Mo -9.44586300000 38.17500065363 5.97946086264
S -9.44586300000 41.81071499796 7.54817153884
S -9.44586300000 41.81071499796 4.41075018644
Mo -11.02017350000 40.90178641460 5.97946086264
S -11.02017350000 44.53750075893 7.54817153884
S -11.02017350000 44.53750075893 4.41075018644
Mo -12.59448400000 43.62857217557 5.97946086264
S -12.59448400000 47.26428651990 7.54817153884
S -12.59448400000 47.26428651990 4.41075018644
Mo -14.16879450000 46.35535793655 5.97946086264
S -14.16879450000 49.99107228088 7.54817153884
S -14.16879450000 49.99107228088 4.41075018644
Mo -15.74310500000 49.08214369752 5.97946086264
S -15.74310500000 52.71785804185 7.54817153884
S -15.74310500000 52.71785804185 4.41075018644
Mo -17.31741550000 51.80892945849 5.97946086264
S -17.31741550000 55.44464380282 7.54817153884
S -17.31741550000 55.44464380282 4.41075018644
Mo -18.89172600000 54.53571521947 5.97946086264
Mo -20.46603650000 57.26250098044 5.97946086264
Mo -4.72293150000 35.44821489265 5.97946086264
S -4.72293150000 39.08392923698 7.54817153884
S -4.72293150000 39.08392923698 4.41075018644
Mo -6.29724200000 38.17500065363 5.97946086264
S -6.29724200000 41.81071499796 7.54817153884
S -6.29724200000 41.81071499796 4.41075018644
Mo -7.87155250000 40.90178641460 5.97946086264
S -7.87155250000 44.53750075893 7.54817153884
S -7.87155250000 44.53750075893 4.41075018644
Mo -9.44586300000 43.62857217557 5.97946086264
S -9.44586300000 47.26428651990 7.54817153884
S -9.44586300000 47.26428651990 4.41075018644
Mo -11.02017350000 46.35535793655 5.97946086264
S -11.02017350000 49.99107228088 7.54817153884
S -11.02017350000 49.99107228088 4.41075018644
Mo -12.59448400000 49.08214369752 5.97946086264
S -12.59448400000 52.71785804185 7.54817153884
S -12.59448400000 52.71785804185 4.41075018644
Mo -14.16879450000 51.80892945849 5.97946086264
S -14.16879450000 55.44464380282 7.54817153884
S -14.16879450000 55.44464380282 4.41075018644
Mo -15.74310500000 54.53571521947 5.97946086264
Mo -4.72293150000 40.90178641460 5.97946086264
S -4.72293150000 44.53750075893 7.54817153884
S -4.72293150000 44.53750075893 4.41075018644
Mo -6.29724200000 43.62857217557 5.97946086264
S -6.29724200000 47.26428651990 7.54817153884
S -6.29724200000 47.26428651990 4.41075018644
Mo -7.87155250000 46.35535793655 5.97946086264
S -7.87155250000 49.99107228088 7.54817153884
S -7.87155250000 49.99107228088 4.41075018644
Mo -9.44586300000 49.08214369752 5.97946086264
S -9.44586300000 52.71785804185 7.54817153884
S -9.44586300000 52.71785804185 4.41075018644
Mo -11.02017350000 51.80892945849 5.97946086264
Mo -12.59448400000 54.53571521947 5.97946086264
Mo -4.72293150000 46.35535793655 5.97946086264
S -4.72293150000 49.99107228088 7.54817153884
S -4.72293150000 49.99107228088 4.41075018644
Mo -6.29724200000 49.08214369752 5.97946086264
Mo -7.87155250000 51.80892945849 5.97946086264
Number of points in layer 1: 813
Layer 2 points (Angstrom):
S -45.54462848011 22.72656863948 13.52763240148
S -45.54462848011 22.72656863948 10.39021104908
S -47.28159836684 25.35273499926 13.52763240148
S -47.28159836684 25.35273499926 10.39021104908
S -40.66484685722 20.29157914200 13.52763240148
S -40.66484685722 20.29157914200 10.39021104908
S -42.40181674395 22.91774550178 13.52763240148
S -42.40181674395 22.91774550178 10.39021104908
Mo -43.91803460604 21.91490547728 11.95892172528
S -44.13878663068 25.54391186157 13.52763240148
S -44.13878663068 25.54391186157 10.39021104908
Mo -45.65500449277 24.54107183706 11.95892172528
S -45.87575651741 28.17007822135 13.52763240148
S -45.87575651741 28.17007822135 10.39021104908
Mo -47.39197437950 27.16723819685 11.95892172528
S -47.61272640414 30.79624458113 13.52763240148
S -47.61272640414 30.79624458113 10.39021104908
S -34.04809534760 15.23042328474 13.52763240148
S -34.04809534760 15.23042328474 10.39021104908
S -35.78506523433 17.85658964453 13.52763240148
S -35.78506523433 17.85658964453 10.39021104908
S -37.52203512106 20.48275600431 13.52763240148
S -37.52203512106 20.48275600431 10.39021104908
Mo -39.03825298314 19.47991597981 11.95892172528
S -39.25900500779 23.10892236409 13.52763240148
S -39.25900500779 23.10892236409 10.39021104908
Mo -40.77522286987 22.10608233959 11.95892172528
S -40.99597489452 25.73508872387 13.52763240148
S -40.99597489452 25.73508872387 10.39021104908
Mo -42.51219275660 24.73224869937 11.95892172528
S -42.73294478125 28.36125508365 13.52763240148
S -42.73294478125 28.36125508365 10.39021104908
Mo -44.24916264333 27.35841505915 11.95892172528
S -44.46991466798 30.98742144343 13.52763240148
S -44.46991466798 30.98742144343 10.39021104908
Mo -45.98613253006 29.98458141893 11.95892172528
S -46.20688455471 33.61358780322 13.52763240148
S -46.20688455471 33.61358780322 10.39021104908
Mo -47.72310241679 32.61074777871 11.95892172528
S -47.94385444144 36.23975416300 13.52763240148
S -47.94385444144 36.23975416300 10.39021104908
S -29.16831372470 12.79543378727 13.52763240148
S -29.16831372470 12.79543378727 10.39021104908
S -30.90528361143 15.42160014705 13.52763240148
S -30.90528361143 15.42160014705 10.39021104908
Mo -32.42150147352 14.41876012255 11.95892172528
S -32.64225349816 18.04776650683 13.52763240148
S -32.64225349816 18.04776650683 10.39021104908
Mo -34.15847136025 17.04492648233 11.95892172528
S -34.37922338489 20.67393286661 13.52763240148
S -34.37922338489 20.67393286661 10.39021104908
Mo -35.89544124698 19.67109284211 11.95892172528
S -36.11619327163 23.30009922640 13.52763240148
S -36.11619327163 23.30009922640 10.39021104908
Mo -37.63241113371 22.29725920189 11.95892172528
S -37.85316315836 25.92626558618 13.52763240148
S -37.85316315836 25.92626558618 10.39021104908
Mo -39.36938102044 24.92342556168 11.95892172528
S -39.59013304509 28.55243194596 13.52763240148
S -39.59013304509 28.55243194596 10.39021104908
Mo -41.10635090717 27.54959192146 11.95892172528
S -41.32710293182 31.17859830574 13.52763240148
S -41.32710293182 31.17859830574 10.39021104908
Mo -42.84332079390 30.17575828124 11.95892172528
S -43.06407281855 33.80476466552 13.52763240148
S -43.06407281855 33.80476466552 10.39021104908
Mo -44.58029068063 32.80192464102 11.95892172528
S -44.80104270528 36.43093102530 13.52763240148
S -44.80104270528 36.43093102530 10.39021104908
Mo -46.31726056736 35.42809100080 11.95892172528
S -46.53801259201 39.05709738509 13.52763240148
S -46.53801259201 39.05709738509 10.39021104908
Mo -48.05423045409 38.05425736058 11.95892172528
S -48.27498247874 41.68326374487 13.52763240148
S -48.27498247874 41.68326374487 10.39021104908
S -24.28853210181 10.36044428979 13.52763240148
S -24.28853210181 10.36044428979 10.39021104908
S -26.02550198854 12.98661064957 13.52763240148
S -26.02550198854 12.98661064957 10.39021104908
Mo -27.54171985063 11.98377062507 11.95892172528
S -27.76247187527 15.61277700936 13.52763240148
S -27.76247187527 15.61277700936 10.39021104908
Mo -29.27868973736 14.60993698485 11.95892172528
S -29.49944176200 18.23894336914 13.52763240148
S -29.49944176200 18.23894336914 10.39021104908
Mo -31.01565962409 17.23610334464 11.95892172528
S -31.23641164873 20.86510972892 13.52763240148
S -31.23641164873 20.86510972892 10.39021104908
Mo -32.75262951082 19.86226970442 11.95892172528
S -32.97338153546 23.49127608870 13.52763240148
S -32.97338153546 23.49127608870 10.39021104908
Mo -34.48959939755 22.48843606420 11.95892172528
S -34.71035142219 26.11744244848 13.52763240148
S -34.71035142219 26.11744244848 10.39021104908
Mo -36.22656928428 25.11460242398 11.95892172528
S -36.44732130892 28.74360880827 13.52763240148
S -36.44732130892 28.74360880827 10.39021104908
Mo -37.96353917101 27.74076878376 11.95892172528
S -38.18429119565 31.36977516805 13.52763240148
S -38.18429119565 31.36977516805 10.39021104908
Mo -39.70050905774 30.36693514354 11.95892172528
S -39.92126108238 33.99594152783 13.52763240148
S -39.92126108238 33.99594152783 10.39021104908
Mo -41.43747894447 32.99310150333 11.95892172528
S -41.65823096911 36.62210788761 13.52763240148
S -41.65823096911 36.62210788761 10.39021104908
Mo -43.17444883120 35.61926786311 11.95892172528
S -43.39520085585 39.24827424739 13.52763240148
S -43.39520085585 39.24827424739 10.39021104908
Mo -44.91141871793 38.24543422289 11.95892172528
S -45.13217074258 41.87444060717 13.52763240148
S -45.13217074258 41.87444060717 10.39021104908
Mo -46.64838860466 40.87160058267 11.95892172528
S -46.86914062931 44.50060696696 13.52763240148
S -46.86914062931 44.50060696696 10.39021104908
Mo -48.38535849139 43.49776694245 11.95892172528
S -48.60611051604 47.12677332674 13.52763240148
S -48.60611051604 47.12677332674 10.39021104908
S -19.40875047892 7.92545479232 13.52763240148
S -19.40875047892 7.92545479232 10.39021104908
S -21.14572036565 10.55162115210 13.52763240148
S -21.14572036565 10.55162115210 10.39021104908
Mo -22.66193822773 9.54878112760 11.95892172528
S -22.88269025238 13.17778751188 13.52763240148
S -22.88269025238 13.17778751188 10.39021104908
Mo -24.39890811446 12.17494748738 11.95892172528
S -24.61966013911 15.80395387166 13.52763240148
S -24.61966013911 15.80395387166 10.39021104908
Mo -26.13587800119 14.80111384716 11.95892172528
S -26.35663002584 18.43012023144 13.52763240148
S -26.35663002584 18.43012023144 10.39021104908
Mo -27.87284788792 17.42728020694 11.95892172528
S -28.09359991257 21.05628659123 13.52763240148
S -28.09359991257 21.05628659123 10.39021104908
Mo -29.60981777466 20.05344656672 11.95892172528
S -29.83056979930 23.68245295101 13.52763240148
S -29.83056979930 23.68245295101 10.39021104908
Mo -31.34678766139 22.67961292651 11.95892172528
S -31.56753968603 26.30861931079 13.52763240148
S -31.56753968603 26.30861931079 10.39021104908
Mo -33.08375754812 25.30577928629 11.95892172528
S -33.30450957276 28.93478567057 13.52763240148
S -33.30450957276 28.93478567057 10.39021104908
Mo -34.82072743485 27.93194564607 11.95892172528
S -35.04147945949 31.56095203035 13.52763240148
S -35.04147945949 31.56095203035 10.39021104908
Mo -36.55769732158 30.55811200585 11.95892172528
S -36.77844934622 34.18711839013 13.52763240148
S -36.77844934622 34.18711839013 10.39021104908
Mo -38.29466720831 33.18427836563 11.95892172528
S -38.51541923295 36.81328474992 13.52763240148
S -38.51541923295 36.81328474992 10.39021104908
Mo -40.03163709504 35.81044472541 11.95892172528
S -40.25238911968 39.43945110970 13.52763240148
S -40.25238911968 39.43945110970 10.39021104908
Mo -41.76860698177 38.43661108520 11.95892172528
S -41.98935900641 42.06561746948 13.52763240148
S -41.98935900641 42.06561746948 10.39021104908
Mo -43.50557686850 41.06277744498 11.95892172528
S -43.72632889314 44.69178382926 13.52763240148
S -43.72632889314 44.69178382926 10.39021104908
Mo -45.24254675523 43.68894380476 11.95892172528
S -45.46329877987 47.31795018904 13.52763240148
S -45.46329877987 47.31795018904 10.39021104908
Mo -46.97951664196 46.31511016454 11.95892172528
S -47.20026866660 49.94411654882 13.52763240148
S -47.20026866660 49.94411654882 10.39021104908
Mo -48.71648652869 48.94127652432 11.95892172528
S -48.93723855334 52.57028290861 13.52763240148
S -48.93723855334 52.57028290861 10.39021104908
S -14.52896885602 5.49046529484 13.52763240148
S -14.52896885602 5.49046529484 10.39021104908
S -16.26593874276 8.11663165462 13.52763240148
S -16.26593874276 8.11663165462 10.39021104908
Mo -17.78215660484 7.11379163012 11.95892172528
S -18.00290862949 10.74279801441 13.52763240148
S -18.00290862949 10.74279801441 10.39021104908
Mo -19.51912649157 9.73995798990 11.95892172528
S -19.73987851622 13.36896437419 13.52763240148
S -19.73987851622 13.36896437419 10.39021104908
Mo -21.25609637830 12.36612434968 11.95892172528
S -21.47684840295 15.99513073397 13.52763240148
S -21.47684840295 15.99513073397 10.39021104908
Mo -22.99306626503 14.99229070947 11.95892172528
S -23.21381828968 18.62129709375 13.52763240148
S -23.21381828968 18.62129709375 10.39021104908
Mo -24.73003615176 17.61845706925 11.95892172528
S -24.95078817641 21.24746345353 13.52763240148
S -24.95078817641 21.24746345353 10.39021104908
Mo -26.46700603849 20.24462342903 11.95892172528
S -26.68775806314 23.87362981331 13.52763240148
S -26.68775806314 23.87362981331 10.39021104908
Mo -28.20397592522 22.87078978881 11.95892172528
S -28.42472794987 26.49979617310 13.52763240148
S -28.42472794987 26.49979617310 10.39021104908
Mo -29.94094581195 25.49695614859 11.95892172528
S -30.16169783660 29.12596253288 13.52763240148
S -30.16169783660 29.12596253288 10.39021104908
Mo -31.67791569868 28.12312250837 11.95892172528
S -31.89866772333 31.75212889266 13.52763240148
S -31.89866772333 31.75212889266 10.39021104908
Mo -33.41488558541 30.74928886816 11.95892172528
S -33.63563761006 34.37829525244 13.52763240148
S -33.63563761006 34.37829525244 10.39021104908
Mo -35.15185547215 33.37545522794 11.95892172528
S -35.37260749679 37.00446161222 13.52763240148
S -35.37260749679 37.00446161222 10.39021104908
Mo -36.88882535888 36.00162158772 11.95892172528
S -37.10957738352 39.63062797200 13.52763240148
S -37.10957738352 39.63062797200 10.39021104908
Mo -38.62579524561 38.62778794750 11.95892172528
S -38.84654727025 42.25679433179 13.52763240148
S -38.84654727025 42.25679433179 10.39021104908
Mo -40.36276513234 41.25395430728 11.95892172528
S -40.58351715698 44.88296069157 13.52763240148
S -40.58351715698 44.88296069157 10.39021104908
Mo -42.09973501907 43.88012066707 11.95892172528
S -42.32048704371 47.50912705135 13.52763240148
S -42.32048704371 47.50912705135 10.39021104908
Mo -43.83670490580 46.50628702685 11.95892172528
S -44.05745693044 50.13529341113 13.52763240148
S -44.05745693044 50.13529341113 10.39021104908
Mo -45.57367479253 49.13245338663 11.95892172528
S -45.79442681717 52.76145977091 13.52763240148
S -45.79442681717 52.76145977091 10.39021104908
Mo -47.31064467926 51.75861974641 11.95892172528
S -47.53139670390 55.38762613069 13.52763240148
S -47.53139670390 55.38762613069 10.39021104908
Mo -49.04761456599 54.38478610619 11.95892172528
S -49.26836659063 58.01379249048 13.52763240148
S -49.26836659063 58.01379249048 10.39021104908
S -9.64918723313 3.05547579737 13.52763240148
S -9.64918723313 3.05547579737 10.39021104908
S -11.38615711986 5.68164215715 13.52763240148
S -11.38615711986 5.68164215715 10.39021104908
Mo -12.90237498195 4.67880213265 11.95892172528
S -13.12312700659 8.30780851693 13.52763240148
S -13.12312700659 8.30780851693 10.39021104908
Mo -14.63934486868 7.30496849243 11.95892172528
S -14.86009689332 10.93397487671 13.52763240148
S -14.86009689332 10.93397487671 10.39021104908
Mo -16.37631475541 9.93113485221 11.95892172528
S -16.59706678005 13.56014123649 13.52763240148
S -16.59706678005 13.56014123649 10.39021104908
Mo -18.11328464214 12.55730121199 11.95892172528
S -18.33403666678 16.18630759627 13.52763240148
S -18.33403666678 16.18630759627 10.39021104908
Mo -19.85025452887 15.18346757177 11.95892172528
S -20.07100655351 18.81247395606 13.52763240148
S -20.07100655351 18.81247395606 10.39021104908
Mo -21.58722441560 17.80963393155 11.95892172528
S -21.80797644025 21.43864031584 13.52763240148
S -21.80797644025 21.43864031584 10.39021104908
Mo -23.32419430233 20.43580029134 11.95892172528
S -23.54494632698 24.06480667562 13.52763240148
S -23.54494632698 24.06480667562 10.39021104908
Mo -25.06116418906 23.06196665112 11.95892172528
S -25.28191621371 26.69097303540 13.52763240148
S -25.28191621371 26.69097303540 10.39021104908
Mo -26.79813407579 25.68813301090 11.95892172528
S -27.01888610044 29.31713939518 13.52763240148
S -27.01888610044 29.31713939518 10.39021104908
Mo -28.53510396252 28.31429937068 11.95892172528
S -28.75585598717 31.94330575496 13.52763240148
S -28.75585598717 31.94330575496 10.39021104908
Mo -30.27207384925 30.94046573046 11.95892172528
S -30.49282587390 34.56947211475 13.52763240148
S -30.49282587390 34.56947211475 10.39021104908
Mo -32.00904373598 33.56663209024 11.95892172528
S -32.22979576063 37.19563847453 13.52763240148
S -32.22979576063 37.19563847453 10.39021104908
Mo -33.74601362271 36.19279845003 11.95892172528
S -33.96676564736 39.82180483431 13.52763240148
S -33.96676564736 39.82180483431 10.39021104908
Mo -35.48298350944 38.81896480981 11.95892172528
S -35.70373553409 42.44797119409 13.52763240148
S -35.70373553409 42.44797119409 10.39021104908
Mo -37.21995339617 41.44513116959 11.95892172528
S -37.44070542082 45.07413755387 13.52763240148
S -37.44070542082 45.07413755387 10.39021104908
Mo -38.95692328290 44.07129752937 11.95892172528
S -39.17767530755 47.70030391366 13.52763240148
S -39.17767530755 47.70030391366 10.39021104908
Mo -40.69389316964 46.69746388915 11.95892172528
S -40.91464519428 50.32647027344 13.52763240148
S -40.91464519428 50.32647027344 10.39021104908
Mo -42.43086305637 49.32363024893 11.95892172528
S -42.65161508101 52.95263663322 13.52763240148
S -42.65161508101 52.95263663322 10.39021104908
Mo -44.16783294310 51.94979660872 11.95892172528
S -44.38858496774 55.57880299300 13.52763240148
S -44.38858496774 55.57880299300 10.39021104908
Mo -45.90480282983 54.57596296850 11.95892172528
S -46.12555485447 58.20496935278 13.52763240148
S -46.12555485447 58.20496935278 10.39021104908
Mo -47.64177271656 57.20212932828 11.95892172528
S -47.86252474120 60.83113571256 13.52763240148
S -47.86252474120 60.83113571256 10.39021104908
Mo -49.37874260329 59.82829568806 11.95892172528
S -4.76940561024 0.62048629989 13.52763240148
S -4.76940561024 0.62048629989 10.39021104908
S -6.50637549697 3.24665265967 13.52763240148
S -6.50637549697 3.24665265967 10.39021104908
Mo -8.02259335906 2.24381263517 11.95892172528
S -8.24334538370 5.87281901945 13.52763240148
S -8.24334538370 5.87281901945 10.39021104908
Mo -9.75956324579 4.86997899495 11.95892172528
S -9.98031527043 8.49898537924 13.52763240148
S -9.98031527043 8.49898537924 10.39021104908
Mo -11.49653313252 7.49614535473 11.95892172528
S -11.71728515716 11.12515173902 13.52763240148
S -11.71728515716 11.12515173902 10.39021104908
Mo -13.23350301925 10.12231171451 11.95892172528
S -13.45425504389 13.75131809880 13.52763240148
S -13.45425504389 13.75131809880 10.39021104908
Mo -14.97047290598 12.74847807430 11.95892172528
S -15.19122493062 16.37748445858 13.52763240148
S -15.19122493062 16.37748445858 10.39021104908
Mo -16.70744279271 15.37464443408 11.95892172528
S -16.92819481735 19.00365081836 13.52763240148
S -16.92819481735 19.00365081836 10.39021104908
Mo -18.44441267944 18.00081079386 11.95892172528
S -18.66516470408 21.62981717814 13.52763240148
S -18.66516470408 21.62981717814 10.39021104908
Mo -20.18138256617 20.62697715364 11.95892172528
S -20.40213459081 24.25598353793 13.52763240148
S -20.40213459081 24.25598353793 10.39021104908
Mo -21.91835245290 23.25314351342 11.95892172528
S -22.13910447754 26.88214989771 13.52763240148
S -22.13910447754 26.88214989771 10.39021104908
Mo -23.65532233963 25.87930987321 11.95892172528
S -23.87607436427 29.50831625749 13.52763240148
S -23.87607436427 29.50831625749 10.39021104908
Mo -25.39229222636 28.50547623299 11.95892172528
S -25.61304425100 32.13448261727 13.52763240148
S -25.61304425100 32.13448261727 10.39021104908
Mo -27.12926211309 31.13164259277 11.95892172528
S -27.35001413774 34.76064897705 13.52763240148
S -27.35001413774 34.76064897705 10.39021104908
Mo -28.86623199982 33.75780895255 11.95892172528
S -29.08698402447 37.38681533683 13.52763240148
S -29.08698402447 37.38681533683 10.39021104908
Mo -30.60320188655 36.38397531233 11.95892172528
S -30.82395391120 40.01298169662 13.52763240148
S -30.82395391120 40.01298169662 10.39021104908
Mo -32.34017177328 39.01014167211 11.95892172528
S -32.56092379793 42.63914805640 13.52763240148
S -32.56092379793 42.63914805640 10.39021104908
Mo -34.07714166001 41.63630803190 11.95892172528
S -34.29789368466 45.26531441618 13.52763240148
S -34.29789368466 45.26531441618 10.39021104908
Mo -35.81411154674 44.26247439168 11.95892172528
S -36.03486357139 47.89148077596 13.52763240148
S -36.03486357139 47.89148077596 10.39021104908
Mo -37.55108143347 46.88864075146 11.95892172528
S -37.77183345812 50.51764713574 13.52763240148
S -37.77183345812 50.51764713574 10.39021104908
Mo -39.28805132020 49.51480711124 11.95892172528
S -39.50880334485 53.14381349552 13.52763240148
S -39.50880334485 53.14381349552 10.39021104908
Mo -41.02502120693 52.14097347102 11.95892172528
S -41.24577323158 55.76997985531 13.52763240148
S -41.24577323158 55.76997985531 10.39021104908
Mo -42.76199109366 54.76713983080 11.95892172528
S -42.98274311831 58.39614621509 13.52763240148
S -42.98274311831 58.39614621509 10.39021104908
Mo -44.49896098039 57.39330619059 11.95892172528
S -44.71971300504 61.02231257487 13.52763240148
S -44.71971300504 61.02231257487 10.39021104908
Mo -46.23593086713 60.01947255037 11.95892172528
S -46.45668289177 63.64847893465 13.52763240148
S -46.45668289177 63.64847893465 10.39021104908
Mo -47.97290075386 62.64563891015 11.95892172528
S -48.19365277850 66.27464529443 13.52763240148
S -48.19365277850 66.27464529443 10.39021104908
Mo -3.14281173616 -0.19117686231 11.95892172528
S -3.36356376081 3.43782952198 13.52763240148
S -3.36356376081 3.43782952198 10.39021104908
Mo -4.87978162289 2.43498949748 11.95892172528
S -5.10053364754 6.06399588176 13.52763240148
S -5.10053364754 6.06399588176 10.39021104908
Mo -6.61675150962 5.06115585726 11.95892172528
S -6.83750353427 8.69016224154 13.52763240148
S -6.83750353427 8.69016224154 10.39021104908
Mo -8.35372139635 7.68732221704 11.95892172528
S -8.57447342100 11.31632860132 13.52763240148
S -8.57447342100 11.31632860132 10.39021104908
Mo -10.09069128308 10.31348857682 11.95892172528
S -10.31144330773 13.94249496110 13.52763240148
S -10.31144330773 13.94249496110 10.39021104908
Mo -11.82766116981 12.93965493660 11.95892172528
S -12.04841319446 16.56866132089 13.52763240148
S -12.04841319446 16.56866132089 10.39021104908
Mo -13.56463105655 15.56582129638 11.95892172528
S -13.78538308119 19.19482768067 13.52763240148
S -13.78538308119 19.19482768067 10.39021104908
Mo -15.30160094328 18.19198765617 11.95892172528
S -15.52235296792 21.82099404045 13.52763240148
S -15.52235296792 21.82099404045 10.39021104908
Mo -17.03857083001 20.81815401595 11.95892172528
S -17.25932285465 24.44716040023 13.52763240148
S -17.25932285465 24.44716040023 10.39021104908
Mo -18.77554071674 23.44432037573 11.95892172528
S -18.99629274138 27.07332676001 13.52763240148
S -18.99629274138 27.07332676001 10.39021104908
Mo -20.51251060347 26.07048673551 11.95892172528
S -20.73326262811 29.69949311980 13.52763240148
S -20.73326262811 29.69949311980 10.39021104908
Mo -22.24948049020 28.69665309529 11.95892172528
S -22.47023251484 32.32565947958 13.52763240148
S -22.47023251484 32.32565947958 10.39021104908
Mo -23.98645037693 31.32281945507 11.95892172528
S -24.20720240157 34.95182583936 13.52763240148
S -24.20720240157 34.95182583936 10.39021104908
Mo -25.72342026366 33.94898581486 11.95892172528
S -25.94417228830 37.57799219914 13.52763240148
S -25.94417228830 37.57799219914 10.39021104908
Mo -27.46039015039 36.57515217464 11.95892172528
S -27.68114217503 40.20415855892 13.52763240148
S -27.68114217503 40.20415855892 10.39021104908
Mo -29.19736003712 39.20131853442 11.95892172528
S -29.41811206176 42.83032491870 13.52763240148
S -29.41811206176 42.83032491870 10.39021104908
Mo -30.93432992385 41.82748489420 11.95892172528
S -31.15508194849 45.45649127849 13.52763240148
S -31.15508194849 45.45649127849 10.39021104908
Mo -32.67129981058 44.45365125398 11.95892172528
S -32.89205183523 48.08265763827 13.52763240148
S -32.89205183523 48.08265763827 10.39021104908
Mo -34.40826969731 47.07981761376 11.95892172528
S -34.62902172196 50.70882399805 13.52763240148
S -34.62902172196 50.70882399805 10.39021104908
Mo -36.14523958404 49.70598397355 11.95892172528
S -36.36599160869 53.33499035783 13.52763240148
S -36.36599160869 53.33499035783 10.39021104908
Mo -37.88220947077 52.33215033333 11.95892172528
S -38.10296149542 55.96115671761 13.52763240148
S -38.10296149542 55.96115671761 10.39021104908
Mo -39.61917935750 54.95831669311 11.95892172528
S -39.83993138215 58.58732307739 13.52763240148
S -39.83993138215 58.58732307739 10.39021104908
Mo -41.35614924423 57.58448305289 11.95892172528
S -41.57690126888 61.21348943718 13.52763240148
S -41.57690126888 61.21348943718 10.39021104908
Mo -43.09311913096 60.21064941267 11.95892172528
S -43.31387115561 63.83965579696 13.52763240148
S -43.31387115561 63.83965579696 10.39021104908
Mo -44.83008901769 62.83681577246 11.95892172528
S -45.05084104234 66.46582215674 13.52763240148
S -45.05084104234 66.46582215674 10.39021104908
Mo -46.56705890442 65.46298213224 11.95892172528
S -46.78781092907 69.09198851652 13.52763240148
S -46.78781092907 69.09198851652 10.39021104908
Mo -48.30402879115 68.08914849202 11.95892172528
S -48.52478081580 71.71815487630 13.52763240148
S -48.52478081580 71.71815487630 10.39021104908
Mo -3.47393977346 5.25233271956 11.95892172528
S -3.69469179811 8.88133910385 13.52763240148
S -3.69469179811 8.88133910385 10.39021104908
Mo -5.21090966019 7.87849907935 11.95892172528
S -5.43166168484 11.50750546363 13.52763240148
S -5.43166168484 11.50750546363 10.39021104908
Mo -6.94787954692 10.50466543913 11.95892172528
S -7.16863157157 14.13367182341 13.52763240148
S -7.16863157157 14.13367182341 10.39021104908
Mo -8.68484943365 13.13083179891 11.95892172528
S -8.90560145830 16.75983818319 13.52763240148
S -8.90560145830 16.75983818319 10.39021104908
Mo -10.42181932038 15.75699815869 11.95892172528
S -10.64257134503 19.38600454297 13.52763240148
S -10.64257134503 19.38600454297 10.39021104908
Mo -12.15878920711 18.38316451847 11.95892172528
S -12.37954123176 22.01217090276 13.52763240148
S -12.37954123176 22.01217090276 10.39021104908
Mo -13.89575909384 21.00933087825 11.95892172528
S -14.11651111849 24.63833726254 13.52763240148
S -14.11651111849 24.63833726254 10.39021104908
Mo -15.63272898057 23.63549723804 11.95892172528
S -15.85348100522 27.26450362232 13.52763240148
S -15.85348100522 27.26450362232 10.39021104908
Mo -17.36969886730 26.26166359782 11.95892172528
S -17.59045089195 29.89066998210 13.52763240148
S -17.59045089195 29.89066998210 10.39021104908
Mo -19.10666875403 28.88782995760 11.95892172528
S -19.32742077868 32.51683634188 13.52763240148
S -19.32742077868 32.51683634188 10.39021104908
Mo -20.84363864077 31.51399631738 11.95892172528
S -21.06439066541 35.14300270166 13.52763240148
S -21.06439066541 35.14300270166 10.39021104908
Mo -22.58060852750 34.14016267716 11.95892172528
S -22.80136055214 37.76916906145 13.52763240148
S -22.80136055214 37.76916906145 10.39021104908
Mo -24.31757841423 36.76632903694 11.95892172528
S -24.53833043887 40.39533542123 13.52763240148
S -24.53833043887 40.39533542123 10.39021104908
Mo -26.05454830096 39.39249539673 11.95892172528
S -26.27530032560 43.02150178101 13.52763240148
S -26.27530032560 43.02150178101 10.39021104908
Mo -27.79151818769 42.01866175651 11.95892172528
S -28.01227021233 45.64766814079 13.52763240148
S -28.01227021233 45.64766814079 10.39021104908
Mo -29.52848807442 44.64482811629 11.95892172528
S -29.74924009906 48.27383450057 13.52763240148
S -29.74924009906 48.27383450057 10.39021104908
Mo -31.26545796115 47.27099447607 11.95892172528
S -31.48620998579 50.90000086035 13.52763240148
S -31.48620998579 50.90000086035 10.39021104908
Mo -33.00242784788 49.89716083585 11.95892172528
S -33.22317987252 53.52616722014 13.52763240148
S -33.22317987252 53.52616722014 10.39021104908
Mo -34.73939773461 52.52332719563 11.95892172528
S -34.96014975925 56.15233357992 13.52763240148
S -34.96014975925 56.15233357992 10.39021104908
Mo -36.47636762134 55.14949355542 11.95892172528
S -36.69711964598 58.77849993970 13.52763240148
S -36.69711964598 58.77849993970 10.39021104908
Mo -38.21333750807 57.77565991520 11.95892172528
S -38.43408953271 61.40466629948 13.52763240148
S -38.43408953271 61.40466629948 10.39021104908
Mo -39.95030739480 60.40182627498 11.95892172528
S -40.17105941945 64.03083265926 13.52763240148
S -40.17105941945 64.03083265926 10.39021104908
Mo -41.68727728153 63.02799263476 11.95892172528
S -41.90802930618 66.65699901905 13.52763240148
S -41.90802930618 66.65699901905 10.39021104908
Mo -43.42424716826 65.65415899454 11.95892172528
S -43.64499919291 69.28316537883 13.52763240148
S -43.64499919291 69.28316537883 10.39021104908
Mo -45.16121705499 68.28032535432 11.95892172528
S -45.38196907964 71.90933173861 13.52763240148
S -45.38196907964 71.90933173861 10.39021104908
Mo -46.89818694172 70.90649171411 11.95892172528
Mo -48.63515682845 73.53265807389 11.95892172528
Mo -3.80506781076 10.69584230143 11.95892172528
S -4.02581983540 14.32484868572 13.52763240148
S -4.02581983540 14.32484868572 10.39021104908
Mo -5.54203769749 13.32200866121 11.95892172528
S -5.76278972213 16.95101504550 13.52763240148
S -5.76278972213 16.95101504550 10.39021104908
Mo -7.27900758422 15.94817502100 11.95892172528
S -7.49975960887 19.57718140528 13.52763240148
S -7.49975960887 19.57718140528 10.39021104908
Mo -9.01597747095 18.57434138078 11.95892172528
S -9.23672949560 22.20334776506 13.52763240148
S -9.23672949560 22.20334776506 10.39021104908
Mo -10.75294735768 21.20050774056 11.95892172528
S -10.97369938233 24.82951412484 13.52763240148
S -10.97369938233 24.82951412484 10.39021104908
Mo -12.48991724441 23.82667410034 11.95892172528
S -12.71066926906 27.45568048463 13.52763240148
S -12.71066926906 27.45568048463 10.39021104908
Mo -14.22688713114 26.45284046012 11.95892172528
S -14.44763915579 30.08184684441 13.52763240148
S -14.44763915579 30.08184684441 10.39021104908
Mo -15.96385701787 29.07900681990 11.95892172528
S -16.18460904252 32.70801320419 13.52763240148
S -16.18460904252 32.70801320419 10.39021104908
Mo -17.70082690460 31.70517317969 11.95892172528
S -17.92157892925 35.33417956397 13.52763240148
S -17.92157892925 35.33417956397 10.39021104908
Mo -19.43779679133 34.33133953947 11.95892172528
S -19.65854881598 37.96034592375 13.52763240148
S -19.65854881598 37.96034592375 10.39021104908
Mo -21.17476667806 36.95750589925 11.95892172528
S -21.39551870271 40.58651228353 13.52763240148
S -21.39551870271 40.58651228353 10.39021104908
Mo -22.91173656479 39.58367225903 11.95892172528
S -23.13248858944 43.21267864332 13.52763240148
S -23.13248858944 43.21267864332 10.39021104908
Mo -24.64870645152 42.20983861881 11.95892172528
S -24.86945847617 45.83884500310 13.52763240148
S -24.86945847617 45.83884500310 10.39021104908
Mo -26.38567633826 44.83600497860 11.95892172528
S -26.60642836290 48.46501136288 13.52763240148
S -26.60642836290 48.46501136288 10.39021104908
Mo -28.12264622499 47.46217133838 11.95892172528
S -28.34339824963 51.09117772266 13.52763240148
S -28.34339824963 51.09117772266 10.39021104908
Mo -29.85961611172 50.08833769816 11.95892172528
S -30.08036813636 53.71734408244 13.52763240148
S -30.08036813636 53.71734408244 10.39021104908
Mo -31.59658599845 52.71450405794 11.95892172528
S -31.81733802309 56.34351044222 13.52763240148
S -31.81733802309 56.34351044222 10.39021104908
Mo -33.33355588518 55.34067041772 11.95892172528
S -33.55430790982 58.96967680201 13.52763240148
S -33.55430790982 58.96967680201 10.39021104908
Mo -35.07052577191 57.96683677750 11.95892172528
S -35.29127779655 61.59584316179 13.52763240148
S -35.29127779655 61.59584316179 10.39021104908
Mo -36.80749565864 60.59300313729 11.95892172528
S -37.02824768328 64.22200952157 13.52763240148
S -37.02824768328 64.22200952157 10.39021104908
Mo -38.54446554537 63.21916949707 11.95892172528
S -38.76521757001 66.84817588135 13.52763240148
S -38.76521757001 66.84817588135 10.39021104908
Mo -40.28143543210 65.84533585685 11.95892172528
S -40.50218745674 69.47434224113 13.52763240148
S -40.50218745674 69.47434224113 10.39021104908
Mo -42.01840531883 68.47150221663 11.95892172528
Mo -43.75537520556 71.09766857641 11.95892172528
Mo -4.13619584806 16.13935188330 11.95892172528
S -4.35694787270 19.76835826759 13.52763240148
S -4.35694787270 19.76835826759 10.39021104908
Mo -5.87316573479 18.76551824308 11.95892172528
S -6.09391775943 22.39452462737 13.52763240148
S -6.09391775943 22.39452462737 10.39021104908
Mo -7.61013562152 21.39168460287 11.95892172528
S -7.83088764616 25.02069098715 13.52763240148
S -7.83088764616 25.02069098715 10.39021104908
Mo -9.34710550825 24.01785096265 11.95892172528
S -9.56785753289 27.64685734693 13.52763240148
S -9.56785753289 27.64685734693 10.39021104908
Mo -11.08407539498 26.64401732243 11.95892172528
S -11.30482741962 30.27302370671 13.52763240148
S -11.30482741962 30.27302370671 10.39021104908
Mo -12.82104528171 29.27018368221 11.95892172528
S -13.04179730636 32.89919006649 13.52763240148
S -13.04179730636 32.89919006649 10.39021104908
Mo -14.55801516844 31.89635004199 11.95892172528
S -14.77876719309 35.52535642628 13.52763240148
S -14.77876719309 35.52535642628 10.39021104908
Mo -16.29498505517 34.52251640177 11.95892172528
S -16.51573707982 38.15152278606 13.52763240148
S -16.51573707982 38.15152278606 10.39021104908
Mo -18.03195494190 37.14868276156 11.95892172528
S -18.25270696655 40.77768914584 13.52763240148
S -18.25270696655 40.77768914584 10.39021104908
Mo -19.76892482863 39.77484912134 11.95892172528
S -19.98967685328 43.40385550562 13.52763240148
S -19.98967685328 43.40385550562 10.39021104908
Mo -21.50589471536 42.40101548112 11.95892172528
S -21.72664674001 46.03002186540 13.52763240148
S -21.72664674001 46.03002186540 10.39021104908
Mo -23.24286460209 45.02718184090 11.95892172528
S -23.46361662674 48.65618822518 13.52763240148
S -23.46361662674 48.65618822518 10.39021104908
Mo -24.97983448882 47.65334820068 11.95892172528
S -25.20058651347 51.28235458497 13.52763240148
S -25.20058651347 51.28235458497 10.39021104908
Mo -26.71680437555 50.27951456046 11.95892172528
S -26.93755640020 53.90852094475 13.52763240148
S -26.93755640020 53.90852094475 10.39021104908
Mo -28.45377426228 52.90568092025 11.95892172528
S -28.67452628693 56.53468730453 13.52763240148
S -28.67452628693 56.53468730453 10.39021104908
Mo -30.19074414901 55.53184728003 11.95892172528
S -30.41149617366 59.16085366431 13.52763240148
S -30.41149617366 59.16085366431 10.39021104908
Mo -31.92771403575 58.15801363981 11.95892172528
S -32.14846606039 61.78702002409 13.52763240148
S -32.14846606039 61.78702002409 10.39021104908
Mo -33.66468392248 60.78417999959 11.95892172528
S -33.88543594712 64.41318638388 13.52763240148
S -33.88543594712 64.41318638388 10.39021104908
Mo -35.40165380921 63.41034635937 11.95892172528
Mo -37.13862369594 66.03651271915 11.95892172528
Mo -38.87559358267 68.66267907894 11.95892172528
Mo -4.46732388536 21.58286146517 11.95892172528
S -4.68807591000 25.21186784946 13.52763240148
S -4.68807591000 25.21186784946 10.39021104908
Mo -6.20429377209 24.20902782495 11.95892172528
S -6.42504579673 27.83803420924 13.52763240148
S -6.42504579673 27.83803420924 10.39021104908
Mo -7.94126365882 26.83519418474 11.95892172528
S -8.16201568346 30.46420056902 13.52763240148
S -8.16201568346 30.46420056902 10.39021104908
Mo -9.67823354555 29.46136054452 11.95892172528
S -9.89898557019 33.09036692880 13.52763240148
S -9.89898557019 33.09036692880 10.39021104908
Mo -11.41520343228 32.08752690430 11.95892172528
S -11.63595545692 35.71653328858 13.52763240148
S -11.63595545692 35.71653328858 10.39021104908
Mo -13.15217331901 34.71369326408 11.95892172528
S -13.37292534365 38.34269964836 13.52763240148
S -13.37292534365 38.34269964836 10.39021104908
Mo -14.88914320574 37.33985962386 11.95892172528
S -15.10989523038 40.96886600815 13.52763240148
S -15.10989523038 40.96886600815 10.39021104908
Mo -16.62611309247 39.96602598364 11.95892172528
S -16.84686511711 43.59503236793 13.52763240148
S -16.84686511711 43.59503236793 10.39021104908
Mo -18.36308297920 42.59219234343 11.95892172528
S -18.58383500385 46.22119872771 13.52763240148
S -18.58383500385 46.22119872771 10.39021104908
Mo -20.10005286593 45.21835870321 11.95892172528
S -20.32080489058 48.84736508749 13.52763240148
S -20.32080489058 48.84736508749 10.39021104908
Mo -21.83702275266 47.84452506299 11.95892172528
S -22.05777477731 51.47353144727 13.52763240148
S -22.05777477731 51.47353144727 10.39021104908
Mo -23.57399263939 50.47069142277 11.95892172528
S -23.79474466404 54.09969780705 13.52763240148
S -23.79474466404 54.09969780705 10.39021104908
Mo -25.31096252612 53.09685778255 11.95892172528
S -25.53171455077 56.72586416684 13.52763240148
S -25.53171455077 56.72586416684 10.39021104908
Mo -27.04793241285 55.72302414233 11.95892172528
S -27.26868443750 59.35203052662 13.52763240148
S -27.26868443750 59.35203052662 10.39021104908
Mo -28.78490229958 58.34919050212 11.95892172528
S -29.00565432423 61.97819688640 13.52763240148
S -29.00565432423 61.97819688640 10.39021104908
Mo -30.52187218631 60.97535686190 11.95892172528
Mo -32.25884207304 63.60152322168 11.95892172528
Mo -4.79845192266 27.02637104704 11.95892172528
S -5.01920394730 30.65537743132 13.52763240148
S -5.01920394730 30.65537743132 10.39021104908
Mo -6.53542180939 29.65253740682 11.95892172528
S -6.75617383403 33.28154379111 13.52763240148
S -6.75617383403 33.28154379111 10.39021104908
Mo -8.27239169612 32.27870376660 11.95892172528
S -8.49314372076 35.90771015089 13.52763240148
S -8.49314372076 35.90771015089 10.39021104908
Mo -10.00936158285 34.90487012639 11.95892172528
S -10.23011360749 38.53387651067 13.52763240148
S -10.23011360749 38.53387651067 10.39021104908
Mo -11.74633146958 37.53103648617 11.95892172528
S -11.96708349422 41.16004287045 13.52763240148
S -11.96708349422 41.16004287045 10.39021104908
Mo -13.48330135631 40.15720284595 11.95892172528
S -13.70405338095 43.78620923023 13.52763240148
S -13.70405338095 43.78620923023 10.39021104908
Mo -15.22027124304 42.78336920573 11.95892172528
S -15.44102326768 46.41237559002 13.52763240148
S -15.44102326768 46.41237559002 10.39021104908
Mo -16.95724112977 45.40953556551 11.95892172528
S -17.17799315441 49.03854194980 13.52763240148
S -17.17799315441 49.03854194980 10.39021104908
Mo -18.69421101650 48.03570192529 11.95892172528
S -18.91496304114 51.66470830958 13.52763240148
S -18.91496304114 51.66470830958 10.39021104908
Mo -20.43118090323 50.66186828508 11.95892172528
S -20.65193292787 54.29087466936 13.52763240148
S -20.65193292787 54.29087466936 10.39021104908
Mo -22.16815078996 53.28803464486 11.95892172528
S -22.38890281460 56.91704102914 13.52763240148
S -22.38890281460 56.91704102914 10.39021104908
Mo -23.90512067669 55.91420100464 11.95892172528
S -24.12587270134 59.54320738892 13.52763240148
S -24.12587270134 59.54320738892 10.39021104908
Mo -25.64209056342 58.54036736442 11.95892172528
Mo -27.37906045015 61.16653372420 11.95892172528
Mo -5.12957995995 32.46988062891 11.95892172528
S -5.35033198460 36.09888701319 13.52763240148
S -5.35033198460 36.09888701319 10.39021104908
Mo -6.86654984668 35.09604698869 11.95892172528
S -7.08730187133 38.72505337298 13.52763240148
S -7.08730187133 38.72505337298 10.39021104908
Mo -8.60351973341 37.72221334847 11.95892172528
S -8.82427175806 41.35121973276 13.52763240148
S -8.82427175806 41.35121973276 10.39021104908
Mo -10.34048962015 40.34837970826 11.95892172528
S -10.56124164479 43.97738609254 13.52763240148
S -10.56124164479 43.97738609254 10.39021104908
Mo -12.07745950688 42.97454606804 11.95892172528
S -12.29821153152 46.60355245232 13.52763240148
S -12.29821153152 46.60355245232 10.39021104908
Mo -13.81442939361 45.60071242782 11.95892172528
S -14.03518141825 49.22971881210 13.52763240148
S -14.03518141825 49.22971881210 10.39021104908
Mo -15.55139928034 48.22687878760 11.95892172528
S -15.77215130498 51.85588517188 13.52763240148
S -15.77215130498 51.85588517188 10.39021104908
Mo -17.28836916707 50.85304514738 11.95892172528
S -17.50912119171 54.48205153167 13.52763240148
S -17.50912119171 54.48205153167 10.39021104908
Mo -19.02533905380 53.47921150716 11.95892172528
S -19.24609107844 57.10821789145 13.52763240148
S -19.24609107844 57.10821789145 10.39021104908
Mo -20.76230894053 56.10537786695 11.95892172528
Mo -22.49927882726 58.73154422673 11.95892172528
S -3.94449013517 38.91623023528 13.52763240148
S -3.94449013517 38.91623023528 10.39021104908
Mo -5.46070799725 37.91339021078 11.95892172528
S -5.68146002190 41.54239659506 13.52763240148
S -5.68146002190 41.54239659506 10.39021104908
Mo -7.19767788398 40.53955657056 11.95892172528
S -7.41842990863 44.16856295485 13.52763240148
S -7.41842990863 44.16856295485 10.39021104908
Mo -8.93464777071 43.16572293034 11.95892172528
S -9.15539979536 46.79472931463 13.52763240148
S -9.15539979536 46.79472931463 10.39021104908
Mo -10.67161765744 45.79188929012 11.95892172528
S -10.89236968209 49.42089567441 13.52763240148
S -10.89236968209 49.42089567441 10.39021104908
Mo -12.40858754417 48.41805564991 11.95892172528
S -12.62933956882 52.04706203419 13.52763240148
S -12.62933956882 52.04706203419 10.39021104908
Mo -14.14555743090 51.04422200969 11.95892172528
S -14.36630945555 54.67322839397 13.52763240148
S -14.36630945555 54.67322839397 10.39021104908
Mo -15.88252731763 53.67038836947 11.95892172528
Mo -17.61949720437 56.29655472925 11.95892172528
Mo -4.05486614782 40.73073343287 11.95892172528
S -4.27561817247 44.35973981715 13.52763240148
S -4.27561817247 44.35973981715 10.39021104908
Mo -5.79183603455 43.35689979265 11.95892172528
S -6.01258805920 46.98590617693 13.52763240148
S -6.01258805920 46.98590617693 10.39021104908
Mo -7.52880592128 45.98306615243 11.95892172528
S -7.74955794593 49.61207253671 13.52763240148
S -7.74955794593 49.61207253671 10.39021104908
Mo -9.26577580801 48.60923251221 11.95892172528
S -9.48652783266 52.23823889650 13.52763240148
S -9.48652783266 52.23823889650 10.39021104908
Mo -11.00274569474 51.23539887199 11.95892172528
Mo -12.73971558147 53.86156523178 11.95892172528
Mo -4.38599418512 46.17424301474 11.95892172528
S -4.60674620976 49.80324939902 13.52763240148
S -4.60674620976 49.80324939902 10.39021104908
Mo -6.12296407185 48.80040937452 11.95892172528
Mo -7.85993395858 51.42657573430 11.95892172528
Number of points in layer 2: 813

Total number of atoms: 1626