C -0.0622710537 1.0036629887 0.0000000000
C 0.0036629929 1.0586080440 0.0000000000
C -0.0732600876 0.8278388168 0.0000000000
C -0.0073259972 0.8827838695 0.0000000000
C -0.0659340650 0.9450549314 0.0000000000
C 0.0586080494 0.9377289247 0.0000000000
C -0.0000000184 0.9999999867 0.0000000000
C 0.1245421399 0.9926739773 0.0000000000
C 0.0659340720 1.0549450393 0.0000000000
C 0.1904761865 1.0476190326 0.0000000000
C 0.2564102769 1.1025640852 0.0000000000
C -0.0842490777 0.6520146423 0.0000000000
C -0.0183150311 0.7069596975 0.0000000000
C -0.0769230989 0.7692307595 0.0000000000
C 0.0476190593 0.7619047502 0.0000000000
C -0.0109890085 0.8241758121 0.0000000000
C 0.1135531059 0.8168498054 0.0000000000
C 0.0549450381 0.8791208674 0.0000000000
C 0.1794871964 0.8717948581 0.0000000000
C 0.1208791286 0.9340659200 0.0000000000
C 0.2454212430 0.9267399133 0.0000000000
C 0.1868131752 0.9890109753 0.0000000000
C 0.3113553334 0.9816849660 0.0000000000
C 0.2527472656 1.0439560279 0.0000000000
C 0.3772893801 1.0366300212 0.0000000000
C 0.3186813122 1.0989010832 0.0000000000
C 0.4432234705 1.0915750738 0.0000000000
C -0.0952381117 0.4761904704 0.0000000000
C -0.0293040212 0.5311355230 0.0000000000
C -0.0879120890 0.5934065850 0.0000000000
C 0.0366300254 0.5860805783 0.0000000000
C -0.0219780424 0.6483516402 0.0000000000
C 0.1025641159 0.6410256309 0.0000000000
C 0.0439560480 0.7032966929 0.0000000000
C 0.1684981625 0.6959706861 0.0000000000
C 0.1098900946 0.7582417481 0.0000000000
C 0.2344322529 0.7509157388 0.0000000000
C 0.1758241851 0.8131868008 0.0000000000
C 0.3003662995 0.8058607940 0.0000000000
C 0.2417582317 0.8681318560 0.0000000000
C 0.3663003900 0.8608058467 0.0000000000
C 0.3076923221 0.9230769087 0.0000000000
C 0.4322344366 0.9157509019 0.0000000000
C 0.3736263687 0.9780219639 0.0000000000
C 0.4981685270 0.9706959546 0.0000000000
C 0.4395604592 1.0329670165 0.0000000000
C 0.5641025736 1.0256410098 0.0000000000
C 0.5054945058 1.0879120718 0.0000000000
C 0.6300366641 1.0805860625 0.0000000000
C -0.0402930551 0.3553113511 0.0000000000
C -0.0989011230 0.4175824131 0.0000000000
C 0.0256410353 0.4102564037 0.0000000000
C -0.0329670325 0.4725274657 0.0000000000
C 0.0915750819 0.4652014590 0.0000000000
C 0.0329670141 0.5274725209 0.0000000000
C 0.1575091724 0.5201465116 0.0000000000
C 0.0989011045 0.5824175736 0.0000000000
C 0.2234432190 0.5750915669 0.0000000000
C 0.1648351512 0.6373626288 0.0000000000
C 0.2893773094 0.6300366195 0.0000000000
C 0.2307692416 0.6923076815 0.0000000000
C 0.3553113560 0.6849816748 0.0000000000
C 0.2967032882 0.7472527367 0.0000000000
C 0.4212454465 0.7399267274 0.0000000000
C 0.3626373787 0.8021977894 0.0000000000
C 0.4871794931 0.7948717826 0.0000000000
C 0.4285714253 0.8571428446 0.0000000000
C 0.5531135836 0.8498168353 0.0000000000
C 0.4945055157 0.9120878973 0.0000000000
C 0.6190476302 0.9047618905 0.0000000000
C 0.5604395623 0.9670329525 0.0000000000
C 0.6849817206 0.9597069432 0.0000000000
C 0.6263736528 1.0219780052 0.0000000000
C 0.7509157672 1.0146519984 0.0000000000
C 0.6923076994 1.0769230604 0.0000000000
C 0.8168498577 1.0695970511 0.0000000000
C -0.0512820452 0.1794871766 0.0000000000
C 0.0146520014 0.2344322318 0.0000000000
C -0.0439560664 0.2967032938 0.0000000000
C 0.0805860918 0.2893772845 0.0000000000
C 0.0219780240 0.3516483464 0.0000000000
C 0.1465201385 0.3443223397 0.0000000000
C 0.0879120706 0.4065934017 0.0000000000
C 0.2124542289 0.3992673924 0.0000000000
C 0.1538461611 0.4615384543 0.0000000000
C 0.2783882755 0.4542124476 0.0000000000
C 0.2197802077 0.5164835096 0.0000000000
C 0.3443223660 0.5091575002 0.0000000000
C 0.2857142981 0.5714285622 0.0000000000
C 0.4102564126 0.5641025555 0.0000000000
C 0.3516483447 0.6263736174 0.0000000000
C 0.4761905030 0.6190476081 0.0000000000
C 0.4175824352 0.6813186701 0.0000000000
C 0.5421245496 0.6739926634 0.0000000000
C 0.4835164818 0.7362637253 0.0000000000
C 0.6080586401 0.7289377160 0.0000000000
C 0.5494505722 0.7912087780 0.0000000000
C 0.6739926867 0.7838827713 0.0000000000
C 0.6153846189 0.8461538332 0.0000000000
C 0.7399267771 0.8388278239 0.0000000000
C 0.6813187093 0.9010988859 0.0000000000
C 0.8058608237 0.8937728791 0.0000000000
C 0.7472527559 0.9560439411 0.0000000000
C 0.8717949142 0.9487179318 0.0000000000
C 0.8131868464 1.0109889938 0.0000000000
C 0.8791208930 1.0659340490 0.0000000000
C -0.0549450565 0.1208791193 0.0000000000
C 0.0695970579 0.1135531125 0.0000000000
C 0.0109889901 0.1758241745 0.0000000000
C 0.1355311484 0.1684981652 0.0000000000
C 0.0769230805 0.2307692272 0.0000000000
C 0.2014651950 0.2234432204 0.0000000000
C 0.1428571271 0.2857142824 0.0000000000
C 0.2673992854 0.2783882731 0.0000000000
C 0.2087912176 0.3406593351 0.0000000000
C 0.3333333320 0.3333333283 0.0000000000
C 0.2747252642 0.3956043903 0.0000000000
C 0.3992674225 0.3882783810 0.0000000000
C 0.3406593547 0.4505494429 0.0000000000
C 0.4652014691 0.4432234362 0.0000000000
C 0.4065934013 0.5054944982 0.0000000000
C 0.5311355595 0.4981684889 0.0000000000
C 0.4725274917 0.5604395508 0.0000000000
C 0.5970696061 0.5531135441 0.0000000000
C 0.5384615383 0.6153846061 0.0000000000
C 0.6630036966 0.6080585967 0.0000000000
C 0.6043956288 0.6703296587 0.0000000000
C 0.7289377432 0.6630036520 0.0000000000
C 0.6703296754 0.7252747139 0.0000000000
C 0.7948718337 0.7179487046 0.0000000000
C 0.7362637658 0.7802197666 0.0000000000
C 0.8608058803 0.7728937599 0.0000000000
C 0.8021978124 0.8351648218 0.0000000000
C 0.8681319029 0.8901098745 0.0000000000
C 0.1318681371 0.1098901079 0.0000000000
C 0.1978021837 0.1648351631 0.0000000000
C 0.3223443419 0.1575091538 0.0000000000
C 0.2637362741 0.2197802158 0.0000000000
C 0.3882783886 0.2124542090 0.0000000000
C 0.3296703207 0.2747252710 0.0000000000
C 0.4542124790 0.2673992617 0.0000000000
C 0.3956044112 0.3296703237 0.0000000000
C 0.5201465256 0.3223443169 0.0000000000
C 0.4615384578 0.3846153789 0.0000000000
C 0.5860806161 0.3772893696 0.0000000000
C 0.5274725482 0.4395604316 0.0000000000
C 0.6520146627 0.4322344248 0.0000000000
C 0.5934065948 0.4945054868 0.0000000000
C 0.7179487531 0.4871794775 0.0000000000
C 0.6593406853 0.5494505394 0.0000000000
C 0.7838827997 0.5421245327 0.0000000000
C 0.7252747319 0.6043955947 0.0000000000
C 0.8498168902 0.5970695854 0.0000000000
C 0.7912088223 0.6593406473 0.0000000000
C 0.8571428690 0.7142857026 0.0000000000
C 0.3846153772 0.1538461517 0.0000000000
C 0.5091575355 0.1465201424 0.0000000000
C 0.4505494677 0.2087912044 0.0000000000
C 0.5750915821 0.2014651977 0.0000000000
C 0.5164835143 0.2637362596 0.0000000000
C 0.6410256726 0.2564102503 0.0000000000
C 0.5824176048 0.3186813123 0.0000000000
C 0.7069597192 0.3113553055 0.0000000000
C 0.6483516514 0.3736263675 0.0000000000
C 0.7728938096 0.3663003582 0.0000000000
C 0.7142857418 0.4285714202 0.0000000000
C 0.8388278563 0.4212454134 0.0000000000
C 0.7802197884 0.4835164754 0.0000000000
C 0.8461538789 0.5384615281 0.0000000000
C 0.5714285708 0.1428571403 0.0000000000
C 0.6959707291 0.1355311310 0.0000000000
C 0.6373626613 0.1978021930 0.0000000000
C 0.7619047757 0.1904761863 0.0000000000
C 0.7032967079 0.2527472482 0.0000000000
C 0.8278388662 0.2454212389 0.0000000000
C 0.7692307983 0.3076923009 0.0000000000
C 0.8937729128 0.3003662942 0.0000000000
C 0.8351648449 0.3626373561 0.0000000000
C 0.7582417644 0.1318681290 0.0000000000
C 0.8827839227 0.1245421196 0.0000000000
C 0.8241758549 0.1868131816 0.0000000000
C 0.8901099015 0.2417582368 0.0000000000
C -0.0586080897 0.9963369991 0.1341463395
C -0.0036629759 1.0622710253 0.1341463395
C -0.1025641111 0.7435897482 0.1341463395
C -0.0476190411 0.8095237770 0.1341463395
C 0.0073260066 0.8754578550 0.1341463395
C -0.0549450661 0.9340659087 0.1341463395
C 0.0622710542 0.9413919330 0.1341463395
C -0.0000000184 0.9999999867 0.1341463395
C 0.1172161019 1.0073260109 0.1341463395
C 0.0549450293 1.0659340646 0.1341463395
C 0.1721611719 1.0732600398 0.1341463395
C -0.0915751063 0.5567765287 0.1341463395
C -0.0366300148 0.6227106041 0.1341463395
C -0.0989010875 0.6813186578 0.1341463395
C 0.0183150328 0.6886446820 0.1341463395
C -0.0439560398 0.7472527357 0.1341463395
C 0.0732600805 0.7545787600 0.1341463395
C 0.0109890079 0.8131868137 0.1341463395
C 0.1282051505 0.8205127889 0.1341463395
C 0.0659340779 0.8791208426 0.1341463395
C 0.1831501982 0.8864468668 0.1341463395
C 0.1208791256 0.9450549205 0.1341463395
C 0.2380952459 0.9523809448 0.1341463395
C 0.1758241732 1.0109889985 0.1341463395
C 0.2930402935 1.0183150228 0.1341463395
C 0.2307692209 1.0769230765 0.1341463395
C 0.3479853636 1.0842490516 0.1341463395
C -0.0805860801 0.3699633557 0.1341463395
C -0.0256410324 0.4358974337 0.1341463395
C -0.0879121050 0.4945054874 0.1341463395
C 0.0293040153 0.5018315117 0.1341463395
C -0.0329670574 0.5604395654 0.1341463395
C 0.0842490853 0.5677655405 0.1341463395
C 0.0219780127 0.6263735942 0.1341463395
C 0.1391941330 0.6336996185 0.1341463395
C 0.0769231042 0.6923076696 0.1341463395
C 0.1941391806 0.6996336965 0.1341463395
C 0.1318681518 0.7582417476 0.1341463395
C 0.2490842283 0.7655677745 0.1341463395
C 0.1868131995 0.8241758256 0.1341463395
C 0.3040292983 0.8315018033 0.1341463395
C 0.2417582695 0.8901098544 0.1341463395
C 0.3589743898 0.8974358787 0.1341463395
C 0.2967033172 0.9560439324 0.1341463395
C 0.4139194375 0.9633699567 0.1341463395
C 0.3516483649 1.0219780104 0.1341463395
C 0.4688644852 1.0293040346 0.1341463395
C 0.4065934126 1.0879120883 0.1341463395
C 0.5238095552 1.0952380635 0.1341463395
C -0.0695970538 0.1831501828 0.1341463395
C -0.0146520061 0.2490842608 0.1341463395
C -0.0769230787 0.3076923145 0.1341463395
C 0.0402930639 0.3150182896 0.1341463395
C -0.0219780311 0.3736263924 0.1341463395
C 0.0952381116 0.3809523676 0.1341463395
C 0.0329670389 0.4395604213 0.1341463395
C 0.1501831593 0.4468864456 0.1341463395
C 0.0879120866 0.5054944993 0.1341463395
C 0.2051282069 0.5128205235 0.1341463395
C 0.1428571343 0.5714285772 0.1341463395
C 0.2600732769 0.5787545524 0.1341463395
C 0.1978022043 0.6373626061 0.1341463395
C 0.3150183246 0.6446886304 0.1341463395
C 0.2527472520 0.7032966840 0.1341463395
C 0.3699633723 0.7106227083 0.1341463395
C 0.3076922996 0.7692307620 0.1341463395
C 0.4249084200 0.7765567863 0.1341463395
C 0.3626373473 0.8351648400 0.1341463395
C 0.4798534900 0.8424908151 0.1341463395
C 0.4175824173 0.9010988688 0.1341463395
C 0.5347985376 0.9084248931 0.1341463395
C 0.4725275088 0.9670329442 0.1341463395
C 0.5897435853 0.9743589711 0.1341463395
C 0.5274725565 1.0329670222 0.1341463395
C 0.6446886553 1.0402929999 0.1341463395
C 0.5824176042 1.0989011002 0.1341463395
C -0.0659340963 0.1208791441 0.1341463395
C 0.0512820464 0.1282051192 0.1341463395
C -0.0109890263 0.1868131729 0.1341463395
C 0.1062270940 0.1941391972 0.1341463395
C 0.0439560652 0.2527472483 0.1341463395
C 0.1611721417 0.2600732752 0.1341463395
C 0.0989011129 0.3186813263 0.1341463395
C 0.2161172117 0.3260073040 0.1341463395
C 0.1538461829 0.3846153552 0.1341463395
C 0.2710622594 0.3919413820 0.1341463395
C 0.2087912306 0.4505494331 0.1341463395
C 0.3260073509 0.4578754574 0.1341463395
C 0.2637362783 0.5164835111 0.1341463395
C 0.3809523986 0.5238095354 0.1341463395
C 0.3186813259 0.5824175891 0.1341463395
C 0.4358974686 0.5897435642 0.1341463395
C 0.3736263959 0.6483516179 0.1341463395
C 0.4908425163 0.6556776422 0.1341463395
C 0.4285714436 0.7142856959 0.1341463395
C 0.5457875639 0.7216117202 0.1341463395
C 0.4835164913 0.7802197739 0.1341463395
C 0.6007326116 0.7875457982 0.1341463395
C 0.5384615390 0.8461538519 0.1341463395
C 0.6556776816 0.8534798270 0.1341463395
C 0.5934066090 0.9120878807 0.1341463395
C 0.7106227293 0.9194139050 0.1341463395
C 0.6483516566 0.9780219587 0.1341463395
C 0.7655677770 0.9853479830 0.1341463395
C 0.7032967043 1.0439560366 0.1341463395
C 0.8205128470 1.0512820118 0.1341463395
C 0.1098901177 0.1318681068 0.1341463395
C 0.2271062380 0.1391941311 0.1341463395
C 0.1648351654 0.1978021848 0.1341463395
C 0.2820512857 0.2051282091 0.1341463395
C 0.2197802130 0.2637362628 0.1341463395
C 0.3369963334 0.2710622871 0.1341463395
C 0.2747252607 0.3296703407 0.1341463395
C 0.3919414034 0.3369963159 0.1341463395
C 0.3296703307 0.3956043696 0.1341463395
C 0.4468864510 0.4029303939 0.1341463395
C 0.3846153784 0.4615384476 0.1341463395
C 0.5018314987 0.4688644718 0.1341463395
C 0.4395604699 0.5274725230 0.1341463395
C 0.5567765464 0.5347985498 0.1341463395
C 0.4945055176 0.5934066009 0.1341463395
C 0.6117216164 0.6007325787 0.1341463395
C 0.5494505876 0.6593406298 0.1341463395
C 0.6666666641 0.6666666566 0.1341463395
C 0.6043956353 0.7252747078 0.1341463395
C 0.7216117556 0.7326007320 0.1341463395
C 0.6593406829 0.7912087857 0.1341463395
C 0.7765568256 0.7985347609 0.1341463395
C 0.7142857306 0.8571428637 0.1341463395
C 0.8315018733 0.8644688389 0.1341463395
C 0.7692308006 0.9230768925 0.1341463395
C 0.8864469209 0.9304029168 0.1341463395
C 0.8241758483 0.9890109705 0.1341463395
C 0.8791208960 1.0549450485 0.1341463395
C 0.2857143093 0.1428571187 0.1341463395
C 0.4029304296 0.1501831429 0.1341463395
C 0.3406593570 0.2087911966 0.1341463395
C 0.4578754773 0.2161172209 0.1341463395
C 0.3956044047 0.2747252746 0.1341463395
C 0.5128205250 0.2820512989 0.1341463395
C 0.4505494524 0.3406593526 0.1341463395
C 0.5677655950 0.3479853277 0.1341463395
C 0.5054945224 0.4065933814 0.1341463395
C 0.6227106427 0.4139194057 0.1341463395
C 0.5604395700 0.4725274594 0.1341463395
C 0.6776556904 0.4798534837 0.1341463395
C 0.6153846177 0.5384615374 0.1341463395
C 0.7326007604 0.5457875125 0.1341463395
C 0.6703296654 0.6043956154 0.1341463395
C 0.7875458080 0.6117215905 0.1341463395
C 0.7252747354 0.6703296442 0.1341463395
C 0.8424908557 0.6776556685 0.1341463395
C 0.7802197831 0.7362637222 0.1341463395
C 0.8351648746 0.8021977976 0.1341463395
C 0.8901099223 0.8681318756 0.1341463395
C 0.4615385010 0.1538461305 0.1341463395
C 0.5787545774 0.1611721574 0.1341463395
C 0.5164835486 0.2197802085 0.1341463395
C 0.6336996251 0.2271062354 0.1341463395
C 0.5714285963 0.2857142865 0.1341463395
C 0.6886447390 0.2930402616 0.1341463395
C 0.6263736440 0.3516483645 0.1341463395
C 0.7435897867 0.3589743396 0.1341463395
C 0.6813187140 0.4175823933 0.1341463395
C 0.7985348343 0.4249084176 0.1341463395
C 0.7362637617 0.4835164713 0.1341463395
C 0.8534798820 0.4908424955 0.1341463395
C 0.7912088094 0.5494505492 0.1341463395
C 0.8461538570 0.6153846272 0.1341463395
C 0.6996337214 0.1062270913 0.1341463395
C 0.6373626488 0.1648351450 0.1341463395
C 0.7545787691 0.1721611692 0.1341463395
C 0.6923076965 0.2307692229 0.1341463395
C 0.8095238168 0.2380952472 0.1341463395
C 0.7472527441 0.2967033009 0.1341463395
C 0.8644688868 0.3040292761 0.1341463395
C 0.8021978356 0.3626373763 0.1341463395
C 0.8571429057 0.4285714051 0.1341463395
C 0.7582417704 0.1098901280 0.1341463395
C 0.8754579131 0.1172161031 0.1341463395
C 0.8131868404 0.1758241568 0.1341463395
C 0.8681318881 0.2417582348 0.1341463395
