natom :
364

Moire lattice vectors (in Angstrom)
a1 :
23.4669036085 0.0000000000 0.0000000000
a3 :
0.0000000000 0.0000000000 100.0000000000
a2 :
11.7334523495 20.3229343583 0.0000000000

type    Mass
1	12.0110000000
2	12.0110000000

Atomic positions (in Angstrom)
id    type    x    y    z
1	1	22.0487471145	0.0768105418	99.8572671612
2	1	0.7755985095	1.1897540570	99.8572671601
3	1	31.4563093656	16.8293416393	99.8888168264
4	1	33.6492692263	17.9433247805	99.8656746924
5	1	33.0066795731	19.2099281414	99.8629230734
6	1	12.3760106618	19.0563691458	99.8572671619
7	1	11.7334524475	20.3229341672	99.8543917542
8	1	14.5697980493	20.1694583070	99.8656746900
9	1	2.1937393625	1.1130831065	99.8628948491
10	1	5.0297369443	0.9606443479	99.8889694957
11	1	7.2224228503	2.0768764363	99.9203545473
12	1	29.1360677107	13.2549248435	99.9400039800
13	1	31.3257802858	14.3719042771	99.9144522190
14	1	30.6826230868	15.6385573187	99.9070213064
15	1	10.0505265168	15.4867320959	99.8889695019
16	1	32.8744379797	16.7532065228	99.8789738607
17	1	12.2435218867	16.6002445803	99.8738112019
18	1	11.6005411895	17.8665586560	99.8628948525
19	1	14.4372177438	17.7134387495	99.8737152894
20	1	13.7941821605	18.9796576684	99.8629230734
21	1	16.6310156318	18.8272909821	99.8888168253
22	1	15.9878863056	20.0934939630	99.8789738573
23	1	18.8244833927	19.9429682266	99.9144522152
24	1	6.4477263541	0.8862197521	99.9065761592
25	1	9.2840921007	0.7386463919	99.9400651542
26	1	8.6404178710	2.0046642551	99.9355485590
27	1	11.4769095661	1.8596336233	99.9533514438
28	1	26.8224231875	9.6771416745	99.9471609122
29	1	29.0100017069	10.7953146666	99.9509172789
30	1	28.3659690894	12.0619650849	99.9507600434
31	1	7.7310929733	11.9133514851	99.9400651584
32	1	30.5542225239	13.1799699853	99.9319794264
33	1	9.9208688780	13.0296944032	99.9203545558
34	1	9.2770781650	14.2959295778	99.9065761655
35	1	12.1126528930	14.1442264946	99.9029064542
36	1	11.4687917073	15.4100864288	99.8863642602
37	1	14.3057719741	15.2579374441	99.8959484232
38	1	13.6617953116	16.5235475781	99.8789529858
39	1	16.4995081396	16.3718183802	99.9023579765
40	1	15.8554217775	17.6373381162	99.8866156816
41	1	18.6932617320	17.4870902274	99.9198377810
42	1	18.0491082541	18.7526512423	99.9070213052
43	1	20.8866722050	18.6051112840	99.9400039794
44	1	20.2425076467	19.8707468178	99.9319794234
45	1	23.0797901354	19.7257400649	99.9509172785
46	1	10.7021468281	0.6684553089	99.9490705469
47	1	13.5394419400	0.5241777967	99.9450424893
48	1	12.8950871765	1.7897256351	99.9497770359
49	1	15.7327615332	1.6440148077	99.9252968536
50	1	26.6960864489	7.2182054630	99.9245407083
51	1	26.0520093285	8.4845140344	99.9364658431
52	1	5.4176827076	8.3353447741	99.9450424873
53	1	28.2406404684	9.6020306896	99.9494840430
54	1	7.6054876232	9.4538222892	99.9533514451
55	1	6.9612782897	10.7203756371	99.9490705487
56	1	9.7941656081	10.5718469011	99.9474682662
57	1	9.1493337283	11.8377808257	99.9355485656
58	1	11.9845952997	11.6881353904	99.9349223613
59	1	11.3392295464	12.9533678967	99.9180401885
60	1	14.1767645884	12.8029631049	99.9252968589
61	1	13.5310984709	14.0676741631	99.9066191806
62	1	16.3700105943	13.9172772557	99.9245407155
63	1	15.7242035174	15.1817554898	99.9068222049
64	1	18.5635878934	15.0322829231	99.9334300246
65	1	17.9178569370	16.2968612645	99.9188943319
66	1	20.7568957823	16.1494947611	99.9466377995
67	1	20.1115312656	17.4144199093	99.9371733039
68	1	22.9495833950	17.2692839786	99.9542347175
69	1	22.3048549802	18.5346662639	99.9507600434
70	1	25.1419455766	18.3903280530	99.9471609130
71	1	24.4978849980	19.6560957415	99.9494840440
72	1	27.3346151988	19.5103853812	99.9245407108
73	1	14.9575067018	0.4534237768	99.9317936440
74	1	17.7943280161	0.3048040126	99.8959484187
75	1	17.1508665024	1.5708225804	99.9066191760
76	1	19.9879252062	1.4196114254	99.8738111985
77	1	24.3749104912	3.6462769429	99.8737152855
78	1	3.1002563001	4.7601922876	99.8959484152
79	1	25.9239196898	6.0266810192	99.9068221983
80	1	5.2908301636	5.8759558336	99.9252968489
81	1	4.6473754834	7.1426416994	99.9317936406
82	1	7.4798983256	6.9940793458	99.9496044915
83	1	6.8358566671	8.2605984861	99.9497770343
84	1	9.6689210908	8.1132762746	99.9596119277
85	1	9.0237508699	9.3790937194	99.9533778036
86	1	11.8590366018	9.2315276371	99.9569155066
87	1	11.2125818745	10.4963720665	99.9457840604
88	1	14.0505538396	10.3481127658	99.9496044989
89	1	13.4031889369	11.6120864305	99.9360205519
90	1	16.2432316458	11.4634111733	99.9450424937
91	1	15.5954740746	12.7268683135	99.9317936485
92	1	18.4363434783	12.5783983812	99.9471609166
93	1	17.7887045500	13.8419101594	99.9364658482
94	1	20.6291416226	13.6946953234	99.9542282849
95	1	19.9821923230	14.9587624301	99.9474838644
96	1	22.8211475335	14.8130957341	99.9594288799
97	1	22.1753647334	16.0779969102	99.9569277266
98	1	25.0122879763	15.9331607346	99.9542282824
99	1	24.3678394278	17.1988795676	99.9550281137
100	1	27.2034497532	17.0531889376	99.9334300208
101	1	26.5599983475	18.3194439689	99.9364658442
102	1	29.3955614322	18.1709667212	99.9023579733
103	1	28.7525890282	19.4374316406	99.9068222008
104	1	31.5885840078	19.2861524082	99.8737152878
105	1	19.2123668731	0.2296991344	99.8789529828
106	1	21.4060757117	1.3432920483	99.8628948507
107	1	23.5998505054	2.4562823395	99.8629230717
108	1	2.9689091909	2.3030777401	99.8738111956
109	1	2.3261940694	3.5696870738	99.8789529798
110	1	5.1613177810	3.4177509709	99.9029064443
111	1	4.5183912926	4.6844370605	99.9066191712
112	1	7.3523838979	4.5348954552	99.9349223512
113	1	6.7089474498	5.8014580732	99.9360205425
114	1	9.5426479961	5.6544623651	99.9569155009
115	1	8.8981237210	6.9204580799	99.9549705689
116	1	11.7334520946	6.7743112432	99.9634351575
117	1	11.0873475771	8.0393234287	99.9593320006
118	1	13.9252953981	7.8927650339	99.9596119298
119	1	13.2776832011	9.1567042162	99.9549705742
120	1	16.1179590973	9.0094778344	99.9533514477
121	1	15.4694124276	10.2726096744	99.9497770398
122	1	18.3109203976	10.1248133694	99.9509172813
123	1	17.6621867613	11.3877417177	99.9494840473
124	1	20.5033771802	11.2402791260	99.9542347191
125	1	19.8552212053	12.5037271047	99.9550281162
126	1	22.6947165558	12.3571445947	99.9594288801
127	1	22.0478357924	13.6215531702	99.9616457083
128	1	24.8848481528	13.4756277822	99.9594288791
129	1	24.2395978721	14.7411066607	99.9616457070
130	1	27.0743296035	14.5951227297	99.9466377976
131	1	26.4304768632	15.8614017513	99.9474838615
132	1	29.2645383438	15.7134845100	99.9198377800
133	1	28.6214722016	16.9801192178	99.9188943293
134	1	30.8135768554	18.0960020465	99.8866156804
135	1	4.3869814879	2.2272208700	99.8863642527
136	1	6.5793432483	3.3433760717	99.9180401787
137	1	9.4143328932	3.1960719919	99.9474682597
138	1	8.7704879213	4.4621939439	99.9457840527
139	1	11.6061398087	4.3168924289	99.9596119264
140	1	10.9609716425	5.5822622406	99.9593319983
141	1	13.7986716903	5.4369437411	99.9569155043
142	1	13.1520370529	6.7013481184	99.9593320006
143	1	15.9918577801	6.5550148421	99.9474682645
144	1	15.3441105750	7.8185901519	99.9533778047
145	1	18.1851712177	7.6709358666	99.9400651575
146	1	17.5369311455	8.9341028506	99.9490705500
147	1	20.3779723276	8.7858319822	99.9400039804
148	1	19.7298881598	10.0492368084	99.9507600450
149	1	22.5694868545	9.9012506171	99.9466377986
150	1	21.9221713742	11.1654297032	99.9569277270
151	1	24.7592826428	11.0180120494	99.9542282827
152	1	24.1132785583	12.2832083315	99.9616457074
153	1	26.9477516706	12.1363050036	99.9542347170
154	1	26.3031761133	13.4024415425	99.9569277254
155	1	28.4924691789	14.5215622611	99.9371733030
156	1	10.8324948233	3.1252499141	99.9533778006
157	1	13.6699041173	2.9807416229	99.9496044946
158	1	13.0245493440	4.2457714909	99.9549705710
159	1	15.8633770963	4.0999028942	99.9349223567
160	1	15.2172864714	5.3643677843	99.9457840577
161	1	18.0570645563	5.2163629076	99.9203545521
162	1	17.4106046752	6.4804887107	99.9355485635
163	1	20.2504485602	6.3309955977	99.9144522170
164	1	19.6039820481	7.5951513444	99.9319794256
165	1	22.4429121693	7.4452933670	99.9198377795
166	1	21.7967117773	8.7098859937	99.9371733036
167	1	24.6336746005	8.5603962475	99.9334300207
168	1	23.9880430426	9.8257039747	99.9474838622
169	1	26.1776515859	10.9432614853	99.9550281134
170	1	15.0882198880	2.9093892834	99.9360205474
171	1	17.9263856067	2.7609562730	99.9029064494
172	1	17.2817834635	4.0261898171	99.9180401844
173	1	20.1200928272	3.8755572996	99.8889694983
174	1	19.4755517440	5.1407844755	99.9065761627
175	1	22.3133872475	4.9892354849	99.8888168245
176	1	21.6689808940	6.2546595916	99.9070213052
177	1	24.5056426700	6.1030830037	99.9023579716
178	1	23.8613830779	7.3688876679	99.9188943287
179	1	19.3445830829	2.6856264918	99.8863642565
180	1	22.1816449649	2.5330850143	99.8656746901
181	1	21.5383879268	3.7991676593	99.8789738583
182	1	23.7317135903	4.9125280049	99.8866156787
183	2	33.7821994903	20.2461233956	3.4427328389
184	2	24.1094620240	1.2665648045	3.4427328400
185	2	29.7905166516	15.1065710409	3.3796454472
186	2	31.8535449965	16.4473766413	3.4110304997
187	2	10.4481936042	17.7898489341	3.4343253074
188	2	33.1395280186	18.9796419336	3.4371051485
189	2	12.5090508191	19.1331798920	3.4427328378
190	2	11.7334524717	20.3229341602	3.4456082458
191	2	2.8363457419	0.1534756321	3.4343253094
192	2	2.0607299026	1.3432763135	3.4370769286
193	2	4.8975633946	1.4956429706	3.4111831767
194	2	27.8514109925	11.3134561097	3.3466485544
195	2	29.9186231820	12.6519980789	3.3599348417
196	2	29.1440566981	13.8424452647	3.3644514364
197	2	8.5169969914	13.9919383480	3.3855477799
198	2	31.2090038428	15.1821495065	3.3934238357
199	2	10.5799357461	15.3336984660	3.4111831709
200	2	9.8049364884	16.5237663137	3.4210261388
201	2	12.6414590664	16.6766569986	3.4262847089
202	2	11.8663991335	17.8666516404	3.4370769251
203	2	14.7023614502	18.0198562094	3.4261887987
204	2	13.9271916834	19.2098508728	3.4371051481
205	2	16.7631892679	19.3622895990	3.4110305003
206	2	4.2544339914	0.2294400087	3.4210261419
207	2	7.0910310995	0.3799657170	3.3855477836
208	2	6.3156560125	1.5702827428	3.3929786968
209	2	9.1532199745	1.7178226716	3.3599960216
210	2	25.9102162842	7.5199708342	3.3747031491
211	2	27.9766834097	8.8595227758	3.3549575116
212	2	27.2028642527	10.0503242993	3.3502229641
213	2	6.5774686215	10.1981205745	3.3490827198
214	2	29.2703830373	11.3888311277	3.3509294505
215	2	8.6445206256	11.5371019676	3.3599960170
216	2	7.8705304046	12.7277826337	3.3680205722
217	2	10.7094605363	12.8776405804	3.3801622151
218	2	9.9355293190	14.0682743860	3.3929786905
219	2	12.7721911134	14.2198509431	3.3976420210
220	2	11.9982620929	15.4104059768	3.4133843155
221	2	14.8337084211	15.5627416616	3.4040515760
222	2	14.0596462517	16.7532468992	3.4210470136
223	2	16.8947699799	16.9051829712	3.3970935466
224	2	16.1204337409	18.0957131110	3.4136357411
225	2	18.9558751187	18.2460575143	3.3796454459
226	2	18.1811786881	19.4367142242	3.3934238367
227	2	21.0175444361	19.5842875518	3.3599348426
228	2	8.5090553423	0.4521871572	3.3680205758
229	2	11.3463378535	0.5971938809	3.3490827204
230	2	10.5714027531	1.7882677218	3.3492399570
231	2	13.4084933527	1.9326059011	3.3528390855
232	2	23.9769733786	3.7226893561	3.4261888039
233	2	26.0392235386	5.0649965063	3.4040515846
234	2	25.2645500976	6.2552598119	3.3933808271
235	2	4.6365586130	6.4056566879	3.3754592923
236	2	27.3289257636	7.5960656593	3.3682063585
237	2	6.7028915772	7.7445355639	3.3528390879
238	2	5.9287349142	8.9351922640	3.3505159562
239	2	8.7699253437	9.0826548263	3.3457652810
240	2	7.9964363857	10.2736971674	3.3492399543
241	2	10.8360350907	10.4216833285	3.3533621976
242	2	10.0632600707	11.6130479883	3.3628266924
243	2	12.9002229113	11.7625377043	3.3665699727
244	2	12.1279314467	12.9540463103	3.3811056648
245	2	14.9626348292	13.1047284832	3.3754592831
246	2	14.1904681282	14.2962529579	3.3931777934
247	2	17.0242822275	14.4469781119	3.3747031411
248	2	16.2518434175	15.6384969178	3.3933808193
249	2	19.0858360317	15.7880384893	3.3650776393
250	2	18.3127954428	16.9795579011	3.3819598126
251	2	21.1477851050	17.1268619499	3.3525317340
252	2	20.3738701397	18.3182697256	3.3644514355
253	2	23.2103618418	18.4633003262	3.3466485535
254	2	22.4355991722	19.6544786623	3.3509294510
255	2	25.2728942862	19.7987561419	3.3549575096
256	2	12.7644327015	0.6668382338	3.3505159550
257	2	15.6011629282	0.8125485648	3.3754592880
258	2	14.8265461333	2.0034900141	3.3635341541
259	2	23.3339926123	2.4563753229	3.4371051508
260	2	2.7037655577	2.6094951962	3.4262847153
261	2	25.3952467979	3.7993863909	3.4210470203
262	2	4.7660560370	3.9511155603	3.3976420303
263	2	3.9907514655	5.1411784930	3.3931778027
264	2	6.8301358563	5.2906510307	3.3665699818
265	2	6.0552525780	6.4810238159	3.3635341582
266	2	8.8956896532	6.6282386210	3.3457717181
267	2	8.1217692943	7.8192068746	3.3449718864
268	2	10.9612646669	7.9657893563	3.3405711188
269	2	10.1887195400	9.1575042811	3.3430722714
270	2	13.0258308168	9.3049219039	3.3457717132
271	2	12.2545912790	10.4972300008	3.3525161329
272	2	15.0889714370	10.6457922695	3.3528390820
273	2	14.3185576337	11.8384199464	3.3635341498
274	2	17.1511346398	11.9875891746	3.3549575059
275	2	16.3808274738	13.1802922758	3.3682063507
276	2	19.2133503280	13.3288545964	3.3503955013
277	2	18.4423995117	14.5214759016	3.3639794483
278	2	21.2761000704	14.6684715776	3.3430844932
279	2	20.5039400592	15.8607400287	3.3542159398
280	2	23.3395919540	16.0060415108	3.3403880707
281	2	22.5659470272	17.1976840574	3.3466221956
282	2	25.4033563410	17.3421923188	3.3503955049
283	2	24.6285394577	18.5332083444	3.3502229630
284	2	27.4662138176	18.6789191413	3.3747031462
285	2	26.6909590543	19.8695101905	3.3682063554
286	2	29.5277803761	20.0181299238	3.4040515808
287	2	17.0191367409	0.8855023362	3.3931777981
288	2	19.8551317499	1.0367815401	3.4262847126
289	2	4.1219696044	2.6855958604	3.4133843230
290	2	6.9598095585	2.8358437178	3.3801622232
291	2	6.1844048236	4.0260727102	3.3811056743
292	2	9.0234436917	4.1734391862	3.3533622039
293	2	8.2487402851	5.3641715568	3.3525161402
294	2	11.0876955037	5.5098382222	3.3405711205
295	2	10.3143838297	6.7013808056	3.3383542925
296	2	13.1513961961	6.8473061615	3.3405711185
297	2	12.3798266570	8.0397256510	3.3383542901
298	2	15.2142997944	8.1866289483	3.3457652797
299	2	14.4441997653	9.3796724968	3.3449718821
300	2	17.2765498928	9.5276192821	3.3490827184
301	2	16.5071887172	10.7209032822	3.3505159518
302	2	19.3389394942	10.8691116505	3.3466485527
303	2	18.5693085942	12.0623354895	3.3502229601
304	2	21.4023730347	12.2096576683	3.3403880703
305	2	20.6315757235	13.4024758908	3.3450294258
306	2	23.4669041102	13.5486226959	3.3365648414
307	2	22.6944237180	14.7406717332	3.3406679984
308	2	25.5321237752	14.8859902027	3.3430844959
309	2	24.7580014926	16.0771624788	3.3450294282
310	2	27.5968292533	16.2230310448	3.3650776438
311	2	26.8216721004	17.4135446898	3.3639794529
312	2	29.6598378427	17.5619776722	3.3970935505
313	2	28.8843187956	18.7521114005	3.3933808241
314	2	31.7213775023	18.9033225250	3.4261888008
315	2	30.9458192355	20.0932348334	3.4210470169
316	2	21.2732272992	1.1130058386	3.4370769274
317	2	8.3780791029	2.9085140663	3.3628266994
318	2	11.2161312327	3.0536499648	3.3457652827
319	2	10.4419126285	4.2449370693	3.3430722750
320	2	13.2788358973	4.3897732155	3.3457717158
321	2	12.5061458483	5.5818273264	3.3383542915
322	2	15.3408775831	5.7278112243	3.3533621999
323	2	14.5697241609	6.9204924298	3.3430722716
324	2	17.4026157686	7.0680090957	3.3599960192
325	2	16.6325171999	8.2609688947	3.3492399541
326	2	19.4645447180	8.4095824631	3.3599348432
327	2	18.6947300910	9.6025583384	3.3509294501
328	2	21.5276174160	9.7510870420	3.3525317366
329	2	20.7572027393	10.9438402493	3.3466221958
330	2	23.5924884855	11.0914063021	3.3430844961
331	2	22.8207995172	12.2836105439	3.3406679992
332	2	25.6587473526	12.4301689087	3.3403880720
333	2	24.8854890658	13.6215858533	3.3406679998
334	2	27.7253098081	13.7679191002	3.3525317363
335	2	26.9507385585	14.9585661936	3.3542159431
336	2	29.0152356225	16.2967441542	3.3819598159
337	2	31.0780353058	17.6373074861	3.4136357428
338	2	12.6343872742	3.1240544040	3.3449718853
339	2	15.4699976038	3.2697450008	3.3665699770
340	2	14.6970247680	4.4615322284	3.3525161358
341	2	17.5310862774	4.6094494392	3.3801622193
342	2	16.7590171693	5.8013717210	3.3628266953
343	2	19.5923282784	5.9510296714	3.3855477834
344	2	18.8207705826	7.1429639822	3.3680205746
345	2	21.6543205602	7.2932395336	3.3796454497
346	2	20.8827854613	8.4851531511	3.3644514375
347	2	23.7180470554	8.6347985567	3.3650776452
348	2	22.9460336885	9.8265619058	3.3542159435
349	2	25.7840056603	9.9748211761	3.3503955061
350	2	25.0111350825	11.1662297557	3.3450294289
351	2	27.0775625281	12.5043438235	3.3466221969
352	2	17.6621092184	2.1519672296	3.3976420257
353	2	16.8880200573	3.3428147496	3.3811056691
354	2	19.7228572324	3.4935922963	3.4111831751
355	2	18.9491710040	4.6843766606	3.3929786942
356	2	21.7839780717	4.8362018535	3.4110305030
357	2	21.0105297784	6.0270043997	3.3934238386
358	2	23.8461045081	6.1787074502	3.3970935535
359	2	23.0726812253	7.3695660711	3.3819598179
360	2	25.1366406848	8.7108475474	3.3639794544
361	2	19.0801246550	2.2269319347	3.4133843196
362	2	21.9158170262	2.3796091682	3.4343253102
363	2	21.1409858463	3.5697274441	3.4210261422
364	2	23.2022432486	4.9128475515	3.4136357457
