natom :
114

Moire lattice vectors (in Angstrom)
a1 :
13.5823286303 0.0000000000 0.0000000000
a3 :
0.0000000000 0.0000000000 100.0000000000
a2 :
6.7911649460 11.7626412722 0.0000000000

type    Mass
1	95.9400000000
2	32.0660000000
3	32.0660000000
4	95.9400000000
5	32.0660000000
6	32.0660000000

Atomic positions (in Angstrom)
id    type    x    y    z
1	2	11.7869296271	0.2156283107	4.0843123221
2	3	11.8039230281	0.2216844045	7.1965051761
3	2	1.0844386022	1.4470472991	4.0843124044
4	3	1.0811866448	1.4293024242	7.1965052831
5	2	3.9444823849	2.6812956503	4.1064351057
6	3	3.9351521825	2.6626826192	7.2255076989
7	2	15.3632763385	7.6394588814	4.1189692464
8	3	15.3696634798	7.6415769198	7.2399425136
9	2	18.2119365693	8.8726247142	4.0986097525
10	3	18.2171279720	8.8922156357	7.2149622090
11	1	17.5083943088	10.5368840631	5.6524874038
12	2	7.5021247821	10.0999666598	4.0843123486
13	3	7.4883832496	10.1116552659	7.1965052097
14	1	13.5823284266	0.0000003332	5.6337570086
15	2	10.3747711179	11.3356871816	4.0986098606
16	3	10.3552092143	11.3303876053	7.2149623499
17	1	2.8683429916	1.2263031010	5.6513595682
18	2	6.4345921267	0.8231917718	4.1140741973
19	3	6.4361434897	0.8208563801	7.2350270202
20	1	5.7247064943	2.4723272492	5.6742185864
21	2	9.2880173515	2.0753746538	4.1064350307
22	3	9.3088018541	2.0766009560	7.2255076025
23	2	15.0241159389	4.5493919181	4.1086720797
24	3	15.0252264487	4.5273432622	7.2273897584
25	1	14.3030088632	6.1900554109	5.6790550704
26	2	4.2867728578	5.7785256278	4.1140741821
27	3	4.2839746821	5.7783499374	7.2350269990
28	1	17.1507398291	7.4311864117	5.6717530145
29	2	7.1409931353	7.0059719793	4.1064350301
30	3	7.1295388238	7.0233587345	7.2255075986
31	1	6.4190023194	8.6654322974	5.6513594523
32	2	10.0101596931	8.2393213921	4.1086720512
33	3	9.9905097040	8.2493839695	7.2273897210
34	1	9.2852513560	9.8942720036	5.6524875036
35	2	12.8670540196	9.4852581600	4.1189692733
36	3	12.8620262924	9.4897305854	7.2399425480
37	1	12.1536916969	11.1373832061	5.6717530878
38	2	15.7127107935	10.7365702507	4.1086719793
39	3	15.7312502907	10.7485563458	7.2273896337
40	1	8.2229176662	0.6301740693	5.6706021010
41	1	11.0861475844	1.8709069358	5.6513594835
42	1	13.9533408161	3.0941275419	5.6524875358
43	1	3.2254517582	4.3262992694	5.6706021774
44	2	6.7911642713	3.9208807617	4.1164182844
45	3	6.7911642810	3.9208807992	7.2385571811
46	1	6.0699089502	5.5687370127	5.6742185423
47	2	9.6521278377	5.1609248893	4.1140741969
48	3	9.6533746780	5.1634360490	7.2350270140
49	1	8.9251233998	6.8061690678	5.6706021353
50	2	12.5166559990	6.4005665252	4.1189692960
51	3	12.5152966623	6.3939761362	7.2399425720
52	1	11.7915695127	8.0434868190	5.6790550697
53	1	14.6524080351	9.2917414670	5.6790550111
54	1	8.5788773481	3.7215781570	5.6742185506
55	2	12.1602788074	3.3169716558	4.0986098414
56	3	12.1746492754	3.3026802528	7.2149623203
57	1	11.4425548907	4.9567140546	5.6717530900
58	5	16.0999653343	9.6860422408	10.4535404278
59	6	16.0791807984	9.6872685807	13.5726129908
60	5	18.5950866230	11.5409587796	10.4825428202
61	6	18.5780932505	11.5470149683	13.5947356740
62	5	14.2795458047	1.6509879130	10.4825427139
63	6	14.2932873608	1.6626766025	13.5947355925
64	5	13.9207018386	4.7392845020	10.4535403091
65	6	13.9321561095	4.7566712154	13.5726128997
66	5	16.4445379171	6.5992071557	10.4440210024
67	6	16.4432909874	6.6017182798	13.5649738190
68	4	15.3700406698	8.0410650958	12.0048294676
69	5	5.3834840139	8.4599629411	10.4640857869
70	6	5.3691135023	8.4456715664	13.5804382443
71	4	17.8773110458	9.8917363311	12.0276885674
72	5	7.8723501252	10.3333407755	10.4825427910
73	6	7.8756021158	10.3155959850	13.5947356525
74	4	13.5823270991	0.0000016805	12.0452909894
75	5	3.5640430144	0.4322555890	10.4640856405
76	6	3.5836049498	0.4269560873	13.5804381276
77	4	2.4940853057	1.8683712677	12.0265604423
78	5	6.0708603479	2.2729126441	10.4391054221
79	6	6.0758880921	2.2773850626	13.5600786988
80	4	13.2101650662	3.0972109940	12.0276884468
81	5	3.1993439303	3.5132592185	10.4516582242
82	6	3.2189938792	3.5233217996	13.5703759061
83	4	15.7162863896	4.9564741803	12.0084458189
84	5	5.7241311253	5.3686671024	10.4391054733
85	6	5.7254904220	5.3620766510	13.5600787428
86	4	4.6513894494	6.8059291933	12.0072949793
87	5	8.2340610798	7.2353000218	10.4516583377
88	6	8.2329505786	7.2132513089	13.5703759981
89	4	7.1621755362	8.6685157381	12.0265605722
90	5	10.7263155982	9.0999606539	10.4535403572
91	6	10.7356458293	9.0813476129	13.5726129371
92	4	9.6595065080	10.5363401903	12.0276884758
93	5	13.2273070838	10.9417868525	10.4440209806
94	6	13.2257557373	10.9394514881	13.5649737981
95	4	5.3625255293	0.6252600841	12.0072948922
96	5	8.9400841686	1.0140868950	10.4516583192
97	6	8.9215447101	1.0260730087	13.5703759798
98	4	7.8612421002	2.4709018463	11.9999929486
99	4	5.0004037225	3.7191564501	11.9999929160
100	5	8.5784977633	4.1210663796	10.4391054650
101	6	8.5721106591	4.1231843351	13.5600787367
102	4	7.5118433047	5.5725878896	11.9999929783
103	5	11.0751378240	5.9842933771	10.4440209779
104	6	11.0779360177	5.9841175906	13.5649738006
105	4	10.0166150285	7.4363440409	12.0084458731
106	5	13.5823276214	7.8417624584	10.4404908169
107	6	13.5823275789	7.8417624490	13.5626297136
108	4	12.5158699349	9.2903160419	12.0048294323
109	4	15.0140812719	11.1324692225	12.0084458884
110	4	10.7172282027	1.2257592479	12.0265605364
111	5	11.4259620726	2.8704276254	10.4640856876
112	6	11.4207707073	2.8900185339	13.5804381676
113	4	10.3595741273	4.3314569122	12.0072949303
114	4	12.8610720995	6.1939062724	12.0048294149
