natom :
244

Moire lattice vectors (in Angstrom)
a1 :
19.2132153783 0.0000000000 0.0000000000
a3 :
0.0000000000 0.0000000000 100.0000000000
a2 :
9.6066081349 16.6391323486 0.0000000000

type    Mass
1	12.0110000000
2	12.0110000000

Atomic positions (in Angstrom)
id    type    x    y    z
1	1	17.7960083346	0.0928232362	99.8650127355
2	1	0.7889889047	1.1809244919	99.8650121063
3	1	25.0367469806	13.1878001250	99.9056474746
4	1	27.2419754672	14.2771544286	99.8764796273
5	1	26.6137175075	15.5509596138	99.8727804403
6	1	10.2348223456	15.3653845363	99.8650125075
7	1	28.8198221924	16.6391323411	99.8610002686
8	1	12.4410630489	16.4536659552	99.8764784583
9	1	2.2061700244	1.0882771894	99.8727277850
10	1	5.0402454945	0.9040597046	99.9058981786
11	1	7.2453883576	1.9962037612	99.9380278524
12	1	22.6772158853	9.6393185470	99.9486407056
13	1	24.8790565535	10.7316494251	99.9321151712
14	1	24.2501130000	12.0055723207	99.9257340061
15	1	7.8694221247	11.8221207233	99.9058998126
16	1	26.4539270409	13.0958194960	99.8937451503
17	1	10.0746920143	12.9109512294	99.8872214629
18	1	9.4459968432	14.1843933662	99.8727287631
19	1	12.2808318638	13.9993703839	99.8870360503
20	1	11.6520443467	15.2726760237	99.8727796198
21	1	14.4870857342	15.0885591886	99.9056459748
22	1	13.8581533274	16.3618634648	99.8937436226
23	1	16.6930198907	16.1800705367	99.9321138932
24	1	6.4572558729	0.8142199281	99.9248259046
25	1	9.2921370053	0.6351965049	99.9477635379
26	1	8.6625370665	1.9082551855	99.9471714258
27	1	11.4979167251	1.7300060873	99.9416477518
28	1	20.3201799376	6.0911561760	99.9207230903
29	1	22.5225609245	7.1819651930	99.9400681596
30	1	21.8928958389	8.4556576895	99.9484549037
31	1	5.5106340958	8.2743061726	99.9477637383
32	1	24.0944855270	9.5482639363	99.9447779870
33	1	7.7126752899	9.3663389414	99.9380290529
34	1	7.0831134568	10.6398736019	99.9248273774
35	1	9.9165796886	10.4566000923	99.9217644164
36	1	9.2867799709	11.7295358411	99.9027600845
37	1	12.1220515962	11.5457168909	99.9138042881
38	1	11.4920670838	12.8182564984	99.8936874800
39	1	14.3282200539	12.6348938335	99.9207234945
40	1	13.6981026044	13.9073541897	99.9032278787
41	1	16.5343102299	13.7257789055	99.9374781435
42	1	15.9042420392	14.9984280268	99.9257325892
43	1	18.7399264796	14.8193859965	99.9486404734
44	1	18.1101472960	16.0923048202	99.9447773631
45	1	20.9453844331	15.9141276203	99.9400691203
46	1	10.7092995454	0.5480858169	99.9444159893
47	1	13.5444644390	0.3682684483	99.9138048358
48	1	12.9151405017	1.6413745907	99.9249963535
49	1	15.7504718939	1.4587167576	99.8872215091
50	1	20.1622025751	3.6358277689	99.8870355580
51	1	3.1533036674	4.7251467636	99.9138032436
52	1	21.7375353952	5.9989239752	99.9252341921
53	1	5.3558770685	5.8166401679	99.9416467947
54	1	4.7266126810	7.0905627988	99.9444153616
55	1	7.5580580986	6.9096306894	99.9541286007
56	1	6.9279352313	8.1830264440	99.9471719632
57	1	9.7613190419	8.0018632256	99.9500720170
58	1	9.1301142700	9.2743255514	99.9360238211
59	1	11.9660259809	9.0924857038	99.9416476631
60	1	11.3341713140	10.3641533028	99.9249961093
61	1	14.1716979363	10.1821715223	99.9400686297
62	1	13.5396668715	11.4535441304	99.9252348521
63	1	16.3774129077	11.2724443785	99.9474915102
64	1	15.7457474541	12.5441750354	99.9374296681
65	1	18.5824707234	12.3647973892	99.9546052553
66	1	17.9517382317	13.6372634222	99.9504906613
67	1	20.7867309823	13.4587860390	99.9474921662
68	1	20.1571668877	14.7319754154	99.9484554537
69	1	22.9912432409	14.5522144269	99.9207245988
70	1	22.3624409541	15.8257963518	99.9252356814
71	1	25.1966087065	15.6430664026	99.8870369737
72	1	14.9615083196	0.2775813300	99.8936880421
73	1	17.1676527198	1.3664617464	99.8727286018
74	1	19.3738812466	2.4546290023	99.8727794575
75	1	2.9946557205	2.2694642178	99.8872202210
76	1	2.3662442189	3.5432944101	99.8936865157
77	1	5.1992423876	3.3597104485	99.9217629681
78	1	4.5705079010	4.6336042229	99.9249949483
79	1	7.4027372176	4.4526191666	99.9500711982
80	1	6.7731391512	5.7261243496	99.9487758954
81	1	9.6066065968	5.5463772913	99.9591416131
82	1	8.9755172232	6.8189465473	99.9544291773
83	1	11.8114929893	6.6388457277	99.9541288478
84	1	11.1790059210	7.9103586558	99.9487765349
85	1	14.0170486938	7.7296292629	99.9477637556
86	1	13.3839075445	9.0004833990	99.9444157845
87	1	16.2225009601	8.8195597539	99.9486403682
88	1	15.5895805575	10.0906312257	99.9484549420
89	1	18.4269650272	9.9104933783	99.9546051243
90	1	17.7951344720	11.1824608343	99.9566509652
91	1	20.6302075984	11.0029735141	99.9546054669
92	1	19.9999421502	12.2759949404	99.9566513444
93	1	22.8329324186	12.0962417660	99.9374792256
94	1	22.2039147809	13.3699590704	99.9374307410
95	1	24.4082849709	14.4616820488	99.9032291676
96	1	4.4117474914	2.1778200635	99.9027585713
97	1	6.6163548794	3.2697486591	99.9360226074
98	1	9.4502687061	3.0906554737	99.9541284891
99	1	8.8200740109	4.3635532098	99.9544288629
100	1	11.6557635259	4.1846495238	99.9500719347
101	1	11.0242285867	5.4566322213	99.9544292215
102	1	13.8617561086	5.2765892834	99.9380287354
103	1	13.2293474958	6.5478503757	99.9471718858
104	1	16.0675668181	6.3665444146	99.9321143674
105	1	15.4350104587	7.6376955953	99.9447775077
106	1	18.2724006427	7.4562436838	99.9374781498
107	1	17.6403432796	8.7280300475	99.9504905519
108	1	20.4754994366	8.5470338943	99.9474914247
109	1	19.8445666622	9.8198085163	99.9566510166
110	1	22.0475617705	10.9129708502	99.9504912302
111	1	10.8676747311	3.0026489862	99.9487764537
112	1	13.7039976369	2.8228215252	99.9217643421
113	1	13.0733506028	4.0950578521	99.9360236471
114	1	15.9101520523	3.9129517192	99.9058991437
115	1	15.2794503870	5.1850385843	99.9248266879
116	1	18.1158104727	5.0019051849	99.9056461825
117	1	17.4852881902	6.2742640953	99.9257328058
118	1	19.6899810114	7.3641302846	99.9374294948
119	1	15.1212921900	2.7317763018	99.9027598377
120	1	17.9566046065	2.5474441986	99.8764788899
121	1	17.3275627686	3.8205816221	99.8937441697
122	1	19.5332555869	4.9092283214	99.9032276322
123	2	27.4026218992	16.5463023348	3.4349872642
124	2	19.8414350744	1.2737410608	3.4349878964
125	2	23.4683692336	11.3625363385	3.3619707368
126	2	25.5167653367	12.7261738825	3.3941000119
127	2	8.3500026235	14.0916813946	3.4235203690
128	2	26.7742661946	15.2726638731	3.4272710188
129	2	10.3956023838	15.4582010794	3.4349874950
130	2	9.6066122240	16.6391256104	3.4389997332
131	2	2.8344603454	0.1854596218	3.4235215419
132	2	2.0454416932	1.3664496030	3.4272207673
133	2	4.8804830592	1.5505664200	3.3943543140
134	2	21.5726388561	7.5466399179	3.3583530823
135	2	23.6236616254	8.9094963867	3.3522361935
136	2	22.8359605019	10.0912753040	3.3528279119
137	2	6.4609644885	10.2725812140	3.3678848228
138	2	24.8860635273	11.4540870886	3.3751725054
139	2	8.5092082884	11.6372204043	3.3943526818
140	2	7.7209606728	12.8185440119	3.4062548524
141	2	10.5556005112	13.0032977960	3.4129634153
142	2	9.7672792671	14.1844966207	3.4272197773
143	2	12.6012691171	14.3696613522	3.4127790873
144	2	11.8127835204	15.5508484101	3.4272718363
145	2	14.6468589615	15.7350658562	3.3941015194
146	2	4.2515505983	0.2772621379	3.4062563921
147	2	7.0864171578	0.4590550418	3.3678861059
148	2	6.2976393613	1.6406975968	3.3742676672
149	2	9.1333237737	1.8197395901	3.3513596877
150	2	19.6813048436	3.7281743537	3.4127795803
151	2	21.7286644226	5.0934087443	3.3861967452
152	2	20.9407841728	6.2749723272	3.3750049255
153	2	4.5650953766	6.4569541256	3.3599319109
154	2	22.9905204017	7.6386422736	3.3555846286
155	2	6.6158984554	7.8195658874	3.3513593840
156	2	5.8284080113	9.0014300867	3.3552220517
157	2	8.6657982301	9.1828819133	3.3625209531
158	2	7.8786858730	10.3648615554	3.3742661322
159	2	10.7135776454	10.5479693736	3.3792757762
160	2	9.9266534130	11.7298972901	3.3967711667
161	2	12.7599168527	11.9139787634	3.3861957479
162	2	11.9728575237	13.0958311796	3.4063125089
163	2	14.8058556752	13.2794150744	3.3782363291
164	2	14.0183608945	14.4613055324	3.3972408379
165	2	16.8520017217	14.6429217860	3.3619717806
166	2	16.0638693501	15.8249056592	3.3751738958
167	2	18.8987504615	16.0039290507	3.3522363458
168	2	8.5035445379	0.5468207794	3.3552227105
169	2	11.3387817128	0.7249979497	3.3599309973
170	2	10.5505641894	1.9071501675	3.3515448049
171	2	13.3846405807	2.0869111265	3.3792758574
172	2	19.0526096226	2.4547322363	3.4272719989
173	2	2.6742292495	2.6397552118	3.4129646423
174	2	21.0986798835	3.8208691195	3.4063134918
175	2	4.7216174674	4.0042317960	3.3792771808
176	2	3.9330643065	5.1855815328	3.3747659496
177	2	6.7708103089	5.3666812681	3.3525087628
178	2	5.9829780017	6.5484944296	3.3515452468
179	2	8.8203624644	6.7286322131	3.3453946293
180	2	8.0337407629	7.9110955854	3.3495089172
181	2	10.8688969470	8.0920916475	3.3525079800
182	2	10.0833785995	9.2749953087	3.3625695195
183	2	12.9159585203	9.4571602999	3.3599311785
184	2	12.1309331063	10.6402015870	3.3747647672
185	2	14.9624901312	10.8224853197	3.3583526684
186	2	14.1771210932	12.0055213306	3.3750042341
187	2	17.0093503836	12.1865063359	3.3499284361
188	2	16.2229681616	13.3693769060	3.3639768972
189	2	19.0568819820	13.5484700712	3.3458712487
190	2	18.2691504453	14.7308704124	3.3528283579
191	2	21.1045301106	14.9091194870	3.3583520357
192	2	20.3159130052	16.0910397782	3.3555839934
193	2	23.1510779516	16.2708571155	3.3861951385
194	2	12.7558382194	0.8133292474	3.3747645552
195	2	15.5900060359	0.9960591753	3.4129633624
196	2	4.0914999992	2.7317714313	3.3967727224
197	2	6.9277075726	2.9133466973	3.3625221853
198	2	6.1391448311	4.0949506032	3.3625708066
199	2	8.9758681012	4.2743282043	3.3453949187
200	2	8.1885318717	5.4566647858	3.3433491082
201	2	11.0236049979	5.6361520303	3.3453945998
202	2	10.2379641014	6.8193170454	3.3433486913
203	2	13.0706133467	6.9998069427	3.3513593763
204	2	12.2862933410	8.1834678423	3.3515446442
205	2	15.1172470008	8.3648193106	3.3522364243
206	2	14.3332256579	9.5485627139	3.3555842384
207	2	17.1646710720	9.7294948078	3.3458715602
208	2	16.3797522173	10.9130011905	3.3512238300
209	2	19.2132196744	11.0927482511	3.3408583849
210	2	18.4266871823	12.2755723720	3.3455709339
211	2	21.2623767284	12.4544760609	3.3499277770
212	2	20.4742880092	13.6364766385	3.3512233128
213	2	23.3106109797	13.8163040748	3.3782351846
214	2	22.5217539121	14.9977510346	3.3750034271
215	2	25.3570853465	15.1804088259	3.4127781415
216	2	24.5681218241	16.3615442736	3.4063119627
217	2	17.0071148288	1.0881660010	3.4272199415
218	2	8.3451355713	3.0018621729	3.3495096059
219	2	11.1801283358	3.1803395025	3.3525081514
220	2	10.3933395034	4.3631306261	3.3433488687
221	2	13.2263298246	4.5428837619	3.3625213391
222	2	12.4409591786	5.7261546746	3.3495090287
223	2	15.2724539956	5.9074760817	3.3678856363
224	2	14.4878829817	7.0908615668	3.3552223760
225	2	17.3192881655	7.2727865780	3.3619718384
226	2	16.5345481292	8.4560990914	3.3528284507
227	2	19.3679319571	8.6372623421	3.3499286321
228	2	18.5821302030	9.8201790348	3.3455710920
229	2	21.4181059837	10.0002798718	3.3458712482
230	2	20.6308416689	11.1824934174	3.3455707068
231	2	22.6799638094	12.5440678064	3.3639758974
232	2	24.7279055407	13.9073493468	3.3972395775
233	2	12.5973121249	3.2691664704	3.3625697667
234	2	15.4301444002	3.4513254157	3.3943533723
235	2	14.6435103887	4.6335532288	3.3742667971
236	2	17.4760349652	4.8170048460	3.3941013336
237	2	16.6897262930	5.9992519432	3.3751736266
238	2	19.5231925360	6.1825254898	3.3782367578
239	2	18.7367271315	7.3648000294	3.3639771261
240	2	20.7856188302	8.7287669904	3.3512239683
241	2	14.8016823290	2.1774435333	3.3967714326
242	2	17.6353728481	2.3619711402	3.4235211169
243	2	16.8473244409	3.5433060798	3.4062558143
244	2	18.8933928007	4.9095897687	3.3972410911
