natom :
42

Moire lattice vectors (in Angstrom)
a1 :
8.244221 0.000000 0.000000
a3 :
0.000000 0.000000 100.000000
a2 :
4.122110 7.139705 0.000000

type    Mass
1	95.940000
2	32.066000
3	32.066000
4	95.940000
5	32.066000
6	32.066000

Atomic positions (in Angstrom)
id    type    x    y    z
1	2	6.478528	0.336965	4.100092
2	3	6.472268	0.335291	7.219848
3	2	1.174653	1.360550	4.100092
4	3	1.176332	1.366809	7.219848
5	2	4.122074	2.379855	4.096006
6	3	4.122074	2.379855	7.203717
7	2	10.010154	4.422486	4.099176
8	3	10.015374	4.426670	7.219435
9	1	9.417796	6.120800	5.659575
10	2	4.713040	5.442049	4.100092
11	3	4.717621	5.437465	7.219848
12	1	12.366294	7.139658	5.661842
13	2	7.653284	6.457766	4.099176
14	3	7.647051	6.460196	7.219435
15	1	2.941340	1.019193	5.655586
16	1	5.890808	2.037640	5.655586
17	1	8.836077	3.062857	5.659575
18	1	3.534073	4.082731	5.655586
19	2	7.069115	3.399017	4.099176
20	3	7.070127	3.392404	7.219435
21	1	6.478679	5.095612	5.659575
22	5	7.067816	1.366807	10.459199
23	6	7.069496	1.360549	13.578955
24	4	7.652292	3.062855	12.019472
25	5	9.418242	3.392403	10.459612
26	6	9.419254	3.399016	13.579871
27	4	10.009689	5.095611	12.019472
28	5	3.526527	5.437464	10.459199
29	6	3.531107	5.442047	13.578955
30	4	12.366295	7.139657	12.017205
31	5	1.771880	0.335289	10.459199
32	6	1.765620	0.336964	13.578955
33	4	2.353341	2.037639	12.023461
34	5	4.122075	2.379853	10.475329
35	6	4.122075	2.379853	13.583041
36	4	4.710075	4.082729	12.023461
37	5	6.472995	4.426668	10.459612
38	6	6.478215	4.422485	13.579871
39	4	7.070573	6.120799	12.019472
40	5	8.841318	6.460194	10.459612
41	6	8.835085	6.457765	13.579871
42	4	5.302808	1.019192	12.023461
