C -0.0765027955 1.0054644710 0.0000000000
C 0.0054644365 1.0710382391 0.0000000000
C -0.0928961996 0.7923497172 0.0000000000
C -0.0109290216 0.8579234892 0.0000000000
C -0.0819672815 0.9344262210 0.0000000000
C 0.0710382103 0.9234972573 0.0000000000
C -0.0000000496 0.9999999891 0.0000000000
C 0.1530053884 0.9890710293 0.0000000000
C 0.0819671285 1.0655737611 0.0000000000
C 0.2349726203 1.0546447974 0.0000000000
C 0.3169397983 1.1202185693 0.0000000000
C -0.1092896576 0.5792349673 0.0000000000
C -0.0273224257 0.6448087354 0.0000000000
C -0.0983606856 0.7213114672 0.0000000000
C 0.0546447523 0.7103825074 0.0000000000
C -0.0163935076 0.7868852392 0.0000000000
C 0.1366119842 0.7759562755 0.0000000000
C 0.0655737243 0.8524590073 0.0000000000
C 0.2185791623 0.8415300475 0.0000000000
C 0.1475409024 0.9180327793 0.0000000000
C 0.3005463942 0.9071038156 0.0000000000
C 0.2295081343 0.9836065474 0.0000000000
C 0.3825135722 0.9726775876 0.0000000000
C 0.3114753123 1.0491803194 0.0000000000
C 0.4644808041 1.0382513557 0.0000000000
C 0.3934425442 1.1147540875 0.0000000000
C 0.5464479822 1.1038251276 0.0000000000
C -0.1256830618 0.3661202135 0.0000000000
C -0.0437158837 0.4316939855 0.0000000000
C -0.1147541436 0.5081967173 0.0000000000
C 0.0382513482 0.4972677536 0.0000000000
C -0.0327869117 0.5737704855 0.0000000000
C 0.1202185262 0.5628415256 0.0000000000
C 0.0491802663 0.6393442574 0.0000000000
C 0.2021857581 0.6284152937 0.0000000000
C 0.1311474982 0.7049180255 0.0000000000
C 0.2841529362 0.6939890657 0.0000000000
C 0.2131146763 0.7704917975 0.0000000000
C 0.3661201681 0.7595628338 0.0000000000
C 0.2950819082 0.8360655656 0.0000000000
C 0.4480873461 0.8251366058 0.0000000000
C 0.3770490862 0.9016393376 0.0000000000
C 0.5300545780 0.8907103739 0.0000000000
C 0.4590163181 0.9672131057 0.0000000000
C 0.6120217561 0.9562841459 0.0000000000
C 0.5409834962 1.0327868777 0.0000000000
C 0.6939889880 1.0218579140 0.0000000000
C 0.6229507281 1.0983606458 0.0000000000
C 0.7759561660 1.0874316859 0.0000000000
C -0.0601092879 0.2185792318 0.0000000000
C 0.0218578902 0.2841530037 0.0000000000
C -0.0491803697 0.3606557355 0.0000000000
C 0.1038251221 0.3497267718 0.0000000000
C 0.0327868622 0.4262295037 0.0000000000
C 0.1857923001 0.4153005438 0.0000000000
C 0.1147540402 0.4918032756 0.0000000000
C 0.2677595320 0.4808743119 0.0000000000
C 0.1967212721 0.5573770437 0.0000000000
C 0.3497267101 0.5464480839 0.0000000000
C 0.2786884502 0.6229508157 0.0000000000
C 0.4316939420 0.6120218520 0.0000000000
C 0.3606556821 0.6885245838 0.0000000000
C 0.5136611200 0.6775956240 0.0000000000
C 0.4426228601 0.7540983558 0.0000000000
C 0.5956283519 0.7431693921 0.0000000000
C 0.5245900920 0.8196721239 0.0000000000
C 0.6775955299 0.8087431641 0.0000000000
C 0.6065572701 0.8852458959 0.0000000000
C 0.7595627619 0.8743169322 0.0000000000
C 0.6885245020 0.9508196640 0.0000000000
C 0.8415299399 0.9398907042 0.0000000000
C 0.7704916800 1.0163934360 0.0000000000
C 0.8524589119 1.0819672041 0.0000000000
C -0.0655737739 0.1475409818 0.0000000000
C 0.0874316640 0.1366120219 0.0000000000
C 0.0163934042 0.2131147538 0.0000000000
C 0.1693988960 0.2021857901 0.0000000000
C 0.0983606361 0.2786885219 0.0000000000
C 0.2513660740 0.2677595620 0.0000000000
C 0.1803278141 0.3442622938 0.0000000000
C 0.3333333059 0.3333333301 0.0000000000
C 0.2622950460 0.4098360620 0.0000000000
C 0.4153004839 0.3989071021 0.0000000000
C 0.3442622240 0.4754098339 0.0000000000
C 0.4972677158 0.4644808702 0.0000000000
C 0.4262294560 0.5409836020 0.0000000000
C 0.5792348939 0.5300546422 0.0000000000
C 0.5081966340 0.6065573740 0.0000000000
C 0.6612021258 0.5956284103 0.0000000000
C 0.5901638659 0.6721311421 0.0000000000
C 0.7431693038 0.6612021823 0.0000000000
C 0.6721310439 0.7377049141 0.0000000000
C 0.8251365357 0.7267759504 0.0000000000
C 0.7540982759 0.8032786822 0.0000000000
C 0.8360654539 0.8688524542 0.0000000000
C 0.1639344099 0.1311475401 0.0000000000
C 0.2459015880 0.1967213121 0.0000000000
C 0.3989070798 0.1857923484 0.0000000000
C 0.3278688199 0.2622950802 0.0000000000
C 0.4808742578 0.2513661203 0.0000000000
C 0.4098359979 0.3278688521 0.0000000000
C 0.5628414897 0.3169398884 0.0000000000
C 0.4918032298 0.3934426203 0.0000000000
C 0.6448086678 0.3825136604 0.0000000000
C 0.5737704079 0.4590163922 0.0000000000
C 0.7267758997 0.4480874285 0.0000000000
C 0.6557376398 0.5245901603 0.0000000000
C 0.8087430777 0.5136612005 0.0000000000
C 0.7377048178 0.5901639323 0.0000000000
C 0.8196720497 0.6557377004 0.0000000000
C 0.4754097718 0.1803278703 0.0000000000
C 0.6284152636 0.1693989066 0.0000000000
C 0.5573770037 0.2459016385 0.0000000000
C 0.7103824417 0.2349726786 0.0000000000
C 0.6393441818 0.3114754104 0.0000000000
C 0.7923496736 0.3005464467 0.0000000000
C 0.7213114137 0.3770491786 0.0000000000
C 0.8032785917 0.4426229505 0.0000000000
C 0.7049179557 0.1639344286 0.0000000000
C 0.8579234475 0.1530054649 0.0000000000
C 0.7868851876 0.2295081968 0.0000000000
C 0.8688523656 0.2950819687 0.0000000000
C -0.0710383066 0.9945355326 0.1341463395
C -0.0054645243 1.0765027350 0.1341463395
C -0.1202186110 0.6830600885 0.1341463395
C -0.0546448286 0.7650272909 0.1341463395
C 0.0109289271 0.8469945534 0.1341463395
C -0.0655738319 0.9180327867 0.1341463395
C 0.0765026555 0.9289617597 0.1341463395
C -0.0000000496 0.9999999891 0.1341463395
C 0.1420764379 1.0109289621 0.1341463395
C 0.0655737328 1.0819671916 0.1341463395
C 0.2076502202 1.0928961646 0.1341463395
C -0.1038251597 0.4535519068 0.1341463395
C -0.0382513773 0.5355191093 0.1341463395
C -0.1147541363 0.6065573426 0.1341463395
C 0.0273223512 0.6174863156 0.1341463395
C -0.0491803806 0.6885246050 0.1341463395
C 0.0928961335 0.6994535180 0.1341463395
C 0.0163934018 0.7704918074 0.1341463395
C 0.1584698892 0.7814207805 0.1341463395
C 0.0819671841 0.8524590099 0.1341463395
C 0.2240436715 0.8633879829 0.1341463395
C 0.1475409126 0.9344262162 0.1341463395
C 0.2896174000 0.9453551892 0.1341463395
C 0.2131146949 1.0163934186 0.1341463395
C 0.3551911824 1.0273223916 0.1341463395
C 0.2786884773 1.0983606211 0.1341463395
C 0.4207649647 1.1092895941 0.1341463395
C -0.0874317084 0.2240437252 0.1341463395
C -0.0218579260 0.3060109276 0.1341463395
C -0.0983606850 0.3770491609 0.1341463395
C 0.0437158025 0.3879781339 0.1341463395
C -0.0327869026 0.4590163633 0.1341463395
C 0.1092895848 0.4699453364 0.1341463395
C 0.0327868531 0.5409836258 0.1341463395
C 0.1748633672 0.5519125388 0.1341463395
C 0.0983605815 0.6229508321 0.1341463395
C 0.2404371228 0.6338798012 0.1341463395
C 0.1639343639 0.7049180345 0.1341463395
C 0.3060108513 0.7158470075 0.1341463395
C 0.2295081462 0.7868852370 0.1341463395
C 0.3715846337 0.7978142100 0.1341463395
C 0.2950819286 0.8688524394 0.1341463395
C 0.4371584160 0.8797814124 0.1341463395
C 0.3606556571 0.9508196457 0.1341463395
C 0.5027321445 0.9617486187 0.1341463395
C 0.4262294394 1.0327868482 0.1341463395
C 0.5683059268 1.0437158212 0.1341463395
C 0.4918031951 1.1147541106 0.1341463395
C 0.6338797092 1.1256830236 0.1341463395
C -0.0819672337 0.1475409792 0.1341463395
C 0.0601092538 0.1584699522 0.1341463395
C -0.0163934513 0.2295081817 0.1341463395
C 0.1256830361 0.2404371547 0.1341463395
C 0.0491803310 0.3114753841 0.1341463395
C 0.1912568185 0.3224043571 0.1341463395
C 0.1147540329 0.3934426504 0.1341463395
C 0.2568305469 0.4043715634 0.1341463395
C 0.1803278152 0.4754098528 0.1341463395
C 0.3224043293 0.4863387659 0.1341463395
C 0.2459015975 0.5573770553 0.1341463395
C 0.3879780850 0.5683060283 0.1341463395
C 0.3114753799 0.6393442577 0.1341463395
C 0.4535518673 0.6502732308 0.1341463395
C 0.3770491084 0.7213114640 0.1341463395
C 0.5191255958 0.7322404371 0.1341463395
C 0.4426228907 0.8032786665 0.1341463395
C 0.5846993781 0.8142076395 0.1341463395
C 0.5081966731 0.8852458689 0.1341463395
C 0.6502731605 0.8961748420 0.1341463395
C 0.5737703749 0.9672131352 0.1341463395
C 0.7158468890 0.9781420483 0.1341463395
C 0.6393441572 1.0491803377 0.1341463395
C 0.7814206713 1.0601092507 0.1341463395
C 0.1311475108 0.1639344087 0.1341463395
C 0.2732239983 0.1748633818 0.1341463395
C 0.1967212932 0.2459016112 0.1341463395
C 0.3387977806 0.2568305842 0.1341463395
C 0.2622950489 0.3278688736 0.1341463395
C 0.4043715629 0.3387977867 0.1341463395
C 0.3278687773 0.4098360799 0.1341463395
C 0.4699452648 0.4207650529 0.1341463395
C 0.3934425597 0.4918032824 0.1341463395
C 0.5355190471 0.5027322554 0.1341463395
C 0.4590163420 0.5737704848 0.1341463395
C 0.6010928295 0.5846994578 0.1341463395
C 0.5245901244 0.6557376873 0.1341463395
C 0.6666666118 0.6666666603 0.1341463395
C 0.5901638528 0.7377048936 0.1341463395
C 0.7322403403 0.7486338666 0.1341463395
C 0.6557376352 0.8196720960 0.1341463395
C 0.7978141226 0.8306010690 0.1341463395
C 0.7213113909 0.9016393584 0.1341463395
C 0.8633879050 0.9125682715 0.1341463395
C 0.7868851194 0.9836065647 0.1341463395
C 0.8524589017 1.0655737672 0.1341463395
C 0.3442622286 0.1803278982 0.1341463395
C 0.4863387427 0.1912568113 0.1341463395
C 0.4098360110 0.2622951007 0.1341463395
C 0.5519125251 0.2732240137 0.1341463395
C 0.4754097933 0.3442623032 0.1341463395
C 0.6174862808 0.3551912762 0.1341463395
C 0.5409835218 0.4262295094 0.1341463395
C 0.6830600092 0.4371584825 0.1341463395
C 0.6065573042 0.5081967119 0.1341463395
C 0.7486337916 0.5191256849 0.1341463395
C 0.6721310865 0.5901639143 0.1341463395
C 0.8142075739 0.6010928874 0.1341463395
C 0.7377048688 0.6721311168 0.1341463395
C 0.8032785707 0.7540983831 0.1341463395
C 0.8688523530 0.8360655855 0.1341463395
C 0.5573769731 0.1967213278 0.1341463395
C 0.6994534606 0.2076503008 0.1341463395
C 0.6229507555 0.2786885302 0.1341463395
C 0.7650272429 0.2896175032 0.1341463395
C 0.6885245378 0.3606557327 0.1341463395
C 0.8306010252 0.3715847057 0.1341463395
C 0.7540982663 0.4426229390 0.1341463395
C 0.8196720486 0.5245901414 0.1341463395
C 0.7049179891 0.1311475510 0.1341463395
C 0.8469944766 0.1420765240 0.1341463395
C 0.7704917176 0.2131147573 0.1341463395
C 0.8360655000 0.2950819598 0.1341463395
