natom :
244

Moire lattice vectors (in Angstrom)
a1 :
19.2132153783 0.0000000000 0.0000000000
a3 :
0.0000000000 0.0000000000 100.0000000000
a2 :
9.6066081349 16.6391323486 0.0000000000

type    Mass
1	12.0110000000
2	12.0110000000

Atomic positions (in Angstrom)
id    type    x    y    z
1	1	17.7960083985	0.0928231374	99.8650099648
2	1	0.7889889388	1.1809244499	99.8650099618
3	1	25.0367470681	13.1878000383	99.9056442466
4	1	27.2419755843	14.2771543342	99.8764765678
5	1	26.6137175922	15.5509595027	99.8727773947
6	1	10.2348224565	15.3653844856	99.8650099668
7	1	28.8198222677	16.6391322742	99.8609977621
8	1	12.4410631180	16.4536659782	99.8764765622
9	1	2.2061700639	1.0882771940	99.8727259339
10	1	5.0402455306	0.9040597946	99.9058967306
11	1	7.2453883724	1.9962039113	99.9380263330
12	1	22.6772158283	9.6393185748	99.9486383625
13	1	24.8790565862	10.7316494107	99.9321122598
14	1	24.2501130286	12.0055722853	99.9257308922
15	1	7.8694222332	11.8221206572	99.9058967425
16	1	26.4539271347	13.0958194026	99.8937419658
17	1	10.0746921490	12.9109511715	99.8872186896
18	1	9.4459969589	14.1843932949	99.8727259422
19	1	12.2808319953	13.9993703784	99.8870338204
20	1	11.6520444533	15.2726760223	99.8727773945
21	1	14.4870858344	15.0885592652	99.9056442436
22	1	13.8581534081	16.3618635361	99.8937419587
23	1	16.6930199437	16.1800706747	99.9321122539
24	1	6.4572559145	0.8142200512	99.9248244125
25	1	9.2921370468	0.6351966243	99.9477614911
26	1	8.6625370804	1.9082553053	99.9471695968
27	1	11.4979167581	1.7300061289	99.9416452023
28	1	20.3201798411	6.0911561659	99.9207214808
29	1	22.5225608200	7.1819652517	99.9400664383
30	1	21.8928957478	8.4556577454	99.9484529214
31	1	5.5106340393	8.2743062262	99.9477614933
32	1	24.0944854657	9.5482639638	99.9447754298
33	1	7.7126753267	9.3663389337	99.9380263443
34	1	7.0831134839	10.6398735752	99.9248244226
35	1	9.9165798005	10.4566000507	99.9217616608
36	1	9.2867800855	11.7295357947	99.9027571944
37	1	12.1220517295	11.5457168756	99.9138018492
38	1	11.4920672277	12.8182564831	99.8936850001
39	1	14.3282201573	12.6348938670	99.9207214917
40	1	13.6981027265	13.9073542300	99.9032259115
41	1	16.5343103094	13.7257789969	99.9374763313
42	1	15.9042421243	14.9984281488	99.9257308892
43	1	18.7399265409	14.8193861160	99.9486383626
44	1	18.1101473665	16.0923049436	99.9447754273
45	1	20.9453844786	15.9141276687	99.9400664425
46	1	10.7092995915	0.5480858570	99.9444135252
47	1	13.5444644833	0.3682683853	99.9138018406
48	1	12.9151405323	1.6413745291	99.9249935692
49	1	15.7504719210	1.4587166484	99.8872186818
50	1	20.1622025328	3.6358277457	99.8870338101
51	1	3.1533035831	4.7251468114	99.9138018330
52	1	21.7375352886	5.9989240131	99.9252326561
53	1	5.3558769915	5.8166402629	99.9416451977
54	1	4.7266125724	7.0905628807	99.9444135223
55	1	7.5580580755	6.9096307633	99.9541264943
56	1	6.9279351891	8.1830264902	99.9471696023
57	1	9.7613190769	8.0018632349	99.9500695618
58	1	9.1301143129	9.2743255441	99.9360211830
59	1	11.9660260471	9.0924856789	99.9416452112
60	1	11.3341714172	10.3641532835	99.9249935781
61	1	14.1716980111	10.1821715017	99.9400664496
62	1	13.5396669895	11.4535441566	99.9252326695
63	1	16.3774129624	11.2724444257	99.9474895701
64	1	15.7457475663	12.5441751162	99.9374277698
65	1	18.5824707384	12.3647974682	99.9546031908
66	1	17.9517382988	13.6372635200	99.9504886551
67	1	20.7867310146	13.4587860817	99.9474895667
68	1	20.1571669316	14.7319754833	99.9484529242
69	1	22.9912433105	14.5522143901	99.9207214873
70	1	22.3624410131	15.8257963032	99.9252326629
71	1	25.1966087799	15.6430662973	99.8870338173
72	1	14.9615083692	0.2775812062	99.8936849937
73	1	17.1676527541	1.3664616353	99.8727259366
74	1	19.3738812437	2.4546289486	99.8727773888
75	1	2.9946557238	2.2694642524	99.8872186761
76	1	2.3662441805	3.5432944353	99.8936849863
77	1	5.1992423479	3.3597105600	99.9217616439
78	1	4.5705078292	4.6336043090	99.9249935618
79	1	7.4027371821	4.4526192934	99.9500695512
80	1	6.7731390739	5.7261244501	99.9487741534
81	1	9.6066065996	5.5463773556	99.9591394939
82	1	8.9755172011	6.8189465897	99.9544269909
83	1	11.8114930100	6.6388457194	99.9541264979
84	1	11.1790059569	7.9103586544	99.9487741630
85	1	14.0170487111	7.7296292219	99.9477614974
86	1	13.3839076156	9.0004833846	99.9444135322
87	1	16.2225009396	8.8195597335	99.9486383653
88	1	15.5895806122	10.0906312452	99.9484529284
89	1	18.4269649954	9.9104933923	99.9546031903
90	1	17.7951345022	11.1824609096	99.9566489833
91	1	20.6302075747	11.0029735652	99.9546031897
92	1	19.9999421753	12.2759950086	99.9566489819
93	1	22.8329324330	12.0962417664	99.9374763310
94	1	22.2039148050	13.3699590574	99.9374277670
95	1	24.4082850337	14.4616819525	99.9032259101
96	1	4.4117474869	2.1778201461	99.9027571797
97	1	6.6163548518	3.2697487887	99.9360211695
98	1	9.4502687128	3.0906555855	99.9541264914
99	1	8.8200739877	4.3635532973	99.9544269863
100	1	11.6557635393	4.1846495402	99.9500695563
101	1	11.0242285922	5.4566322322	99.9544269903
102	1	13.8617560966	5.2765892261	99.9380263394
103	1	13.2293475100	6.5478503254	99.9471696031
104	1	16.0675667787	6.3665443370	99.9321122557
105	1	15.4350104594	7.6376955655	99.9447754306
106	1	18.2724005665	7.4562436613	99.9374763275
107	1	17.6403432635	8.7280300602	99.9504886544
108	1	20.4754993320	8.5470339176	99.9474895640
109	1	19.8445666129	9.8198085584	99.9566489808
110	1	22.0475617289	10.9129708952	99.9504886544
111	1	10.8676747494	3.0026490154	99.9487741562
112	1	13.7039976472	2.8228214597	99.9217616513
113	1	13.0733506142	4.0950577885	99.9360211763
114	1	15.9101520308	3.9129516209	99.9058967339
115	1	15.2794503796	5.1850384968	99.9248244165
116	1	18.1158104055	5.0019051193	99.9056442392
117	1	17.4852881376	6.2742640402	99.9257308869
118	1	19.6899809201	7.3641303017	99.9374277625
119	1	15.1212922038	2.7317761826	99.9027571858
120	1	17.9566046049	2.5474441091	99.8764765608
121	1	17.3275627475	3.8205815355	99.8937419580
122	1	19.5332555310	4.9092282910	99.9032259027
123	2	27.4026165930	16.5463090178	3.4349900346
124	2	19.8414298328	1.2737476690	3.4349900377
125	2	23.4683640118	11.3625429286	3.3619736595
126	2	25.5167600192	12.7261805345	3.3941032601
127	2	8.3499972891	14.0916880462	3.4235234315
128	2	26.7742608736	15.2726705509	3.4272740597
129	2	10.3955970758	15.4582077052	3.4349900326
130	2	28.8198223263	16.6391322607	3.4390022373
131	2	2.8344550583	0.1854661775	3.4235234372
132	2	2.0454364509	1.3664561635	3.4272226105
133	2	4.8804778469	1.5505728908	3.3943557613
134	2	21.5726337583	7.5466464757	3.3583548010
135	2	23.6236564936	8.9095029332	3.3522385069
136	2	22.8359553502	10.0912818602	3.3528303993
137	2	6.4609592563	10.2725878189	3.3678877393
138	2	24.8860582930	11.4540936905	3.3751755792
139	2	8.5092029571	11.6372270371	3.3943557492
140	2	7.7209553567	12.8185506518	3.4062580333
141	2	10.5555951585	13.0033044101	3.4129661763
142	2	9.7672739271	14.1845032378	3.4272226020
143	2	12.6012638019	14.3696679028	3.4127813123
144	2	11.8127781992	15.5508549920	3.4272740600
145	2	14.6468536823	15.7350723610	3.3941032632
146	2	4.2515453473	0.2772686508	3.4062580409
147	2	7.0864118976	0.4590614824	3.3678877456
148	2	6.2976341364	1.6407040387	3.3742691152
149	2	9.1333185662	1.8197460411	3.3513616387
150	2	19.6812996574	3.7281809833	3.4127813228
151	2	21.7286593099	5.0934152788	3.3861981663
152	2	20.9407790546	6.2749789010	3.3750064363
153	2	4.5650902855	6.4569606537	3.3599335617
154	2	22.9905153251	7.6386488021	3.3555864771
155	2	6.6158932857	7.8195724239	3.3513616360
156	2	5.8284028631	9.0014366220	3.3552245692
157	2	8.6657929851	9.1828884960	3.3625236636
158	2	7.8786806136	10.3648681474	3.3742691039
159	2	10.7135723338	10.5479759905	3.3792785041
160	2	9.9266480808	11.7299038959	3.3967740832
161	2	12.7599115283	11.9139853438	3.3861981502
162	2	11.9728521836	13.0958377511	3.4063149991
163	2	14.8058503672	13.2794215947	3.3782383420
164	2	14.0183555649	14.4613120399	3.3972428093
165	2	16.8519964645	14.6429282435	3.3619736590
166	2	16.0638640655	15.8249121347	3.3751755828
167	2	18.8987452111	16.0039355306	3.3522385064
168	2	8.5035393198	0.5468272427	3.3552245728
169	2	11.3387764453	0.7250044865	3.3599335569
170	2	10.5505589567	1.9071567028	3.3515470765
171	2	13.3846353504	2.0869177647	3.3792785135
172	2	19.0526043919	2.4547388902	3.4272740657
173	2	2.6742240673	2.6397617761	3.4129661898
174	2	21.0986747346	3.8208757029	3.4063150131
175	2	4.7216123009	4.0042382894	3.3792785206
176	2	3.9330591910	5.1855880299	3.3747673442
177	2	6.7708051774	5.3666877314	3.3525104370
178	2	5.9829728844	6.5485009425	3.3515470785
179	2	8.8203572832	6.7286387654	3.3453968079
180	2	8.0337356078	7.9111021283	3.3495113421
181	2	10.8688916927	8.0920982400	3.3525104266
182	2	10.0833733376	9.2750018857	3.3625722255
183	2	12.9159532543	9.4571669040	3.3599335487
184	2	12.1309277799	10.6402081729	3.3747673279
185	2	14.9624848775	10.8224918910	3.3583547896
186	2	14.1771157734	12.0055278755	3.3750064228
187	2	17.0093451416	12.1865128588	3.3499304396
188	2	16.2229628706	13.3693833954	3.3639788197
189	2	19.0568767459	13.5484765672	3.3458735042
190	2	18.2691451725	14.7308768789	3.3528303986
191	2	21.1045248638	14.9091260246	3.3583547960
192	2	20.3159077557	16.0910463273	3.3555864739
193	2	23.1510726617	16.2708637687	3.3861981586
194	2	12.7558329795	0.8133358813	3.3747673372
195	2	15.5900007619	0.9960658569	3.4129661841
196	2	4.0914947963	2.7317779564	3.3967740984
197	2	6.9277023942	2.9133531603	3.3625236751
198	2	6.1391397083	4.0949570723	3.3625722397
199	2	8.9758628948	4.2743346900	3.3453968115
200	2	8.1885267164	5.4566712792	3.3433510195
201	2	11.0235998039	5.6361585924	3.3453968076
202	2	10.2379588990	6.8193236297	3.3433510142
203	2	13.0706081310	6.9998135816	3.3513616327
204	2	12.2862881069	8.1834744407	3.3515470688
205	2	15.1172417933	8.3648259277	3.3522385027
206	2	14.3332203834	9.5485693030	3.3555864671
207	2	17.1646659033	9.7295013886	3.3458735033
208	2	16.3797469590	10.9130077326	3.3512258380
209	2	19.2132145004	11.0927547960	3.3408605054
210	2	18.4266819471	12.2755788852	3.3455730089
211	2	21.2623715131	12.4544826122	3.3499304431
212	2	20.4742827817	13.6364831680	3.3512258421
213	2	23.3106056947	13.8163106939	3.3782383466
214	2	22.5217486371	14.9977576553	3.3750064298
215	2	25.3570800423	15.1804155064	3.4127813154
216	2	24.5681165471	16.3615509793	3.4063150058
217	2	17.0071095739	1.0881726826	3.4272226077
218	2	8.3451303821	3.0018686679	3.3495113489
219	2	11.1801231123	3.1803460751	3.3525104333
220	2	10.3933343309	4.3631371794	3.3433510179
221	2	13.2263246039	4.5428903896	3.3625236693
222	2	12.4409539571	5.7261612912	3.3495113428
223	2	15.2724488317	5.9074827437	3.3678877436
224	2	14.4878777669	7.0908682206	3.3552245680
225	2	17.3192830236	7.2727932199	3.3619736626
226	2	16.5345429421	8.4561056921	3.3528303977
227	2	19.3679268459	8.6372689174	3.3499304457
228	2	18.5821250269	9.8201855925	3.3455730105
229	2	21.4181008521	10.0002864334	3.3458735066
230	2	20.6308364917	11.1824999521	3.3455730109
231	2	22.6799585875	12.5440743969	3.3639788227
232	2	24.7279002501	13.9073560033	3.3972428108
233	2	12.5973069023	3.2691731285	3.3625722333
234	2	15.4301391818	3.4513321165	3.3943557580
235	2	14.6435051993	4.6335598995	3.3742691105
236	2	17.4760297990	4.8170114967	3.3941032678
237	2	16.6897211057	5.9992586083	3.3751755843
238	2	19.5231874402	6.1825321028	3.3782383533
239	2	18.7367220080	7.3648066396	3.3639788267
240	2	20.7856137252	8.7287735296	3.3512258451
241	2	14.8016770727	2.1774502323	3.3967740922
242	2	17.6353676409	2.3619778201	3.4235234386
243	2	16.8473192474	3.5433127828	3.4062580413
244	2	18.8933876508	4.9095963896	3.3972428181
