natom :
114

Moire lattice vectors (in Angstrom)
a1 :
13.5823286303 0.0000000000 0.0000000000
a3 :
0.0000000000 0.0000000000 100.0000000000
a2 :
6.7911643269 11.7626416297 0.0000000000

type    Mass
1	95.9400000000
2	32.0660000000
3	32.0660000000
4	95.9400000000
5	32.0660000000
6	32.0660000000

Atomic positions (in Angstrom)
id    type    x    y    z
1	2	11.7869298546	0.2156285092	4.0843164458
2	3	11.8039237350	0.2216848452	7.1965090629
3	2	1.0844393268	1.4470473392	4.0843164457
4	3	1.0811873295	1.4293020388	7.1965090628
5	2	3.9444831177	2.6812956017	4.1064397247
6	3	3.9351526835	2.6626820267	7.2255121672
7	2	15.3632763157	7.6394591645	4.1189743142
8	3	15.3696636136	7.6415772137	7.2399474741
9	2	18.2119361333	8.8726249230	4.0986142922
10	3	18.2171276844	8.8922163545	7.2149665850
11	1	17.5083941149	10.5368846380	5.6524919651
12	2	7.5021245897	10.0999666005	4.0843164445
13	3	7.4883827094	10.1116555629	7.1965090612
14	1	0.0000002717	0.0000002734	5.6337610396
15	2	10.3747712669	11.3356870398	4.0986142918
16	3	10.3552088147	11.3303873374	7.2149665846
17	1	2.8683436608	1.2263027102	5.6513639476
18	2	6.4345926454	0.8231916195	4.1140790708
19	3	6.4361439970	0.8208561712	7.2350317837
20	1	5.7247070537	2.4723270864	5.6742235345
21	2	9.2880176107	2.0753749532	4.1064397254
22	3	9.3088026558	2.0766013469	7.2255121681
23	2	15.0241165554	4.5493922562	4.1086767902
24	3	15.0252271505	4.5273429690	7.2273943094
25	1	14.3030092316	6.1900554663	5.6790601959
26	2	4.2867730243	5.7785257736	4.1140790709
27	3	4.2839747917	5.7783499877	7.2350317837
28	1	17.1507398310	7.4311865894	5.6717580125
29	2	7.1409930421	7.0059718915	4.1064397239
30	3	7.1295384307	7.0233590727	7.2255121661
31	1	6.4190019649	8.6654324449	5.6513639468
32	2	10.0101598014	8.2393211785	4.1086767884
33	3	9.9905092601	8.2493840194	7.2273943073
34	1	9.2852510837	9.8942719205	5.6524919637
35	2	12.8670540469	9.4852581516	4.1189743136
36	3	12.8620261137	9.4897306894	7.2399474734
37	1	12.1536916332	11.1373832523	5.6717580120
38	2	15.7127103708	10.7365706411	4.1086767895
39	3	15.7312503168	10.7485570878	7.2273943087
40	1	8.2229182083	0.6301742712	5.6706070425
41	1	11.0861481454	1.8709072937	5.6513639489
42	1	13.9533415297	3.0941275202	5.6524919661
43	1	3.2254523140	4.3262990814	5.6706070425
44	2	6.7911645901	3.9208808151	4.1164232096
45	3	6.7911645894	3.9208808154	7.2385620301
46	1	6.0699090296	5.5687369974	5.6742235341
47	2	9.6521281006	5.1609250524	4.1140790712
48	3	9.6533749803	5.1634362874	7.2350317841
49	1	8.9251232474	6.8061690952	5.6706070414
50	2	12.5166563646	6.4005667584	4.1189743144
51	3	12.5152969990	6.3939761731	7.2399474744
52	1	11.7915694828	8.0434868368	5.6790601948
53	1	14.6524080122	9.2917417747	5.6790601952
54	1	8.5788776860	3.7215783634	5.6742235350
55	2	12.1602793277	3.3169721142	4.0986142938
56	3	12.1746502298	3.3026803843	7.2149665871
57	1	11.4425552629	4.9567142361	5.6717580136
58	5	16.0999669530	9.6860408082	10.4535354622
59	6	16.0791819072	9.6872672026	13.5726079048
60	5	18.5950880342	11.5409573096	10.4825385667
61	6	18.5780941543	11.5470136475	13.5947311838
62	5	14.2795469892	1.6509865917	10.4825385669
63	6	14.2932888700	1.6626755558	13.5947311840
64	5	13.9207027193	4.7392830831	10.4535354617
65	6	13.9321573299	4.7566702634	13.5726079044
66	5	16.4445392732	6.5992058678	10.4440158459
67	6	16.4432923916	6.6017171020	13.5649685588
68	4	15.3700419803	8.0410637927	12.0048240951
69	5	5.3834858947	8.4599617707	10.4640810448
70	6	5.3691149916	8.4456700414	13.5804333377
71	4	17.8773124422	9.8917348626	12.0276836818
72	5	7.8723516266	10.3333401163	10.4825385685
73	6	7.8756036245	10.3155948176	13.5947311852
74	4	0.0000002445	0.0000002536	12.0452865900
75	5	3.5640444619	0.4322548175	10.4640810449
76	6	3.5836069148	0.4269551167	13.5804333377
77	4	2.4940867338	1.8683702359	12.0265556649
78	5	6.0708617658	2.2729114663	10.4391001557
79	6	6.0758896994	2.2773840039	13.5600733156
80	4	13.2101662484	3.0972097120	12.0276836809
81	5	3.1993449154	3.5132581355	10.4516533213
82	6	3.2189954559	3.5233209764	13.5703708404
83	4	15.7162875355	4.9564730607	12.0084405873
84	5	5.7241326588	5.3686659827	10.4391001562
85	6	5.7254920236	5.3620753961	13.5600733161
86	4	4.6513909244	6.8059279199	12.0072896175
87	5	8.2340628134	7.2352991878	10.4516533223
88	6	8.2329522185	7.2132498994	13.5703708412
89	4	7.1621771942	8.6685146364	12.0265556658
90	5	10.7263169795	9.0999601299	10.4535354636
91	6	10.7356474143	9.0813465547	13.5726079059
92	4	9.6595079586	10.5363394467	12.0276836830
93	5	13.2273082963	10.9417859846	10.4440158460
94	6	13.2257569450	10.9394505368	13.5649685588
95	4	5.3625272811	0.6252589045	12.0072896173
96	5	8.9400859655	1.0140850681	10.4516533201
97	6	8.9215460203	1.0260715152	13.5703708394
98	4	7.8612436645	2.4709003826	11.9999874337
99	4	5.0004051378	3.7191553196	11.9999874346
100	5	8.5784992700	4.1210649434	10.4391001552
101	6	8.5721119729	4.1231829909	13.5600733152
102	4	7.5118448910	5.5725866907	11.9999874348
103	5	11.0751390827	5.9842921698	10.4440158455
104	6	11.0779373157	5.9841163818	13.5649685585
105	4	10.0166166073	7.4363430759	12.0084405882
106	5	13.5823288841	7.8417613409	10.4404855995
107	6	13.5823288842	7.8417613402	13.5626244201
108	4	12.5158713502	9.2903150705	12.0048240956
109	4	15.0140825078	11.1324678857	12.0084405870
110	4	10.7172297639	1.2257575193	12.0265556634
111	5	11.4259633372	2.8704258018	10.4640810426
112	6	11.4207717870	2.8900172331	13.5804333359
113	4	10.3595754877	4.3314555682	12.0072896161
114	4	12.8610733208	6.1939051593	12.0048240948
