C -0.1403509555 1.0175438550 0.0000000000
C 0.0175438250 1.1228070057 0.0000000000
C 0.1754385066 1.2280701686 0.0000000000
C -0.1929824679 0.6491227995 0.0000000000
C -0.0350877863 0.7543859625 0.0000000000
C -0.1578948259 0.8947368406 0.0000000000
C 0.1228069941 0.8596491131 0.0000000000
C -0.0000000455 0.9999999913 0.0000000000
C 0.2807016758 0.9649122761 0.0000000000
C 0.1578946362 1.1052631543 0.0000000000
C 0.4385964562 1.0701754267 0.0000000000
C 0.3157894166 1.2105263049 0.0000000000
C 0.5964911378 1.1754385897 0.0000000000
C -0.0877192987 0.3859649069 0.0000000000
C -0.2105263383 0.5263157851 0.0000000000
C 0.0701753829 0.4912280699 0.0000000000
C -0.0526316567 0.6315789481 0.0000000000
C 0.2280701633 0.5964912206 0.0000000000
C 0.1052631237 0.7368420987 0.0000000000
C 0.3859648449 0.7017543836 0.0000000000
C 0.2631578053 0.8421052617 0.0000000000
C 0.5438596254 0.8070175342 0.0000000000
C 0.4210525858 0.9473684124 0.0000000000
C 0.7017543070 0.9122806972 0.0000000000
C 0.5789472674 1.0526315753 0.0000000000
C 0.7368420478 1.1578947260 0.0000000000
C -0.1052631692 0.2631578925 0.0000000000
C 0.0526315124 0.3684210555 0.0000000000
C 0.3333333325 0.3333333280 0.0000000000
C 0.2105262929 0.4736842062 0.0000000000
C 0.4912280141 0.4385964910 0.0000000000
C 0.3684209745 0.5789473692 0.0000000000
C 0.6491227945 0.5438596417 0.0000000000
C 0.5263157549 0.6842105198 0.0000000000
C 0.6842104366 0.7894736828 0.0000000000
C 0.4736841437 0.3157894766 0.0000000000
C 0.7543859637 0.2807017491 0.0000000000
C 0.6315789241 0.4210526273 0.0000000000
C -0.2280703312 0.8245614222 0.1341463395
C -0.1228071857 0.9824561688 0.1341463395
C -0.0175441390 1.1403509278 0.1341463395
C -0.1754386863 0.4035087937 0.1341463395
C -0.0701755408 0.5614035403 0.1341463395
C -0.2105264353 0.6842105104 0.1341463395
C 0.0350875059 0.7192982993 0.1341463395
C -0.1052632898 0.8421052570 0.1341463395
C 0.1403506514 0.8771930459 0.1341463395
C -0.0000002859 1.0000001229 0.1341463395
C 0.2456137542 1.0350878995 0.1341463395
C 0.1052628596 1.1578948696 0.1341463395
C 0.3508768997 1.1929826461 0.1341463395
C -0.1578947904 0.2631578819 0.1341463395
C 0.0877192496 0.2982456584 0.1341463395
C -0.0526316449 0.4210526285 0.1341463395
C 0.1929822963 0.4561404174 0.1341463395
C 0.0526315006 0.5789473751 0.1341463395
C 0.2982454419 0.6140351640 0.1341463395
C 0.1578945045 0.7368422411 0.1341463395
C 0.4035085874 0.7719299106 0.1341463395
C 0.2631576501 0.8947369877 0.1341463395
C 0.5087716901 0.9298247642 0.1341463395
C 0.3684207956 1.0526317343 0.1341463395
C 0.6140347368 1.0877195232 0.1341463395
C 0.4736838423 1.2105264933 0.1341463395
C 0.2105261922 0.3157895056 0.1341463395
C 0.4561402323 0.3508772822 0.1341463395
C 0.3157892950 0.4736843592 0.1341463395
C 0.5614033778 0.5087720288 0.1341463395
C 0.4210524405 0.6315791058 0.1341463395
C 0.6666663817 0.6666668947 0.1341463395
C 0.5263155860 0.7894738524 0.1341463395
C 0.6315786327 0.9473686114 0.1341463395
C 0.7368417783 1.1052633580 0.1341463395
C 0.7192981682 0.2456141469 0.1341463395
C 0.5789472309 0.3684212239 0.1341463395
C 0.6842102776 0.5263159829 0.1341463395
