natom :
76

Moire lattice vectors (in Angstrom)
a1 :
10.7228915096 0.0000000000 0.0000000000
a3 :
0.0000000000 0.0000000000 100.0000000000
a2 :
5.3614462528 9.2862961618 0.0000000000

type    Mass
1	12.0110000000
2	12.0110000000

Atomic positions (in Angstrom)
id    type    x    y    z
1	1	9.3121836823	0.1638038193	99.9026752071
2	1	0.8472114544	1.1398062916	99.9026752786
3	1	3.1045075815	2.1166923309	99.9250782880
4	1	12.1334761554	6.0284085356	99.9321357329
5	1	14.3900763878	7.0063097034	99.9153651518
6	1	13.8264511386	8.3101534301	99.9118873312
7	1	5.9249409240	7.9826858632	99.9026752286
8	1	16.0843371892	9.2862961347	99.8973671007
9	1	8.1831022122	8.9590165540	99.9153652511
10	1	2.2579011820	0.9763550724	99.9115209577
11	1	5.0795404247	0.6511232497	99.9319131232
12	1	4.5152680482	1.9545418927	99.9314634217
13	1	7.3375275729	1.6302364920	99.9250782105
14	1	11.8525898543	3.5838011517	99.9237639468
15	1	11.2880258571	4.8873585319	99.9333038458
16	1	3.3855642869	4.5617230802	99.9319131057
17	1	13.5443258974	5.8656962375	99.9281891056
18	1	5.6423008996	5.5393671618	99.9250782064
19	1	5.0780430373	6.8427184128	99.9115208648
20	1	7.9002591605	6.5160477305	99.9237639119
21	1	7.3357530065	7.8189809179	99.9118874101
22	1	10.1582895035	7.4936941258	99.9321357575
23	1	9.5937777067	8.7968820220	99.9281891672
24	1	12.4158248022	8.4727432637	99.9237638582
25	1	6.4902662971	0.4898892438	99.9275787481
26	1	8.7483918203	1.4672225996	99.9115208889
27	1	11.0064696567	2.4434578988	99.9118874344
28	1	2.5405684984	3.4206157161	99.9275788129
29	1	5.3614453511	3.0954319967	99.9364055556
30	1	4.7964941533	4.3986880586	99.9314633828
31	1	7.6192313397	4.0734496601	99.9319131053
32	1	7.0535012376	5.3757911330	99.9275787731
33	1	9.8769081531	5.0504894908	99.9321357691
34	1	9.3114549851	6.3531959039	99.9333038431
35	1	11.5691929533	7.3320378261	99.9333037986
36	1	6.7725738292	2.9330661418	99.9314633879
37	1	9.5954952200	2.6072658842	99.9153652233
38	1	9.0305701909	3.9100139981	99.9281891640
39	2	12.6989726946	7.6560605621	3.3749218181
40	2	14.6736289577	9.1224932367	3.3973247928
41	2	11.2863853611	1.3036111912	3.3973247207
42	2	11.0037456084	3.7469298930	3.3749217188
43	2	12.9806762063	5.2128473931	3.3680869014
44	2	12.1340187949	6.3532309702	3.3685366283
45	2	4.2340487269	6.6790311711	3.3846348481
46	2	14.1098369359	7.8190745130	3.3884791529
47	2	6.2086566268	8.1464907641	3.3973247701
48	2	10.7228899537	0.0000009805	3.4026328986
49	2	2.8216550364	0.3272805022	3.3846347505
50	2	1.9743059323	1.4673161970	3.3881125506
51	2	4.7968424879	1.7926029305	3.3678642289
52	2	10.4394875792	2.4435787023	3.3884790545
53	2	2.5388122517	2.7702493212	3.3762360462
54	2	12.4149459422	3.9105059793	3.3724211859
55	2	4.5154614057	4.2358075640	3.3678642600
56	2	3.6691235428	5.3762831149	3.3718108903
57	2	6.4911432615	5.7024959085	3.3762361167
58	2	5.6450231596	6.8428392165	3.3881126485
59	2	8.4659526535	7.1696047289	3.3749217561
60	2	7.6193463494	8.3099420439	3.3884790790
61	2	10.4409856520	8.6351738082	3.3680868917
62	2	4.2323305285	0.4894150950	3.3718108241
63	2	7.0543776771	0.8135537938	3.3762361181
64	2	6.2077459363	1.9542592931	3.3666961733
65	2	3.9500080738	2.9331012121	3.3666961462
66	2	6.7720293015	3.2578885248	3.3678642494
67	2	5.9265791051	4.3989385866	3.3666961909
68	2	8.7470091021	4.7245739810	3.3680868706
69	2	7.9020134115	5.8656814032	3.3724212276
70	2	10.7228903205	6.1908650606	3.3635944437
71	2	9.8767131167	7.3317552230	3.3685365983
72	2	11.8517115189	8.7964078706	3.3724212503
73	2	8.4650040114	0.9761436856	3.3881126231
74	2	9.0286294226	2.2799873536	3.3846347731
75	2	8.1828790399	3.4206008824	3.3718108466
76	2	10.1579389638	4.8876090571	3.3685365789
