natom :
364

Moire lattice vectors (in Angstrom)
a1 :
23.4669036085 0.0000000000 0.0000000000
a3 :
0.0000000000 0.0000000000 100.0000000000
a2 :
11.7334523495 20.3229343583 0.0000000000

type    Mass
1	12.0110000000
2	12.0110000000

Atomic positions (in Angstrom)
id    type    x    y    z
1	1	22.0487472204	0.0768104359	99.8572665676
2	1	0.7755986054	1.1897539465	99.8572671795
3	1	31.4563094291	16.8293415857	99.8888155170
4	1	33.6492693245	17.9433246751	99.8656737681
5	1	33.0066796674	19.2099280377	99.8629221768
6	1	12.3760107803	19.0563690340	99.8572668052
7	1	11.7334525611	20.3229340578	99.8543914371
8	1	14.5697981531	20.1694582269	99.8656749455
9	1	2.1937394625	1.1130830186	99.8628951478
10	1	5.0297370194	0.9606443177	99.8889702511
11	1	7.2224228969	2.0768764997	99.9203554634
12	1	29.1360676269	13.2549249144	99.9400030241
13	1	31.3257802832	14.3719042604	99.9144509578
14	1	30.6826230903	15.6385572993	99.9070199294
15	1	10.0505265857	15.4867320171	99.8889683895
16	1	32.8744380514	16.7532064404	99.8789727075
17	1	12.2435219880	16.6002444803	99.8738105358
18	1	11.6005412924	17.8665585454	99.8628941903
19	1	14.4372178558	17.7134386549	99.8737151906
20	1	13.7941822694	18.9796575746	99.8629230085
21	1	16.6310157387	18.8272909327	99.8888172607
22	1	15.9878864070	20.0934939221	99.8789743551
23	1	18.8244834791	19.9429682700	99.9144529393
24	1	6.4477264348	0.8862197897	99.9065769875
25	1	9.2840921627	0.7386465316	99.9400657179
26	1	8.6404179160	2.0046643819	99.9355492710
27	1	11.4769096269	1.8596337976	99.9533514824
28	1	26.8224230571	9.6771417371	99.9471611938
29	1	29.0100015678	10.7953147556	99.9509170027
30	1	28.3659689662	12.0619651813	99.9507594658
31	1	7.7310928880	11.9133515321	99.9400643240
32	1	30.5542224438	13.1799700241	99.9319783347
33	1	9.9208688750	13.0296943752	99.9203535227
34	1	9.2770781660	14.2959295324	99.9065749779
35	1	12.1126529563	14.1442264135	99.9029056273
36	1	11.4687917714	15.4100863404	99.8863633739
37	1	14.3057720745	15.2579373545	99.8959480352
38	1	13.6617954141	16.5235474910	99.8789526040
39	1	16.4995082471	16.3718183214	99.9023580816
40	1	15.8554218906	17.6373380579	99.8866158471
41	1	18.6932618234	17.4870902417	99.9198382251
42	1	18.0491083508	18.7526512604	99.9070218725
43	1	20.8866722854	18.6051113961	99.9400043812
44	1	20.2425077278	19.8707469428	99.9319800124
45	1	23.0797902123	19.7257402429	99.9509172320
46	1	10.7021469029	0.6684554834	99.9490707258
47	1	13.5394420118	0.5241779520	99.9450418740
48	1	12.8950872405	1.7897257758	99.9497766542
49	1	15.7327616193	1.6440148643	99.9252959324
50	1	26.6960863711	7.2182054755	99.9245414521
51	1	26.0520092530	8.4845140577	99.9364663905
52	1	5.4176825761	8.3353448536	99.9450429330
53	1	28.2406403346	9.6020307758	99.9494841930
54	1	7.6054875017	9.4538223848	99.9533513014
55	1	6.9612781518	10.7203757174	99.9490700906
56	1	9.7941655420	10.5718469427	99.9474676472
57	1	9.1493336449	11.8377808433	99.9355476918
58	1	11.9845953040	11.6881353600	99.9349216284
59	1	11.3392295490	12.9533678509	99.9180393032
60	1	14.1767646471	12.8029630381	99.9252963320
61	1	13.5310985364	14.0676740884	99.9066186055
62	1	16.3700106756	13.9172771885	99.9245405576
63	1	15.7242036102	15.1817554261	99.9068220814
64	1	18.5635879760	15.0322829058	99.9334301922
65	1	17.9178570378	16.2968612681	99.9188946076
66	1	20.7568958489	16.1494948422	99.9466380190
67	1	20.1115313597	17.4144200085	99.9371736914
68	1	22.9495834369	17.2692841318	99.9542346021
69	1	22.3048550527	18.5346664280	99.9507601197
70	1	25.1419456300	18.3903282022	99.9471602198
71	1	24.4978850652	19.6560959090	99.9494835448
72	1	27.3346152776	19.5103854624	99.9245395841
73	1	14.9575067854	0.4534238585	99.9317926917
74	1	17.7943281023	0.3048039919	99.8959472906
75	1	17.1508665914	1.5708225465	99.9066181836
76	1	19.9879253052	1.4196113316	99.8738104419
77	1	24.3749105499	3.6462768551	99.8737156632
78	1	3.1002563059	4.7601922447	99.8959492413
79	1	25.9239196851	6.0266809858	99.9068229615
80	1	5.2908301039	5.8759558784	99.9252977535
81	1	4.6473754055	7.1426417476	99.9317943734
82	1	7.4798982306	6.9940794620	99.9496049980
83	1	6.8358565398	8.2605985825	99.9497773041
84	1	9.6689210153	8.1132763791	99.9596118640
85	1	9.0237507520	9.3790937931	99.9533775088
86	1	11.8590365748	9.2315276763	99.9569150877
87	1	11.2125818128	10.4963720775	99.9457834622
88	1	14.0505538607	10.3481127461	99.9496040307
89	1	13.4031889462	11.6120863885	99.9360199891
90	1	16.2432316941	11.4634111151	99.9450422119
91	1	15.5954741326	12.7268682555	99.9317933585
92	1	18.4363435302	12.5783983415	99.9471608988
93	1	17.7887046293	13.8419101402	99.9364658862
94	1	20.6291416534	13.6946953557	99.9542283789
95	1	19.9821923981	14.9587624882	99.9474840581
96	1	22.8211475384	14.8130958347	99.9594287881
97	1	22.1753647874	16.0779970497	99.9569277379
98	1	25.0122879731	15.9331608782	99.9542276887
99	1	24.3678394695	17.1988797354	99.9550276055
100	1	27.2034497747	17.0531890349	99.9334288694
101	1	26.5599983943	18.3194440679	99.9364647723
102	1	29.3955615001	18.1709667102	99.9023566279
103	1	28.7525890976	19.4374316371	99.9068209297
104	1	31.5885841086	19.2861523323	99.8737141893
105	1	19.2123669730	0.2296990565	99.8789519542
106	1	21.4060758168	1.3432919309	99.8628943224
107	1	23.5998505928	2.4562822334	99.8629231416
108	1	2.9689092650	2.3030776704	99.8738117973
109	1	2.3261941316	3.5696870090	99.8789536023
110	1	5.1613178053	3.4177509756	99.9029074134
111	1	4.5183913023	4.6844370579	99.9066201076
112	1	7.3523838650	4.5348955528	99.9349232308
113	1	6.7089473874	5.8014581579	99.9360213339
114	1	9.5426479594	5.6544625081	99.9569158768
115	1	8.8981236305	6.9204581998	99.9549708413
116	1	11.7334520890	6.7743113522	99.9634350375
117	1	11.0873475135	8.0393234969	99.9593318024
118	1	13.9252954159	7.8927650723	99.9596115816
119	1	13.2776831802	9.1567042202	99.9549701872
120	1	16.1179591366	9.0094778047	99.9533511366
121	1	15.4694124519	10.2726096337	99.9497767272
122	1	18.3109204323	10.1248133177	99.9509171832
123	1	17.6621868102	11.3877416732	99.9494839666
124	1	20.5033771819	11.2402791085	99.9542348003
125	1	19.8552212479	12.5037271202	99.9550282083
126	1	22.6947165223	12.3571446396	99.9594289223
127	1	22.0478358183	13.6215532571	99.9616457383
128	1	24.8848480868	13.4756278880	99.9594285787
129	1	24.2395978668	14.7411067952	99.9616453603
130	1	27.0743295492	14.5951228337	99.9466369093
131	1	26.4304768446	15.8614018795	99.9474829128
132	1	29.2645383543	15.7134845384	99.9198364507
133	1	28.6214722282	16.9801192509	99.9188929634
134	1	30.8135769263	18.0960019804	99.8866143732
135	1	4.3869815526	2.2272208395	99.8863650494
136	1	6.5793432724	3.3433761347	99.9180411341
137	1	9.4143329129	3.1960721505	99.9474688475
138	1	8.7704879021	4.4621940781	99.9457846821
139	1	11.6061398297	4.3168925857	99.9596119559
140	1	10.9609716123	5.5822623617	99.9593320906
141	1	13.7986717405	5.4369438281	99.9569151537
142	1	13.1520370512	6.7013481796	99.9593317425
143	1	15.9918578415	6.5550148530	99.9474678547
144	1	15.3441106058	7.8185901368	99.9533774826
145	1	18.1851712622	7.6709358125	99.9400649539
146	1	17.5369311858	8.9341027897	99.9490703983
147	1	20.3779723418	8.7858319235	99.9400040704
148	1	19.7298881886	10.0492367751	99.9507601242
149	1	22.5694868122	9.9012506078	99.9466380473
150	1	21.9221713705	11.1654297230	99.9569278845
151	1	24.7592825452	11.0180120980	99.9542284015
152	1	24.1132785128	12.2832084173	99.9616456679
153	1	26.9477515545	12.1363050991	99.9542343622
154	1	26.3031760433	13.4024416662	99.9569271730
155	1	28.4924691204	14.5215623323	99.9371721602
156	1	10.8324948463	3.1252500792	99.9533780154
157	1	13.6699041916	2.9807417596	99.9496040246
158	1	13.0245493833	4.2457716019	99.9549702959
159	1	15.8633771728	4.0999029340	99.9349217117
160	1	15.2172865259	5.3643677979	99.9457835926
161	1	18.0570646317	5.2163628542	99.9203541017
162	1	17.4106047345	6.4804886560	99.9355482367
163	1	20.2504486145	6.3309955210	99.9144521623
164	1	19.6039820999	7.5951512705	99.9319794190
165	1	22.4429121686	7.4452933069	99.9198381076
166	1	21.7967117855	8.7098859473	99.9371735776
167	1	24.6336745292	8.5603962377	99.9334305168
168	1	23.9880429922	9.8257039949	99.9474841883
169	1	26.1776514847	10.9432615691	99.9550281324
170	1	15.0882199591	2.9093893402	99.9360198348
171	1	17.9263857041	2.7609562375	99.9029056520
172	1	17.2817835534	4.0261897732	99.9180395435
173	1	20.1200929067	3.8755572132	99.8889691253
174	1	19.4755518229	5.1407843799	99.9065758897
175	1	22.3133873006	4.9892353877	99.8888169716
176	1	21.6689809424	6.2546595072	99.9070214843
177	1	24.5056426733	6.1030829454	99.9023585623
178	1	23.8613830787	7.3688876215	99.9188948499
179	1	19.3445831750	2.6856264030	99.8863636033
180	1	22.1816450603	2.5330849085	99.8656744859
181	1	21.5383880176	3.7991675554	99.8789737258
182	1	23.7317136461	4.9125279134	99.8866160783
183	2	33.7821937624	20.2461309594	3.4427334458
184	2	24.1094562989	1.2665723657	3.4427328278
185	2	29.7905110451	15.1065784782	3.3796468000
186	2	31.8535393134	16.4473841575	3.4110318306
187	2	10.4481878762	17.7898564888	3.4343262454
188	2	33.1395222967	18.9796494799	3.4371060556
189	2	12.5090450841	19.1331874480	3.4427332015
190	2	23.4668979922	0.0000073672	3.4456085725
191	2	2.8363400252	0.1534831667	3.4343250569
192	2	2.0607241882	1.3432838574	3.4370766290
193	2	4.8975577007	1.4956504536	3.4111824242
194	2	27.8514055368	11.3134634916	3.3466488399
195	2	29.9186176697	12.6520054941	3.3599357948
196	2	29.1440511700	13.8424526636	3.3644525316
197	2	8.5169913754	13.9919458254	3.3855490539
198	2	31.2089982205	15.1821569742	3.3934251962
199	2	10.5799300596	15.3337059957	3.4111842924
200	2	9.8049307929	16.5237738452	3.4210272992
201	2	12.6414533490	16.6766645555	3.4262853750
202	2	11.8663934125	17.8666591976	3.4370775989
203	2	14.7023557170	18.0198637532	3.4261888943
204	2	13.9271859488	19.2098584105	3.4371052179
205	2	16.7631835484	19.3622970891	3.4110300644
206	2	4.2544282637	0.2294475088	3.4210256331
207	2	7.0910254131	0.3799731297	3.3855470573
208	2	6.3156503282	1.5702901688	3.3929778274
209	2	9.1532143220	1.7178299959	3.3599954377
210	2	25.9102107544	7.5199782852	3.3747024015
211	2	27.9766779422	8.8595301766	3.3549571023
212	2	27.2028587859	10.0503316900	3.3502227853
213	2	6.5774631587	10.1981279585	3.3490829761
214	2	29.2703775700	11.3888385109	3.3509299520
215	2	8.6445151069	11.5371093952	3.3599968662
216	2	7.8705248797	12.7277900639	3.3680216403
217	2	10.7094549206	12.8776480810	3.3801632581
218	2	9.9355237011	14.0682818792	3.3929798893
219	2	12.7721854269	14.2198584859	3.3976428371
220	2	11.9982563986	15.4104135089	3.4133852204
221	2	14.8337027109	15.5627492003	3.4040519406
222	2	14.0596405231	16.7532544368	3.4210474070
223	2	16.8947642661	16.9051904769	3.3970934313
224	2	16.1204280103	18.0957206185	3.4136355814
225	2	18.9558694154	18.2460649471	3.3796450109
226	2	18.1811729693	19.4367216552	3.3934232568
227	2	21.0175387600	19.5842948872	3.3599344501
228	2	8.5090496554	0.4521944988	3.3680199318
229	2	11.3463321888	0.5972011698	3.3490827307
230	2	10.5713971101	1.7882750214	3.3492396670
231	2	13.4084876745	1.9326132225	3.3528395393
232	2	23.9769677009	3.7226968997	3.4261884278
233	2	26.0392179091	5.0650040022	3.4040507657
234	2	25.2645444847	6.2552673054	3.3933800576
235	2	4.6365530705	6.4056641032	3.3754584198
236	2	27.3289202314	7.5960730883	3.3682056172
237	2	6.7028860996	7.7445429350	3.3528386500
238	2	5.9287294552	8.9351996533	3.3505157179
239	2	8.7699198535	9.0826622111	3.3457654857
240	2	7.9964309247	10.2737045597	3.3492404008
241	2	10.8360295416	10.4216907717	3.3533628520
242	2	10.0632545358	11.6130554345	3.3628275931
243	2	12.9002172869	11.7625452140	3.3665706969
244	2	12.1279258197	12.9540538179	3.3811065849
245	2	14.9626291572	13.1047360209	3.3754597581
246	2	14.1904624409	14.2962604885	3.3931783879
247	2	17.0242765428	14.4469856289	3.3747032509
248	2	16.2518377036	15.6385044239	3.3933809569
249	2	19.0858303499	15.7880459431	3.3650774730
250	2	18.3127897223	16.9795653460	3.3819595577
251	2	21.1477794431	17.1268693163	3.3525315624
252	2	20.3738644388	18.3182770821	3.3644510543
253	2	23.2103561926	18.4633076299	3.3466487336
254	2	22.4355934981	19.6544859568	3.3509293321
255	2	25.2728886174	19.7987634557	3.3549581882
256	2	12.7644270389	0.6668455453	3.3505163184
257	2	15.6011572204	0.8125559615	3.3754602259
258	2	14.8265404556	2.0034974065	3.3635348427
259	2	23.3339869018	2.4563828786	3.4371050904
260	2	2.7037598680	2.6095027082	3.4262841201
261	2	25.3952411112	3.7993939173	3.4210463951
262	2	4.7660504119	3.9511230155	3.3976410779
263	2	3.9907458516	5.1411859633	3.3931768525
264	2	6.8301302958	5.2906584097	3.3665691317
265	2	6.0552470517	6.4810312046	3.3635333592
266	2	8.8956841261	6.6282459589	3.3457713833
267	2	8.1217638100	7.8192142407	3.3449716608
268	2	10.9612591241	7.9657967425	3.3405713056
269	2	10.1887140442	9.1575116919	3.3430726355
270	2	13.0258252283	9.3049293626	3.3457721561
271	2	12.2545857247	10.4972374701	3.3525167879
272	2	15.0889658014	10.6457997847	3.3528394868
273	2	14.3185520020	11.8384274597	3.3635347420
274	2	17.1511289872	11.9875966983	3.3549576804
275	2	16.3808217974	13.1802997893	3.3682066478
276	2	19.2133446868	13.3288620743	3.3503954676
277	2	18.4423938249	14.5214833682	3.3639794351
278	2	21.2760944506	14.6684789882	3.3430844451
279	2	20.5039343789	15.8607474163	3.3542157981
280	2	23.3395863498	16.0060488538	3.3403883104
281	2	22.5659413686	17.1976913716	3.3466222465
282	2	25.4033507136	17.3421996394	3.3503962783
283	2	24.6285338044	18.5332156454	3.3502234910
284	2	27.4662081422	18.6789265235	3.3747043270
285	2	26.6909533751	19.8695175678	3.3682073060
286	2	29.5277746641	20.0181374075	3.4040527357
287	2	17.0191310394	0.8855098156	3.3931787916
288	2	19.8551260157	1.0367890836	3.4262854811
289	2	4.1219639222	2.6856033439	3.4133835070
290	2	6.9598039184	2.8358511080	3.3801613110
291	2	6.1843991966	4.0260801182	3.3811046824
292	2	9.0234381041	4.1734465076	3.3533616070
293	2	8.2487347374	5.3641789046	3.3525154761
294	2	11.0876899153	5.5098455579	3.3405710335
295	2	10.3143783042	6.7013881696	3.3383541949
296	2	13.1513905889	6.8473135640	3.3405713549
297	2	12.3798211050	8.0397330802	3.3383545943
298	2	15.2142941632	8.1866364240	3.3457655764
299	2	14.4441941722	9.3796799814	3.3449723067
300	2	17.2765442500	9.5276267995	3.3490828630
301	2	16.5071830762	10.7209108011	3.3505162475
302	2	19.3389338819	10.8691191577	3.3466484930
303	2	18.5693029440	12.0623429867	3.3502230260
304	2	21.4023674549	12.2096651248	3.3403879644
305	2	20.6315700873	13.4024833176	3.3450293800
306	2	23.4668985545	13.5486300845	3.3365649566
307	2	22.6944180964	14.7406790913	3.3406680908
308	2	25.5321182234	14.8859975465	3.3430851275
309	2	24.7579958868	16.0771697987	3.3450299622
310	2	27.5968236438	16.2230384241	3.3650788406
311	2	26.8216664713	17.4135520509	3.3639805190
312	2	29.6598321550	17.5619851389	3.3970949337
313	2	28.8843131116	18.7521188550	3.3933820934
314	2	31.7213717806	18.9033300519	3.4261899222
315	2	30.9458135143	20.0932423653	3.4210480543
316	2	21.2732215778	1.1130134069	3.4370774697
317	2	8.3780734747	2.9085214024	3.3628259168
318	2	11.2161255996	3.0536572625	3.3457651591
319	2	10.4419070405	4.2449443940	3.3430719632
320	2	13.2788302468	4.3897805726	3.3457719768
321	2	12.5061402602	5.5818347079	3.3383544274
322	2	15.3408719202	5.7278186608	3.3533625537
323	2	14.5697185473	6.9204998846	3.3430725912
324	2	17.4026101144	7.0680166024	3.3599962121
325	2	16.6325115683	8.2609764084	3.3492402102
326	2	19.4645390811	8.4095899934	3.3599347510
327	2	18.6947244530	9.6025658594	3.3509294894
328	2	21.5276118381	9.7510945322	3.3525314489
329	2	20.7571971244	10.9438477309	3.3466220681
330	2	23.5924829725	11.0914137399	3.3430842942
331	2	22.8207939455	12.2836179615	3.3406679401
332	2	25.6587418583	12.4301762947	3.3403883077
333	2	24.8854835198	13.6215932035	3.3406683165
334	2	27.7253042804	13.7679264722	3.3525326280
335	2	26.9507329954	14.9585735433	3.3542168591
336	2	29.0152299972	16.2967515880	3.3819611597
337	2	31.0780296224	17.6373149968	3.4136370485
338	2	12.6343816395	3.1240617425	3.3449720725
339	2	15.4699919119	3.2697524137	3.3665705865
340	2	14.6970191176	4.4615396547	3.3525165654
341	2	17.5310805803	4.6094569373	3.3801626467
342	2	16.7590115103	5.8013792179	3.3628270537
343	2	19.5923226025	5.9510372015	3.3855478310
344	2	18.8207649216	7.1429715219	3.3680206567
345	2	21.6543149397	7.2932470622	3.3796451006
346	2	20.8827798344	8.4851606853	3.3644512076
347	2	23.7180415052	8.6348060397	3.3650771089
348	2	22.9460281242	9.8265693740	3.3542155944
349	2	25.7840001784	9.9748285869	3.3503951887
350	2	25.0111295666	11.1662371559	3.3450293183
351	2	27.0775570358	12.5043511933	3.3466226646
352	2	17.6621034983	2.1519747143	3.3976428193
353	2	16.8880143586	3.3428222404	3.3811063117
354	2	19.7228515289	3.4935998372	3.4111835467
355	2	18.9491653174	4.6843842079	3.3929790016
356	2	21.7839723858	4.8362094058	3.4110303515
357	2	21.0105241127	6.0270119481	3.3934236965
358	2	23.8460988805	6.1787149600	3.3970929486
359	2	23.0726755990	7.3695735932	3.3819593016
360	2	25.1366351491	8.7108550063	3.3639788807
361	2	19.0801189409	2.2269394702	3.4133849874
362	2	21.9158113079	2.3796167209	3.4343255213
363	2	21.1409801353	3.5697350082	3.4210262963
364	2	23.2022375770	4.9128551060	3.4136353568
