Superlattice vectors (celldm1 units):
-0.500000 9.526279 0.000000
-8.500000 4.330127 0.000000
Layer 1 points (Angstrom):
C -20.910000 9.231831 0.000000
C -22.140000 11.362253 0.000000
C -17.220000 7.101408 0.000000
C -18.450000 9.231831 0.000000
C -19.680000 8.521690 0.000000
C -19.680000 11.362253 0.000000
C -20.910000 10.652112 0.000000
C -20.910000 13.492676 0.000000
C -22.140000 12.782535 0.000000
C -22.140000 15.623098 0.000000
C -23.370000 17.753521 0.000000
C -13.530000 4.970986 0.000000
C -14.760000 7.101408 0.000000
C -15.990000 6.391267 0.000000
C -15.990000 9.231831 0.000000
C -17.220000 8.521690 0.000000
C -17.220000 11.362253 0.000000
C -18.450000 10.652112 0.000000
C -18.450000 13.492676 0.000000
C -19.680000 12.782535 0.000000
C -19.680000 15.623098 0.000000
C -20.910000 14.912957 0.000000
C -20.910000 17.753521 0.000000
C -22.140000 17.043380 0.000000
C -22.140000 19.883943 0.000000
C -23.370000 19.173802 0.000000
C -23.370000 22.014366 0.000000
C -9.840000 2.840563 0.000000
C -11.070000 4.970986 0.000000
C -12.300000 4.260845 0.000000
C -12.300000 7.101408 0.000000
C -13.530000 6.391267 0.000000
C -13.530000 9.231831 0.000000
C -14.760000 8.521690 0.000000
C -14.760000 11.362253 0.000000
C -15.990000 10.652112 0.000000
C -15.990000 13.492676 0.000000
C -17.220000 12.782535 0.000000
C -17.220000 15.623098 0.000000
C -18.450000 14.912957 0.000000
C -18.450000 17.753521 0.000000
C -19.680000 17.043380 0.000000
C -19.680000 19.883943 0.000000
C -20.910000 19.173802 0.000000
C -20.910000 22.014366 0.000000
C -22.140000 21.304225 0.000000
C -22.140000 24.144788 0.000000
C -23.370000 23.434647 0.000000
C -23.370000 26.275211 0.000000
C -7.380000 2.840563 0.000000
C -8.610000 2.130422 0.000000
C -8.610000 4.970986 0.000000
C -9.840000 4.260845 0.000000
C -9.840000 7.101408 0.000000
C -11.070000 6.391267 0.000000
C -11.070000 9.231831 0.000000
C -12.300000 8.521690 0.000000
C -12.300000 11.362253 0.000000
C -13.530000 10.652112 0.000000
C -13.530000 13.492676 0.000000
C -14.760000 12.782535 0.000000
C -14.760000 15.623098 0.000000
C -15.990000 14.912957 0.000000
C -15.990000 17.753521 0.000000
C -17.220000 17.043380 0.000000
C -17.220000 19.883943 0.000000
C -18.450000 19.173802 0.000000
C -18.450000 22.014366 0.000000
C -19.680000 21.304225 0.000000
C -19.680000 24.144788 0.000000
C -20.910000 23.434647 0.000000
C -20.910000 26.275211 0.000000
C -22.140000 25.565070 0.000000
C -22.140000 28.405633 0.000000
C -23.370000 27.695492 0.000000
C -23.370000 30.536056 0.000000
C -3.690000 0.710141 0.000000
C -4.920000 2.840563 0.000000
C -6.150000 2.130422 0.000000
C -6.150000 4.970986 0.000000
C -7.380000 4.260845 0.000000
C -7.380000 7.101408 0.000000
C -8.610000 6.391267 0.000000
C -8.610000 9.231831 0.000000
C -9.840000 8.521690 0.000000
C -9.840000 11.362253 0.000000
C -11.070000 10.652112 0.000000
C -11.070000 13.492676 0.000000
C -12.300000 12.782535 0.000000
C -12.300000 15.623098 0.000000
C -13.530000 14.912957 0.000000
C -13.530000 17.753521 0.000000
C -14.760000 17.043380 0.000000
C -14.760000 19.883943 0.000000
C -15.990000 19.173802 0.000000
C -15.990000 22.014366 0.000000
C -17.220000 21.304225 0.000000
C -17.220000 24.144788 0.000000
C -18.450000 23.434647 0.000000
C -18.450000 26.275211 0.000000
C -19.680000 25.565070 0.000000
C -19.680000 28.405633 0.000000
C -20.910000 27.695492 0.000000
C -20.910000 30.536056 0.000000
C -22.140000 29.825915 0.000000
C -23.370000 31.956337 0.000000
C -2.460000 0.000000 0.000000
C -2.460000 2.840563 0.000000
C -3.690000 2.130422 0.000000
C -3.690000 4.970986 0.000000
C -4.920000 4.260845 0.000000
C -4.920000 7.101408 0.000000
C -6.150000 6.391267 0.000000
C -6.150000 9.231831 0.000000
C -7.380000 8.521690 0.000000
C -7.380000 11.362253 0.000000
C -8.610000 10.652112 0.000000
C -8.610000 13.492676 0.000000
C -9.840000 12.782535 0.000000
C -9.840000 15.623098 0.000000
C -11.070000 14.912957 0.000000
C -11.070000 17.753521 0.000000
C -12.300000 17.043380 0.000000
C -12.300000 19.883943 0.000000
C -13.530000 19.173802 0.000000
C -13.530000 22.014366 0.000000
C -14.760000 21.304225 0.000000
C -14.760000 24.144788 0.000000
C -15.990000 23.434647 0.000000
C -15.990000 26.275211 0.000000
C -17.220000 25.565070 0.000000
C -17.220000 28.405633 0.000000
C -18.450000 27.695492 0.000000
C -19.680000 29.825915 0.000000
C -2.460000 4.260845 0.000000
C -3.690000 6.391267 0.000000
C -3.690000 9.231831 0.000000
C -4.920000 8.521690 0.000000
C -4.920000 11.362253 0.000000
C -6.150000 10.652112 0.000000
C -6.150000 13.492676 0.000000
C -7.380000 12.782535 0.000000
C -7.380000 15.623098 0.000000
C -8.610000 14.912957 0.000000
C -8.610000 17.753521 0.000000
C -9.840000 17.043380 0.000000
C -9.840000 19.883943 0.000000
C -11.070000 19.173802 0.000000
C -11.070000 22.014366 0.000000
C -12.300000 21.304225 0.000000
C -12.300000 24.144788 0.000000
C -13.530000 23.434647 0.000000
C -13.530000 26.275211 0.000000
C -14.760000 25.565070 0.000000
C -15.990000 27.695492 0.000000
C -3.690000 10.652112 0.000000
C -3.690000 13.492676 0.000000
C -4.920000 12.782535 0.000000
C -4.920000 15.623098 0.000000
C -6.150000 14.912957 0.000000
C -6.150000 17.753521 0.000000
C -7.380000 17.043380 0.000000
C -7.380000 19.883943 0.000000
C -8.610000 19.173802 0.000000
C -8.610000 22.014366 0.000000
C -9.840000 21.304225 0.000000
C -9.840000 24.144788 0.000000
C -11.070000 23.434647 0.000000
C -12.300000 25.565070 0.000000
C -3.690000 14.912957 0.000000
C -3.690000 17.753521 0.000000
C -4.920000 17.043380 0.000000
C -4.920000 19.883943 0.000000
C -6.150000 19.173802 0.000000
C -6.150000 22.014366 0.000000
C -7.380000 21.304225 0.000000
C -7.380000 24.144788 0.000000
C -8.610000 23.434647 0.000000
C -3.690000 19.173802 0.000000
C -3.690000 22.014366 0.000000
C -4.920000 21.304225 0.000000
C -6.150000 23.434647 0.000000
Number of points in layer 1: 182
Layer 2 points (Angstrom):
C -20.761323 9.239625 3.300000
C -22.207588 11.229579 3.300000
C -15.422310 5.517241 3.300000
C -16.868575 7.507195 3.300000
C -18.314840 9.497150 3.300000
C -19.463740 8.662148 3.300000
C -19.761104 11.487104 3.300000
C -20.910005 10.652103 3.300000
C -21.207369 13.477059 3.300000
C -22.356270 12.642057 3.300000
C -22.653633 15.467013 3.300000
C -11.529562 3.784811 3.300000
C -12.975827 5.774766 3.300000
C -14.124728 4.939764 3.300000
C -14.422091 7.764720 3.300000
C -15.570992 6.929719 3.300000
C -15.868356 9.754674 3.300000
C -17.017257 8.919673 3.300000
C -17.314621 11.744629 3.300000
C -18.463521 10.909628 3.300000
C -18.760885 13.734583 3.300000
C -19.909786 12.899582 3.300000
C -20.207150 15.724538 3.300000
C -21.356051 14.889536 3.300000
C -21.653415 17.714492 3.300000
C -22.802315 16.879491 3.300000
C -23.099679 19.704446 3.300000
C -7.636814 2.052382 3.300000
C -9.083079 4.042336 3.300000
C -10.231979 3.207335 3.300000
C -10.529343 6.032290 3.300000
C -11.678244 5.197289 3.300000
C -11.975608 8.022245 3.300000
C -13.124509 7.187243 3.300000
C -13.421873 10.012199 3.300000
C -14.570773 9.177198 3.300000
C -14.868137 12.002154 3.300000
C -16.017038 11.167152 3.300000
C -16.314402 13.992108 3.300000
C -17.463303 13.157107 3.300000
C -17.760667 15.982062 3.300000
C -18.909567 15.147061 3.300000
C -19.206931 17.972017 3.300000
C -20.355832 17.137015 3.300000
C -20.653196 19.961971 3.300000
C -21.802097 19.126970 3.300000
C -22.099461 21.951926 3.300000
C -23.248361 21.116924 3.300000
C -23.545725 23.941880 3.300000
C -3.744066 0.319952 3.300000
C -5.190331 2.309906 3.300000
C -6.339231 1.474905 3.300000
C -6.636595 4.299861 3.300000
C -7.785496 3.464859 3.300000
C -8.082860 6.289815 3.300000
C -9.231761 5.454814 3.300000
C -9.529125 8.279769 3.300000
C -10.678025 7.444768 3.300000
C -10.975389 10.269724 3.300000
C -12.124290 9.434723 3.300000
C -12.421654 12.259678 3.300000
C -13.570555 11.424677 3.300000
C -13.867919 14.249633 3.300000
C -15.016819 13.414631 3.300000
C -15.314183 16.239587 3.300000
C -16.463084 15.404586 3.300000
C -16.760448 18.229541 3.300000
C -17.909349 17.394540 3.300000
C -18.206713 20.219496 3.300000
C -19.355613 19.384495 3.300000
C -19.652977 22.209450 3.300000
C -20.801878 21.374449 3.300000
C -21.099242 24.199405 3.300000
C -22.248143 23.364403 3.300000
C -22.545507 26.189359 3.300000
C -23.694407 25.354358 3.300000
C -2.446483 -0.257525 3.300000
C -2.743847 2.567431 3.300000
C -3.892748 1.732430 3.300000
C -4.190112 4.557385 3.300000
C -5.339013 3.722384 3.300000
C -5.636377 6.547340 3.300000
C -6.785277 5.712338 3.300000
C -7.082641 8.537294 3.300000
C -8.231542 7.702293 3.300000
C -8.528906 10.527249 3.300000
C -9.677807 9.692247 3.300000
C -9.975171 12.517203 3.300000
C -11.124071 11.682202 3.300000
C -11.421435 14.507157 3.300000
C -12.570336 13.672156 3.300000
C -12.867700 16.497112 3.300000
C -14.016601 15.662111 3.300000
C -14.313965 18.487066 3.300000
C -15.462865 17.652065 3.300000
C -15.760229 20.477021 3.300000
C -16.909130 19.642019 3.300000
C -17.206494 22.466975 3.300000
C -18.355395 21.631974 3.300000
C -18.652758 24.456929 3.300000
C -19.801659 23.621928 3.300000
C -20.099023 26.446884 3.300000
C -21.247924 25.611883 3.300000
C -21.545288 28.436838 3.300000
C -22.694188 27.601837 3.300000
C -22.991552 30.426793 3.300000
C -2.892529 3.979909 3.300000
C -3.189893 6.804864 3.300000
C -4.338794 5.969863 3.300000
C -4.636158 8.794819 3.300000
C -5.785059 7.959818 3.300000
C -6.082423 10.784773 3.300000
C -7.231323 9.949772 3.300000
C -7.528687 12.774728 3.300000
C -8.677588 11.939726 3.300000
C -8.974952 14.764682 3.300000
C -10.123853 13.929681 3.300000
C -10.421216 16.754637 3.300000
C -11.570117 15.919635 3.300000
C -11.867481 18.744591 3.300000
C -13.016382 17.909590 3.300000
C -13.313746 20.734545 3.300000
C -14.462646 19.899544 3.300000
C -14.760010 22.724500 3.300000
C -15.908911 21.889498 3.300000
C -16.206275 24.714454 3.300000
C -17.355176 23.879453 3.300000
C -17.652540 26.704409 3.300000
C -18.801440 25.869407 3.300000
C -19.098804 28.694363 3.300000
C -20.247705 27.859362 3.300000
C -20.545069 30.684317 3.300000
C -21.693970 29.849316 3.300000
C -23.140234 31.839270 3.300000
C -3.338575 8.217342 3.300000
C -3.635939 11.042298 3.300000
C -4.784840 10.207297 3.300000
C -5.082204 13.032252 3.300000
C -6.231104 12.197251 3.300000
C -6.528468 15.022207 3.300000
C -7.677369 14.187206 3.300000
C -7.974733 17.012161 3.300000
C -9.123634 16.177160 3.300000
C -9.420998 19.002116 3.300000
C -10.569898 18.167114 3.300000
C -10.867262 20.992070 3.300000
C -12.016163 20.157069 3.300000
C -12.313527 22.982024 3.300000
C -13.462428 22.147023 3.300000
C -13.759792 24.971979 3.300000
C -14.908692 24.136978 3.300000
C -15.206056 26.961933 3.300000
C -16.354957 26.126932 3.300000
C -17.801222 28.116886 3.300000
C -19.247486 30.106841 3.300000
C -3.784621 12.454776 3.300000
C -4.081985 15.279732 3.300000
C -5.230886 14.444730 3.300000
C -5.528250 17.269686 3.300000
C -6.677150 16.434685 3.300000
C -6.974514 19.259640 3.300000
C -8.123415 18.424639 3.300000
C -8.420779 21.249595 3.300000
C -9.569680 20.414593 3.300000
C -9.867044 23.239549 3.300000
C -11.015944 22.404548 3.300000
C -11.313308 25.229504 3.300000
C -12.462209 24.394502 3.300000
C -13.908474 26.384457 3.300000
C -3.081766 17.527211 3.300000
C -4.230667 16.692209 3.300000
C -4.528031 19.517165 3.300000
C -5.676932 18.682164 3.300000
C -5.974296 21.507119 3.300000
C -7.123196 20.672118 3.300000
C -7.420560 23.497074 3.300000
C -8.569461 22.662073 3.300000
C -10.015726 24.652027 3.300000
C -3.230448 18.939689 3.300000
C -3.527812 21.764644 3.300000
C -4.676713 20.929643 3.300000
C -6.122978 22.919597 3.300000
Number of points in layer 2: 182

Total number of atoms: 364