natom :
366

Moire lattice vectors (in Angstrom)
a1 :
24.3367383770 0.0000000000 0.0000000000
a3 :
0.0000000000 0.0000000000 100.0000000000
a2 :
12.1683697531 21.0762333538 0.0000000000

type    Mass
1	95.9400000000
2	32.0660000000
3	32.0660000000
4	95.9400000000
5	32.0660000000
6	32.0660000000

Atomic positions (in Angstrom)
id    type    x    y    z
1	2	22.5289782966	0.1346811355	4.0182178924
2	3	22.5543944429	0.1366094988	7.1333547580
3	2	1.0205139619	1.4982248136	4.0182166348
4	3	1.0094763639	1.4752514856	7.1333534829
5	2	31.6639189147	16.7135230974	4.0962038867
6	3	31.7020065094	16.7549152976	7.2130681227
7	2	34.4680933358	18.0813455325	4.0408555611
8	3	34.4878577524	18.1207636853	7.1564130334
9	1	33.6974765262	19.7223857461	5.5901757208
10	2	12.9556100294	19.4433293520	4.0182174658
11	3	12.9412338738	19.4643767104	7.1333543268
12	1	24.3367368080	0.0000010795	5.5659936046
13	2	15.7805241242	20.8095730243	4.0408533197
14	3	15.7365059228	20.8069808600	7.1564107436
15	1	2.8091044449	1.3543043432	5.5897442906
16	2	6.4190627066	1.1131572613	4.0934786975
17	3	6.3690066190	1.0951479895	7.2105890005
18	2	9.2036486852	2.5102490653	4.1444411562
19	3	9.1740432550	2.4914358562	7.2635440893
20	2	28.7142790500	12.2211091610	4.1695876267
21	3	28.7278855004	12.2198618102	7.2888477799
22	2	31.4768531345	13.5945314367	4.1391197059
23	3	31.4957888527	13.6267154148	7.2576464405
24	1	30.6944820481	15.2293160445	5.6888904877
25	2	9.9228591123	14.9605833053	4.0934814918
26	3	9.9322905925	15.0129375075	7.2105918891
27	1	33.4763788455	16.6060844327	5.6305991825
28	2	12.7312268725	16.3218092043	4.0602759572
29	3	12.7152548653	16.3728427585	7.1763130334
30	1	11.9366765960	17.9663255844	5.5897462586
31	2	15.5528374923	17.6867262515	4.0616384624
32	3	15.5086602886	17.7198847464	7.1775354165
33	1	14.7446504352	19.3216794959	5.5901741071
34	2	18.3671807948	19.0649969849	4.0962012576
35	3	18.3122901305	19.0772861722	7.2130654133
36	1	17.5539955332	20.6883530747	5.6305963578
37	2	21.1618406781	20.4624882113	4.1391176832
38	3	21.1244991760	20.4627949882	7.2576443426
39	1	8.1884432042	1.0013257538	5.6847880922
40	2	11.7728879404	0.7994435431	4.1612589214
41	3	11.7729806269	0.7977625129	7.2807889898
42	1	10.9832331706	2.4099325568	5.7207707707
43	2	14.5533758749	2.2147998638	4.1502916048
44	3	14.5895361766	2.2117140910	7.2694288829
45	2	25.7778028570	7.7409143422	4.1237324346
46	3	25.7763848309	7.6843257587	7.2412479524
47	2	28.5514722856	9.1097271190	4.1529022970
48	3	28.5459795244	9.0739425656	7.2716747711
49	1	27.7466556365	10.7087746863	5.7277885647
50	2	6.9742641481	10.4808914715	4.1612592186
51	3	6.9727612152	10.4816497988	7.2807892926
52	1	30.5112851302	12.0992549019	5.7189938507
53	2	9.7404842334	11.8505154712	4.1444430177
54	3	9.7389939634	11.8855596524	7.2635460254
55	1	8.9413205986	13.4841700404	5.6847905610
56	2	12.5288749661	13.2164605995	4.1185336660
57	3	12.5152138082	13.2678131890	7.2365340615
58	1	11.7225589011	14.8553925396	5.6461686934
59	2	15.3382769615	14.5827573206	4.1077483802
60	3	15.3036533380	14.6289199608	7.2250462502
61	1	14.5209554462	16.2169891253	5.6302690008
62	2	18.1516637195	15.9577780868	4.1237331235
63	3	18.1033661210	15.9873009160	7.2412486687
64	1	17.3291741645	17.5829397455	5.6492526942
65	2	20.9510260283	17.3489264475	4.1534801391
66	3	20.9122907568	17.3649506989	7.2719674258
67	1	20.1372601709	18.9675429858	5.6888881004
68	2	23.7325465940	18.7567396117	4.1695872902
69	3	23.7268215964	18.7691466517	7.2888474334
70	1	22.9395714061	20.3739196034	5.7189928685
71	2	26.5084858184	20.1714360677	4.1529038508
72	3	26.5422208167	20.1845712640	7.2716763877
73	1	13.5689264671	0.7128351292	5.7170048373
74	2	17.1282668040	0.5015166976	4.1077493670
75	3	17.1855564102	0.5084213929	7.2250472551
76	1	16.3678068216	2.1163156768	5.6846243489
77	2	19.9378543870	1.8897627395	4.0602759755
78	3	19.9900372543	1.8780796512	7.1763130445
79	2	25.5799021216	4.6257911406	4.0616374896
80	3	25.5732760526	4.5709534985	7.1775344200
81	2	4.0385610096	5.9919605261	4.1077466916
82	3	4.0158954084	5.9388936000	7.2250444922
83	1	27.5681334063	7.5848709715	5.6872540668
84	2	6.8097542342	7.3652399030	4.1502901575
85	3	6.7890009427	7.3354657421	7.2694273732
86	1	6.0012391569	8.9687798683	5.7170038357
87	2	9.5723566130	8.7438424886	4.1683856767
88	3	9.5613091855	8.7467836941	7.2885137927
89	1	8.7638154846	10.3595073798	5.7207716378
90	2	12.3465364100	10.1217329946	4.1621711161
91	3	12.3394140869	10.1491681391	7.2820461403
92	1	11.5336189771	11.7439857217	5.7027749184
93	2	15.1419758649	11.4961943249	4.1502914218
94	3	15.1265683551	11.5290535654	7.2694287052
95	1	14.3200507371	13.1167802826	5.6846240026
96	2	17.9502560945	12.8713042837	4.1529028370
97	3	17.9220132286	12.8939530668	7.2716753552
98	1	17.1213613471	14.4853283573	5.6872551513
99	2	20.7520262786	14.2544146127	4.1713949356
100	3	20.7229898043	14.2656412516	7.2903819239
101	1	19.9276545409	15.8642788277	5.7109793004
102	2	23.5352075376	15.6497991811	4.1854067413
103	3	23.5265351339	15.6602273748	7.3047655077
104	1	22.7299535531	17.2627866796	5.7332151460
105	2	26.3054101424	17.0534772339	4.1713962157
106	3	26.3296499713	17.0730098924	7.2903832356
107	1	25.5260774500	18.6749205280	5.7277895065
108	2	29.0807468069	18.4537753601	4.1237351067
109	3	29.1304623988	18.4808412734	7.2412507068
110	1	28.3207186071	20.0822684323	5.6872566178
111	2	31.8774720024	19.8399509339	4.0616401987
112	3	31.9282766628	19.8616315749	7.1775371886
113	1	18.9522136727	0.3922229061	5.6302700012
114	1	21.7593227391	1.7556062750	5.5897458573
115	1	24.5680849332	3.1084043109	5.5901737051
116	2	3.8360221825	2.8646630335	4.0602736788
117	3	3.7998127602	2.8253140235	7.1763106905
118	1	3.0319352754	4.4670234630	5.6302671739
119	2	6.6265099393	4.2420947592	4.1185313277
120	3	6.5888676038	4.2045868394	7.2365316284
121	1	5.8172478193	5.8431384671	5.6846220365
122	2	9.3977923393	5.6315481434	4.1621698492
123	3	9.3775929791	5.6116615331	7.2820448144
124	1	8.5894943332	7.2360348219	5.7233442943
125	2	12.1683689073	7.0254112632	4.1760688736
126	3	12.1683685668	7.0254107637	7.2965995795
127	1	11.3597938559	8.6326586837	5.7329760398
128	2	14.9545796813	8.4144089592	4.1683860206
129	3	14.9626513561	8.4225048853	7.2885141595
130	1	14.1402116971	10.0194961182	5.7233453673
131	2	17.7579541973	9.7958989845	4.1612590406
132	3	17.7593636897	9.7968208104	7.2807891302
133	1	16.9349402200	11.3946187727	5.7170044483
134	2	20.5633890526	11.1746185719	4.1695867847
135	3	20.5555065638	11.1634579793	7.2888469337
136	1	19.7374808210	12.7687717243	5.7277884675
137	2	23.3527489112	12.5571881036	4.1854063769
138	3	23.3480532878	12.5444636433	7.3047651390
139	1	22.5368441281	14.1554050707	5.7457834149
140	2	26.1222587530	13.9454799623	4.1854071068
141	3	26.1356252963	13.9477750259	7.3047658842
142	1	25.3272562249	15.5572842449	5.7457841654
143	2	28.8858365986	15.3338827948	4.1534819407
144	3	28.9190807145	15.3594154736	7.2719692890
145	1	28.1117788334	16.9624717454	5.7109811790
146	1	30.8994224575	18.3534918008	5.6492550325
147	1	5.6103107494	2.7243385431	5.6461659534
148	1	8.3993384000	4.1164142258	5.7027728929
149	2	11.9781702008	3.9179824339	4.1683854864
150	3	11.9811450888	3.9069440629	7.2885135979
151	1	11.1807391619	5.5215405078	5.7329755000
152	2	14.7607775724	5.3229528133	4.1621709373
153	3	14.7880985194	5.3154031731	7.2820459500
154	1	13.9645734169	6.9220341912	5.7329761033
155	2	17.5609728901	6.7154696313	4.1444423868
156	3	17.5920682100	6.6992380832	7.2635453753
157	1	16.7580574014	8.3067937233	5.7207714784
158	2	20.3715199821	8.0954479812	4.1391181414
159	3	20.3899254434	8.0629569560	7.2576448398
160	1	19.5593573576	9.6792925912	5.7189929021
161	2	23.1733516201	9.4696582898	4.1534799156
162	3	23.1788420585	9.4281008695	7.2719672105
163	1	22.3584868444	11.0533244903	5.7332147391
164	2	25.9527783573	10.8445755115	4.1713948984
165	3	25.9575738684	10.8138153144	7.2903818733
166	1	25.1461137079	12.4397772683	5.7457835378
167	1	27.9217735271	13.8363556667	5.7332160765
168	1	13.7754001561	3.8207026576	5.7233451623
169	2	17.3497201712	3.6176790711	4.1185334657
170	3	17.4010238391	3.6038344412	7.2365338445
171	1	16.5721484185	5.2158340830	5.7027745458
172	2	20.1631825480	5.0024941347	4.0934801616
173	3	20.2038078509	4.9681499080	7.2105905207
174	1	19.3753415249	6.5907386273	5.6847892700
175	2	22.9791128774	6.3739479694	4.0962014050
176	3	22.9959165434	6.3202673368	7.2130655800
177	1	22.1784711202	7.9556086971	5.6888882489
178	1	24.9707802276	9.3257167235	5.7109789483
179	1	19.1722350733	3.4965040950	5.6461681350
180	2	22.7615935757	3.2615499414	4.0408540245
181	3	22.7858492262	3.2247258717	7.1564114686
182	1	21.9798381351	4.8580313270	5.6305972214
183	1	24.7816161126	6.2160369566	5.6492521369
184	5	34.7227725071	20.9396172271	10.5456932410
185	6	34.6973562773	20.9415440945	13.6608301076
186	5	25.1096108362	1.6118500398	10.5456945145
187	6	25.1239868928	1.6328959520	13.6608313630
188	5	29.7604438333	14.3769883324	10.4155017031
189	6	29.7293494341	14.3607571039	13.5346047251
190	5	32.3721843819	16.1080766819	10.4684558701
191	6	32.3315597000	16.0737320730	13.5855662791
192	5	10.6174882720	17.8515007696	10.5226349746
193	6	10.5932327818	17.8146756277	13.6381924492
194	4	33.9277004174	19.3206198500	12.0893013455
195	5	13.1778543024	19.6009751947	10.5456936544
196	6	13.1888917638	19.5780003820	13.6608305139
197	4	12.1683764317	21.0762249265	12.1130543878
198	5	3.5681443924	0.2692458447	10.5226372820
199	6	3.6121624422	0.2666522412	13.6381947091
200	4	2.5762889050	1.7545465895	12.0888746946
201	5	6.1439282298	1.9989404774	10.4659832170
202	6	6.1988189052	2.0112286973	13.5828473660
203	5	27.2949433500	9.5471725912	10.4096204906
204	6	27.3103516518	9.5800326232	13.5287577186
205	5	29.9277385659	11.2794055616	10.3982586953
206	6	29.9263301799	11.2803281908	13.5177887791
207	4	28.9264329787	12.7694330170	11.9582761878
208	5	8.2215624629	13.0132694174	10.4214016454
209	6	8.2031579087	12.9807788858	13.5399283877
210	4	31.5437176826	14.4854880447	11.9942572888
211	5	10.8275544616	14.7559589108	10.4659801832
212	6	10.8107511524	14.7022782195	13.5828444172
213	4	9.8114766436	16.2181950295	12.0484488451
214	5	13.4049147899	16.5052726735	10.5015114753
215	6	13.4115406913	16.4504343903	13.6174084503
216	4	12.3997240398	17.9678217502	12.0888726703
217	5	15.9681903241	18.2509121897	10.5027359454
218	6	16.0043993614	18.2115621786	13.6187729875
219	4	14.9774822388	19.7219216106	12.0893029175
220	5	18.5373842600	19.9810783164	10.4684585127
221	6	18.5874400246	19.9630680199	13.5855688360
222	4	5.3856338172	0.3878729388	12.0484517037
223	5	8.9561371493	0.6134313306	10.4214038289
224	6	8.9934784611	0.6137373483	13.5399304990
225	4	7.9688981694	2.1086831005	11.9901604550
226	5	11.5584593548	2.3070794551	10.3902010943
227	6	11.5641841696	2.3194861821	13.5094612383
228	5	24.8836312869	4.7033836330	10.5027369754
229	6	24.8996032870	4.7544166195	13.6187739985
230	5	27.4720289956	6.4473065095	10.4540035471
231	6	27.5066531357	6.4934691939	13.5713013531
232	4	26.4884264079	7.9594461037	11.9944257836
233	5	5.7536498467	8.1822733914	10.4073734462
234	6	5.7818936310	8.2049227756	13.5261459225
235	4	29.1033156326	9.6816079672	11.9620441943
236	5	8.3871430397	9.9127682482	10.3902004851
237	6	8.3950264213	9.9016085501	13.5094606408
238	4	7.3909944615	11.3969341673	11.9600542791
239	5	11.0104789823	11.6481249673	10.4070790608
240	6	11.0049889638	11.6065683852	13.5255664051
241	4	10.0101086470	13.1206177528	11.9901577846
242	5	13.6080224726	13.3918997492	10.4377978727
243	6	13.6094403088	13.3353116680	13.5553134539
244	4	12.6132542161	14.8601890929	12.0297935256
245	5	16.1842720248	15.1373318244	10.4540016196
246	6	16.2069370762	15.0842649799	13.5712994754
247	4	15.2003122479	16.6092023422	12.0487789060
248	5	18.7572445525	16.8716387586	10.4425151497
249	6	18.7948863582	16.8341305875	13.5605154897
250	4	17.7786880199	18.3518872445	12.0328809450
251	5	21.3424203718	18.5847900353	10.4155033535
252	6	21.3720254815	18.5659763706	13.5346063116
253	4	20.3568205753	20.0749001274	11.9942595974
254	5	23.9413578928	20.2784635922	10.3982589754
255	6	23.9412650244	20.2767820148	13.5177890590
256	4	10.7712092103	0.7023063004	11.9600553827
257	5	14.3738587632	0.8916548289	10.4073720352
258	6	14.3401235231	0.9047894983	13.5261445728
259	4	13.3577151070	2.4013052248	11.9512591134
260	5	16.9621005233	2.5953846234	10.4377982485
261	6	16.9123844749	2.6224501232	13.5553138240
262	4	24.1050533046	3.1099003735	12.0893033087
263	5	3.3402984131	3.3563419952	10.5015139438
264	6	3.3844757684	3.3894995413	13.6174108676
265	4	26.6893318327	4.8592371192	12.0487808517
266	5	5.9350035123	5.0889257060	10.4378005319
267	6	5.9833015819	5.1184483437	13.5553160383
268	4	4.9529988450	6.5908981932	11.9917942032
269	5	8.5546266104	6.8105850151	10.3886664972
270	6	8.5836636504	6.8218122052	13.5076534656
271	4	7.5691178893	8.3074548938	11.9512597512
272	5	11.1796899687	8.5317620452	10.3742823224
273	6	11.1843858704	8.5190386281	13.4936410971
274	4	10.1901237997	10.0229018647	11.9458322279
275	5	13.7892108343	10.2624097922	10.3886649571
276	6	13.7844150786	10.2316507770	13.5076519673
277	4	12.8024173953	11.7505091993	11.9680672258
278	5	16.3776168905	12.0022822207	10.4073719865
279	6	16.3831090099	11.9664987097	13.5261445020
280	4	15.3997709438	13.4913546244	11.9917920340
281	5	18.9573769711	13.7407591298	10.4096196911
282	6	18.9781296172	13.7109857305	13.5287569406
283	4	17.9856241022	15.2330870790	11.9944245213
284	5	21.5459692104	15.4645637551	10.3970025774
285	6	21.5661682388	15.4446775585	13.5168775659
286	4	20.5677150036	16.9598114907	11.9762742554
287	5	24.1495216163	17.1692817537	10.3905339726
288	6	24.1465467247	17.1582433750	13.5106621054
289	4	23.1516100627	18.6662933482	11.9582768662
290	5	26.7579131871	18.8645121235	10.4096188392
291	6	26.7217529854	18.8614258858	13.5287561388
292	4	25.7373036258	20.3633908025	11.9620432100
293	5	29.3539339756	20.5678049816	10.4540008165
294	6	29.2966443229	20.5747088210	13.5712987134
295	4	16.1523564669	0.9939573551	11.9917919081
296	5	19.7599151191	1.2145948028	10.5015115348
297	6	19.7091101877	1.2362743759	13.6174085104
298	4	5.1608122736	3.4932865274	12.0297964537
299	5	8.7439283158	3.7112756937	10.4070812934
300	6	8.7826637180	3.7272996946	13.5255685690
301	4	7.7592920953	5.2119475271	11.9680695426
302	5	11.3581723068	5.4159984883	10.3742829145
303	6	11.3668447229	5.4264271560	13.4936416737
304	4	10.3684812028	6.9208210944	11.9332646938
305	5	13.9672623826	7.1284501793	10.3742822151
306	6	13.9538954921	7.1307462327	13.4936409872
307	4	12.9777505623	8.6364484961	11.9332638781
308	5	16.5595226601	8.8563628935	10.3902002561
309	6	16.5459155191	8.8551167658	13.5094604018
310	4	15.5782925183	10.3674507153	11.9512585792
311	5	19.1411367774	10.5945747878	10.3982588992
312	6	19.1426390028	10.5953343586	13.5177889637
313	4	18.1696145864	12.1074454510	11.9620434566
314	5	21.7296846962	12.3294412145	10.3905344637
315	6	21.7407317976	12.3323835197	13.5106625692
316	4	20.7578700158	13.8401907387	11.9557032500
317	5	24.3367441521	14.0508147395	10.3824484148
318	6	24.3367446865	14.0508150048	13.5029791208
319	4	23.3491152007	15.5546854241	11.9460721292
320	5	26.9564745241	15.7608229276	10.3970015636
321	6	26.9291540890	15.7532735048	13.5168765999
322	4	25.9437766831	17.2555235172	11.9557024140
323	5	29.5694005987	17.4723920502	10.4425133380
324	6	29.5180974013	17.4585469566	13.5605137536
325	4	28.5361839206	18.9599104820	11.9944232884
326	5	32.1584148142	19.1981470115	10.5027342898
327	6	32.1062321269	19.1864628164	13.6187713815
328	4	31.1205912657	20.6840030812	12.0487780457
329	4	21.5291148796	1.3538401263	12.0888730801
330	4	10.5615911211	3.8134393137	11.9458334694
331	5	14.1612876186	4.0032157727	10.3886654952
332	6	14.1370474066	4.0227485976	13.5076524999
333	4	13.1588934154	5.5189414495	11.9332642928
334	5	16.7507183314	5.7168097231	10.4070797025
335	6	16.7174735512	5.7423429483	13.5255670124
336	4	15.7534104928	7.2398696888	11.9458323236
337	5	19.3274263356	7.4495095305	10.4214028845
338	6	19.3084898941	7.4816943267	13.5399295645
339	4	18.3429220010	8.9769703266	11.9600546992
340	5	21.9073694890	9.1906654036	10.4155034354
341	6	21.9088593905	9.2257105904	13.5346063845
342	4	20.9321907279	10.7167180779	11.9582770417
343	5	24.5077892503	10.9270573458	10.3970029368
344	6	24.5149118355	10.9544935351	13.5168779142
345	4	23.5281692229	12.4435672496	11.9460724319
346	5	27.1310264764	12.6537211334	10.3905339964
347	6	27.1229555967	12.6618178853	13.5106621245
348	4	26.1329491292	14.1541921789	11.9460717787
349	4	28.7405247362	15.8603924393	11.9762726658
350	4	31.3406121306	17.5797222759	12.0328787630
351	4	15.9434163346	4.1137537551	11.9680677858
352	5	19.5336446483	4.3213104030	10.4659814639
353	6	19.4955564552	4.3627023914	13.5828456477
354	4	18.5261194011	5.8469093042	11.9901589047
355	5	22.1006667904	6.0632881597	10.4684581871
356	6	22.0912349075	6.1156424749	13.5855685142
357	4	21.1096961591	7.5920554448	11.9942591719
358	5	24.6835893870	7.8084126649	10.4425159589
359	6	24.6972507031	7.8597657603	13.5605162784
360	4	23.7019943606	9.3322402012	11.9762747036
361	4	26.3085870294	11.0567303224	11.9557034948
362	4	18.7310604116	2.7227338281	12.0297941370
363	5	22.3194962374	2.9554626716	10.5226364762
364	6	22.2997315116	2.9948798391	13.6381939146
365	4	21.3080167394	4.4701412124	12.0484506689
366	4	23.8909349307	6.2208333909	12.0328814903
