natom :
762

Moire lattice vectors (in Angstrom)
a1 :
35.115795 0.000000 0.000000
a3 :
0.000000 0.000000 100.000000
a2 :
17.557897 30.411171 0.000000

type    Mass
1	95.940000
2	32.066000
3	32.066000
4	95.940000
5	32.066000
6	32.066000

Atomic positions (in Angstrom)
id    type    x    y    z
1	2	33.320731	0.069380	4.194513
2	3	33.312758	0.070141	7.313263
3	2	0.957457	1.519525	4.194512
4	3	0.962103	1.526050	7.313263
5	2	47.992286	25.955590	4.178412
6	3	47.993789	25.943491	7.297128
7	2	50.758720	27.384879	4.187976
8	3	50.757470	27.370989	7.306692
9	1	49.909028	28.965190	5.750791
10	2	18.394955	28.821871	4.194513
11	3	18.398284	28.814585	7.313263
12	1	52.673509	30.411039	5.756575
13	2	21.135840	30.265863	4.187975
14	3	21.148495	30.271726	7.306692
15	1	2.756218	1.455923	5.748145
16	2	6.315464	1.300574	4.163580
17	3	6.338037	1.322030	7.282090
18	2	45.091710	21.447620	4.160554
19	3	45.120079	21.430468	7.279199
20	2	47.870623	22.870495	4.155398
21	3	47.887917	22.844635	7.273925
22	1	47.022698	24.441008	5.730697
23	2	15.526335	24.291175	4.163581
24	3	15.533630	24.260899	7.282091
25	1	49.793917	25.863567	5.737633
26	2	18.283003	25.715992	4.177156
27	3	18.286271	25.690230	7.295758
28	1	17.440494	27.295899	5.748146
29	2	21.024467	27.147727	4.184817
30	3	21.029607	27.135664	7.303524
31	1	20.192097	28.739853	5.750791
32	2	23.756858	28.584705	4.178411
33	3	23.766585	28.592056	7.297128
34	1	22.935736	30.190975	5.737632
35	2	26.489460	30.021889	4.155397
36	3	26.503208	30.049796	7.273924
37	1	8.119677	1.230080	5.706735
38	2	11.673736	1.042765	4.118574
39	3	11.688075	1.087824	7.236633
40	1	10.866796	2.671780	5.661963
41	2	14.432449	2.467083	4.076032
42	3	14.441022	2.521387	7.193458
43	2	42.182788	16.919245	4.157049
44	3	42.228710	16.902166	7.275549
45	2	44.958233	18.356653	4.132230
46	3	45.002193	18.331935	7.250461
47	1	44.133122	19.930001	5.717355
48	2	12.623931	19.779680	4.118574
49	3	12.655783	19.744733	7.236634
50	1	46.906822	21.349439	5.704420
51	2	15.402666	21.194998	4.122582
52	3	15.418605	21.152188	7.240618
53	1	14.563179	22.763928	5.706736
54	2	18.168894	22.610136	4.140891
55	3	18.172341	22.567483	7.259089
56	1	17.327288	24.183358	5.720773
57	2	20.917848	24.030761	4.162713
58	3	20.915507	23.998832	7.281191
59	1	20.079183	25.613764	5.735802
60	2	23.652199	25.458958	4.176828
61	3	23.649380	25.446290	7.295536
62	1	22.819448	27.055156	5.741055
63	2	26.379993	26.892588	4.176572
64	3	26.379032	26.903173	7.295360
65	1	25.553318	28.502309	5.730697
66	2	29.111162	28.326717	4.160554
67	3	29.111832	28.359862	7.279199
68	1	28.288633	29.947741	5.704419
69	2	31.854757	29.756606	4.132230
70	3	31.854184	29.807036	7.250461
71	1	13.475130	0.973747	5.667002
72	2	17.058653	0.769285	4.100185
73	3	17.051149	0.827441	7.217888
74	1	16.233459	2.399603	5.628462
75	2	19.838831	2.188893	4.076717
76	3	19.818102	2.243139	7.194057
77	2	39.270418	12.349766	4.163614
78	3	39.308751	12.340644	7.282171
79	2	42.035740	13.810292	4.133800
80	3	42.088140	13.796508	7.251940
81	1	41.233267	15.395139	5.717933
82	2	9.694632	15.252945	4.100185
83	3	9.748749	15.230366	7.217888
84	1	44.004627	16.833552	5.689147
85	2	12.478071	16.678406	4.076033
86	3	12.520812	16.643829	7.193459
87	1	11.663463	18.254136	5.667002
88	2	15.263960	18.092003	4.072101
89	3	15.287016	18.045871	7.189472
90	1	14.438169	19.664003	5.661964
91	2	18.042239	19.501301	4.090421
92	3	18.045517	19.449507	7.207971
93	1	17.207109	21.073250	5.676069
94	2	20.804408	20.913636	4.122845
95	3	20.794427	20.866417	7.240813
96	1	19.964596	22.490794	5.701434
97	2	23.548428	22.334252	4.156235
98	3	23.533269	22.302089	7.274685
99	1	22.708435	23.921105	5.725588
100	2	26.279377	23.764498	4.179502
101	3	26.264838	23.754135	7.298289
102	1	25.441499	25.362850	5.738517
103	2	29.006473	25.201245	4.186904
104	3	28.995300	25.214486	7.305817
105	1	28.170771	26.810149	5.735622
106	2	31.739720	26.638667	4.177919
107	3	31.731738	26.672853	7.296729
108	1	30.904753	28.255365	5.717354
109	2	34.487312	28.071705	4.157049
110	3	34.479141	28.120014	7.275549
111	1	33.650604	29.692309	5.689147
112	2	37.253269	29.498834	4.133800
113	3	37.239006	29.551104	7.251941
114	1	18.854011	0.707579	5.661471
115	2	22.477467	0.511286	4.119862
116	3	22.452106	0.556943	7.237800
117	1	21.629877	2.126254	5.646634
118	2	25.267274	1.936851	4.122844
119	3	25.231372	1.969104	7.240812
120	2	39.114958	9.226373	4.156233
121	3	39.150392	9.229326	7.274684
122	1	38.316591	10.824356	5.726963
123	2	6.761791	10.689115	4.119861
124	3	6.814013	10.688249	7.237799
125	1	41.086908	12.285928	5.698576
126	2	9.533960	12.135437	4.076716
127	3	9.591303	12.126265	7.194057
128	1	8.743514	13.728973	5.661471
129	2	12.317160	13.564124	4.040400
130	3	12.365292	13.542319	7.157340
131	1	11.519126	15.152425	5.628462
132	2	15.107728	14.978937	4.024625
133	3	15.135024	14.942665	7.141440
134	1	14.296561	16.561267	5.612870
135	2	17.896970	16.386584	4.036578
136	3	17.899577	16.338622	7.153486
137	1	17.071470	17.964484	5.621915
138	2	20.674552	17.794712	4.072570
139	3	20.657445	17.742969	7.189861
140	1	19.837918	19.372036	5.652274
141	2	23.433886	19.210374	4.119863
142	3	23.407026	19.165583	7.237801
143	1	22.591363	20.791792	5.691888
144	2	26.175636	20.637923	4.163615
145	3	26.148570	20.609288	7.282173
146	1	25.331506	22.226667	5.726964
147	2	28.906796	22.076920	4.193236
148	3	28.885513	22.069053	7.312162
149	1	28.062957	23.673616	5.748077
150	2	31.637141	23.522025	4.204348
151	3	31.623684	23.534798	7.323394
152	1	30.793488	25.125229	5.751633
153	2	34.375995	24.965983	4.198160
154	3	34.368763	24.995295	7.317136
155	1	33.531205	26.573109	5.739304
156	2	37.129981	26.403653	4.181067
157	3	37.123978	26.441946	7.299835
158	1	36.281987	28.011448	5.717933
159	2	39.900782	27.834258	4.163614
160	3	39.889516	27.872016	7.282171
161	1	39.047823	29.439303	5.698576
162	2	42.683450	29.261322	4.156234
163	3	42.663175	29.290532	7.274684
164	1	24.268277	0.450223	5.691887
165	2	27.910063	0.280046	4.162712
166	3	27.883582	0.298038	7.281191
167	1	27.053039	1.875569	5.701433
168	2	30.686938	1.719273	4.177156
169	3	30.662994	1.729324	7.295758
170	2	36.208347	4.633821	4.184817
171	3	36.216225	4.644304	7.303524
172	2	3.845233	6.099969	4.162712
173	3	3.874056	6.113906	7.281190
174	1	38.160700	7.705491	5.725587
175	2	6.601463	7.560289	4.122843
176	3	6.647347	7.575255	7.240811
177	1	5.813505	9.168760	5.691886
178	2	9.367459	9.007292	4.072568
179	3	9.420823	9.018348	7.189859
180	1	8.584191	10.615665	5.646633
181	2	12.146610	10.438252	4.024854
182	3	12.193848	10.439426	7.141623
183	1	11.358965	12.043025	5.602162
184	2	14.937501	11.855507	3.994991
185	3	14.965431	11.842026	7.111555
186	1	14.137610	13.453824	5.573387
187	2	17.733438	13.264573	3.994421
188	3	17.734965	13.235192	7.110987
189	1	16.917348	14.855401	5.571731
190	2	20.524225	14.672415	4.024855
191	3	20.501623	14.630919	7.141625
192	1	19.693061	16.257245	5.599178
193	2	23.300354	16.086445	4.076718
194	3	23.263740	16.041370	7.194059
195	1	22.459078	17.668855	5.646635
196	2	26.057828	17.512821	4.133802
197	3	26.019692	17.474334	7.251942
198	1	25.212106	19.096716	5.698577
199	2	28.799977	18.953641	4.181069
200	3	28.769816	18.929297	7.299836
201	1	27.953449	20.541360	5.740719
202	2	31.535003	20.405239	4.209818
203	3	31.517213	20.397910	7.328884
204	1	30.688683	21.996963	5.764962
205	2	34.272263	21.859746	4.218171
206	3	34.266650	21.868042	7.337303
207	1	33.425406	23.454182	5.769691
208	2	37.019588	23.309252	4.209817
209	3	37.022135	23.328324	7.328884
210	1	36.170523	24.904354	5.758715
211	2	39.781410	24.749505	4.193235
212	3	39.785238	24.771870	7.312162
213	1	38.928249	26.342908	5.740718
214	2	42.556605	26.181127	4.179501
215	3	42.554899	26.198900	7.298288
216	1	41.698740	27.770923	5.726964
217	2	45.337640	27.609101	4.176827
218	3	45.328078	27.617876	7.295536
219	1	44.477702	29.195351	5.725588
220	2	48.114022	29.040399	4.184817
221	3	48.101005	29.041980	7.303524
222	1	29.700317	0.214850	5.735802
223	1	32.476433	1.658954	5.748146
224	1	35.245711	3.116905	5.750791
225	2	3.703202	2.975511	4.177155
226	3	3.723880	2.991222	7.295757
227	1	2.893645	4.582162	5.735802
228	2	6.450008	4.429617	4.140890
229	3	6.485223	4.453928	7.259088
230	1	5.655510	6.044412	5.701432
231	2	9.205665	5.874348	4.090420
232	3	9.248881	5.903084	7.207969
233	1	8.419773	7.494084	5.652272
234	2	11.975724	7.305899	4.036576
235	3	12.015956	7.332138	7.153485
236	1	11.189689	8.926028	5.599176
237	2	14.761232	8.725281	3.994420
238	3	14.785912	8.741294	7.110986
239	1	13.966273	10.341021	5.557287
240	2	17.557716	10.136925	3.978219
241	3	17.557715	10.136924	7.094715
242	1	16.747812	11.744636	5.540954
243	2	20.356158	11.546806	3.994992
244	3	20.330519	11.529358	7.111557
245	1	19.530189	13.145157	5.557289
246	2	23.146034	12.961780	4.040402
247	3	23.103085	12.930997	7.157342
248	1	22.307821	14.552150	5.602164
249	2	25.919860	14.388545	4.100187
250	3	25.873247	14.352968	7.217890
251	1	25.075620	15.974224	5.661473
252	2	28.676736	15.830998	4.157051
253	3	28.638985	15.799767	7.275551
254	1	27.831583	17.415360	5.717935
255	2	31.422028	17.287455	4.198161
256	3	31.400261	17.266537	7.317137
257	1	30.578137	18.872377	5.758716
258	2	34.163975	18.750740	4.218171
259	3	34.159597	18.741731	7.337304
260	1	33.321020	20.336390	5.778531
261	2	36.910598	20.211462	4.218171
262	3	36.920589	20.212176	7.337303
263	1	36.066954	21.796941	5.778530
264	2	39.667735	21.662405	4.204348
265	3	39.685525	21.667673	7.323393
266	1	38.821221	23.246324	5.764961
267	2	42.437316	23.101020	4.186904
268	3	42.454369	23.104075	7.305816
269	1	41.586108	24.681944	5.748076
270	2	45.215303	24.529946	4.176572
271	3	45.224949	24.525487	7.295360
272	1	44.359757	26.107576	5.738517
273	1	47.136363	27.532185	5.741055
274	1	5.508361	2.914154	5.720772
275	2	9.058667	2.741561	4.122580
276	3	9.087771	2.776770	7.240616
277	1	8.261882	4.365129	5.676068
278	2	11.815293	4.172936	4.072100
279	3	11.843716	4.215969	7.189471
280	1	11.021972	5.802045	5.621913
281	2	14.589404	5.594167	4.024624
282	3	14.607167	5.635943	7.141439
283	1	13.791579	7.223112	5.571730
284	2	17.379487	7.008462	3.994991
285	3	17.377196	7.039389	7.111555
286	1	16.570348	8.631672	5.540954
287	2	20.178477	8.420921	3.994421
288	3	20.152268	8.434287	7.110987
289	1	19.354986	10.034466	5.540954
290	2	22.976015	9.837670	4.024626
291	3	22.930954	9.832166	7.141441
292	1	22.140287	11.440373	5.573389
293	2	25.762626	11.265286	4.076034
294	3	25.711311	11.245558	7.193460
295	1	24.920560	12.858746	5.628464
296	2	28.533847	12.708688	4.132232
297	3	28.490460	12.682976	7.250463
298	1	27.691606	14.296085	5.689149
299	2	31.291579	14.168033	4.177920
300	3	31.265965	14.144028	7.296730
301	1	30.452612	15.752283	5.739305
302	2	34.041960	15.637518	4.204349
303	3	34.037628	15.619477	7.323394
304	1	33.206582	17.220122	5.769692
305	2	36.792245	17.107456	4.209817
306	3	36.807488	17.095715	7.328884
307	1	35.958861	18.688617	5.778531
308	2	39.548813	18.568508	4.198160
309	3	39.577813	18.560117	7.317136
310	1	38.714848	20.147644	5.769691
311	2	42.315536	20.015248	4.177919
312	3	42.349133	20.005067	7.296729
313	1	41.477977	21.591428	5.751633
314	1	44.248519	23.020307	5.735622
315	1	13.624648	4.100511	5.612869
316	2	17.209952	3.884871	4.040400
317	3	17.204768	3.937457	7.157340
318	1	16.395248	5.516577	5.573387
319	2	20.002311	5.300107	4.024854
320	3	19.977675	5.340428	7.141624
321	1	19.176685	6.924596	5.557288
322	2	22.800452	6.718292	4.036578
323	3	22.757611	6.740014	7.153486
324	1	21.964219	8.332261	5.571732
325	2	25.593893	8.145836	4.072102
326	3	25.542413	8.148934	7.189473
327	1	24.751936	9.748996	5.612872
328	2	28.375478	9.588331	4.118576
329	3	28.329287	9.578219	7.236635
330	1	27.534552	11.182892	5.667004
331	2	31.143964	11.047610	4.160555
332	3	31.114926	11.031617	7.279201
333	1	30.308962	12.636580	5.717356
334	2	33.903047	12.519683	4.186905
335	3	33.897167	12.503386	7.305817
336	1	33.075372	14.105291	5.751634
337	2	36.658630	13.995522	4.193235
338	3	36.676085	13.981024	7.312162
339	1	35.836931	15.578660	5.764962
340	2	39.416878	15.464653	4.181067
341	3	39.453043	15.450705	7.299835
342	1	38.598176	17.045217	5.758715
343	1	41.363019	18.496555	5.739304
344	1	19.006359	3.815600	5.602162
345	2	22.631135	3.608771	4.072569
346	3	22.594877	3.649457	7.189860
347	1	21.790396	5.227501	5.599177
348	2	25.425241	5.035126	4.090421
349	3	25.378747	5.058184	7.207971
350	1	24.579703	6.644246	5.621915
351	2	28.211812	6.474216	4.122582
352	3	28.166768	6.481816	7.240618
353	1	27.368180	8.074992	5.661965
354	2	30.986753	7.929563	4.155399
355	3	30.955712	7.927515	7.273926
356	1	30.151382	9.524767	5.704421
357	2	33.751541	9.399412	4.176572
358	3	33.742856	9.393288	7.295361
359	1	32.927546	10.991492	5.735623
360	2	36.510854	10.876322	4.179501
361	3	36.527099	10.868912	7.298288
362	1	35.697771	12.466388	5.748077
363	1	38.465138	13.937679	5.740718
364	1	24.415454	3.544655	5.652274
365	2	28.054243	3.371023	4.140891
366	3	28.015581	3.389364	7.259089
367	1	27.204154	4.972396	5.676069
368	2	30.831345	4.819027	4.163581
369	3	30.801478	4.827847	7.282091
370	1	29.990288	6.416768	5.706736
371	2	33.597692	6.281652	4.178412
372	3	33.586463	6.286400	7.297128
373	1	32.770820	7.878631	5.730698
374	2	36.356998	7.753888	4.176827
375	3	36.369379	7.757781	7.295536
376	1	35.545581	9.351522	5.738517
377	1	29.837496	3.313264	5.720773
378	2	33.452276	3.171205	4.187976
379	3	33.440872	3.179233	7.306692
380	1	32.617183	4.767405	5.737633
381	1	35.391025	6.234606	5.741055
382	5	34.153324	1.526054	10.365793
383	6	34.157969	1.519529	13.484543
384	5	49.201614	27.135669	10.375531
385	6	49.206753	27.147732	13.494238
386	4	50.039123	28.739858	11.928264
387	5	16.717142	28.814590	10.365792
388	6	16.720470	28.821875	13.484543
389	4	52.673507	30.411044	11.922480
390	5	1.802669	0.070145	10.365793
391	6	1.794696	0.069385	13.484543
392	4	2.638995	1.658959	11.930910
393	5	4.452434	1.729329	10.383298
394	6	4.428489	1.719277	13.501900
395	5	44.082651	20.609292	10.396884
396	6	44.055585	20.637928	13.515441
397	4	44.899714	22.226672	11.952091
398	5	46.697951	22.302094	10.404371
399	6	46.682792	22.334257	13.522821
400	4	47.522785	23.921111	11.953468
401	5	14.199919	23.998837	10.397865
402	6	14.197578	24.030767	13.516343
403	4	15.036243	25.613770	11.943253
404	5	16.829155	25.690235	10.383297
405	6	16.832423	25.715997	13.501899
406	4	17.674932	27.295904	11.930909
407	5	19.473752	27.370993	10.372363
408	6	19.472501	27.384884	13.491080
409	4	20.322193	28.965194	11.928264
410	5	22.130216	29.041984	10.375531
411	6	22.117199	29.040403	13.494238
412	4	5.415111	0.214854	11.943254
413	5	7.231845	0.298043	10.397866
414	6	7.205364	0.280050	13.516344
415	4	8.062389	1.875574	11.977623
416	5	9.884056	1.969109	10.438244
417	6	9.848153	1.936856	13.556212
418	5	41.592236	15.799772	10.403506
419	6	41.554485	15.831002	13.522006
420	4	42.399638	17.415364	11.961122
421	5	44.211529	17.474339	10.427114
422	6	44.173393	17.512826	13.545254
423	4	45.019115	19.096721	11.980479
424	5	11.708400	19.165588	10.441255
425	6	11.681540	19.210380	13.559193
426	4	12.524062	20.791798	11.987168
427	5	14.320999	20.866423	10.438243
428	6	14.311019	20.913641	13.556211
429	4	15.150830	22.490800	11.977622
430	5	16.943085	22.567489	10.419966
431	6	16.946532	22.610141	13.538164
432	4	17.788138	24.183363	11.958282
433	5	19.581796	24.260904	10.396964
434	6	19.589091	24.291180	13.515474
435	4	20.437305	25.863572	11.941423
436	5	22.237433	25.943496	10.381927
437	6	22.238936	25.955595	13.500643
438	4	23.094859	27.532190	11.938001
439	5	24.903144	27.617881	10.383520
440	6	24.893582	27.609105	13.502228
441	4	25.753520	29.195355	11.953468
442	5	27.568047	29.290537	10.404372
443	6	27.547772	29.261327	13.522822
444	4	10.847151	0.450228	11.987169
445	5	12.663321	0.556949	10.441256
446	6	12.637960	0.511291	13.559194
447	4	13.485550	2.126260	12.032422
448	5	15.297325	2.243145	10.484998
449	6	15.276596	2.188899	13.602339
450	5	39.116296	11.031621	10.399856
451	6	39.087257	11.047613	13.518501
452	4	39.922260	12.636584	11.961701
453	5	41.740761	12.682981	10.428594
454	6	41.697375	12.708692	13.546825
455	4	42.539616	14.296089	11.989908
456	5	9.242179	14.352973	10.461167
457	6	9.195566	14.388550	13.578870
458	4	10.039806	15.974229	12.017584
459	5	11.851686	16.041376	10.484998
460	6	11.815072	16.086451	13.602338
461	4	12.656348	17.668861	12.032421
462	5	14.457981	17.742975	10.489195
463	6	14.440875	17.794718	13.606485
464	4	15.277508	19.372042	12.026781
465	5	17.069909	19.449513	10.471084
466	6	17.073187	19.501307	13.588634
467	4	17.908318	21.073256	12.002986
468	5	19.696821	21.152194	10.438437
469	6	19.712761	21.195003	13.556473
470	4	20.552248	22.763933	11.972319
471	5	22.343305	22.844641	10.405129
472	6	22.360599	22.870500	13.523657
473	4	23.208524	24.441013	11.948357
474	5	25.006273	24.525492	10.383695
475	6	25.015919	24.529951	13.502483
476	4	25.871465	26.107581	11.940539
477	5	27.676323	26.198905	10.380767
478	6	27.674617	26.181132	13.499554
479	4	28.532482	27.770928	11.952092
480	5	30.341706	27.872021	10.396884
481	6	30.330439	27.834263	13.515441
482	4	31.183399	29.439308	11.980479
483	5	32.992216	29.551110	10.427115
484	6	32.977953	29.498839	13.545255
485	4	16.261416	0.707584	12.017584
486	5	18.064278	0.827447	10.461167
487	6	18.056774	0.769291	13.578870
488	4	18.881968	2.399609	12.050593
489	5	20.674404	2.521393	10.485596
490	6	20.682978	2.467089	13.603022
491	5	36.644759	6.286404	10.381927
492	6	36.633529	6.281656	13.500644
493	4	37.460402	7.878634	11.948358
494	5	39.275510	7.927519	10.405131
495	6	39.244468	7.929567	13.523658
496	4	40.079840	9.524771	11.974636
497	5	6.786140	9.578223	10.442422
498	6	6.739949	9.588335	13.560481
499	4	7.580874	11.182896	12.012053
500	5	9.404116	11.245564	10.485597
501	6	9.352800	11.265291	13.603023
502	4	10.194866	12.858752	12.050593
503	5	12.012342	12.931003	10.521715
504	6	11.969392	12.961786	13.638654
505	4	12.807605	14.552156	12.076892
506	5	14.613803	14.630925	10.537430
507	6	14.591202	14.672422	13.654200
508	4	15.422366	16.257251	12.079878
509	5	17.215848	16.338628	10.525568
510	6	17.218457	16.386590	13.642477
511	4	18.043956	17.964490	12.057139
512	5	19.828410	18.045877	10.489582
513	6	19.851467	18.092009	13.606953
514	4	20.677258	19.664009	12.017090
515	5	22.459644	19.744739	10.442420
516	6	22.491496	19.779685	13.560479
517	4	23.324400	21.349445	11.974634
518	5	25.111143	21.430473	10.399855
519	6	25.139512	21.447625	13.518500
520	4	25.982704	23.020312	11.943433
521	5	27.776853	23.104080	10.373238
522	6	27.793906	23.101024	13.492151
523	4	28.645114	24.681948	11.930978
524	5	30.445984	24.771875	10.366893
525	6	30.449812	24.749509	13.485820
526	4	31.302973	26.342913	11.938337
527	5	33.107243	26.441951	10.379220
528	6	33.101241	26.403658	13.497988
529	4	33.949235	28.011453	11.961122
530	5	35.752079	28.120019	10.403506
531	6	35.743909	28.071710	13.522006
532	4	36.580617	29.692315	11.989908
533	5	38.377036	29.807041	10.428594
534	6	38.376463	29.756611	13.546825
535	4	21.640297	0.973753	12.012053
536	5	23.427351	1.087829	10.442421
537	6	23.441690	1.042771	13.560481
538	4	24.248630	2.671785	12.017091
539	4	34.985511	3.116909	11.928264
540	5	36.790351	3.179237	10.372364
541	6	36.778946	3.171209	13.491080
542	4	37.614039	4.767409	11.941423
543	5	4.313950	4.827851	10.396965
544	6	4.284082	4.819031	13.515475
545	4	5.125139	6.416772	11.972320
546	5	6.948659	6.481821	10.438438
547	6	6.903615	6.474221	13.556474
548	4	7.747247	8.074997	12.017092
549	5	9.573014	8.148940	10.489584
550	6	9.521534	8.145841	13.606955
551	4	10.363490	9.749001	12.066185
552	5	12.184472	9.832172	10.537616
553	6	12.139412	9.837676	13.654430
554	4	12.975139	11.440378	12.105668
555	5	14.784907	11.529364	10.567499
556	6	14.759269	11.546812	13.684064
557	4	15.585238	13.145163	12.121767
558	5	17.380461	13.235198	10.568067
559	6	17.381989	13.264579	13.684634
560	4	18.198079	14.855407	12.107323
561	5	19.980402	14.942671	10.537614
562	6	20.007699	14.978943	13.654428
563	4	20.818866	16.561273	12.066183
564	5	22.594614	16.643835	10.485595
565	6	22.637356	16.678412	13.603021
566	4	23.451964	18.254142	12.012051
567	5	25.229029	18.331940	10.428592
568	6	25.272989	18.356658	13.546823
569	4	26.098100	19.930006	11.961699
570	5	27.882089	20.005072	10.382325
571	6	27.915685	20.015252	13.501135
572	4	28.753245	21.591433	11.927422
573	5	30.545697	21.667678	10.355661
574	6	30.563487	21.662409	13.474707
575	4	31.410000	23.246328	11.914093
576	5	33.209086	23.328328	10.350171
577	6	33.211633	23.309256	13.469238
578	4	34.060699	24.904358	11.920340
579	5	35.862458	24.995299	10.361919
580	6	35.855226	24.965988	13.480895
581	4	36.700016	26.573114	11.939752
582	5	38.499482	26.672857	10.382326
583	6	38.491500	26.638672	13.501136
584	4	39.326468	28.255370	11.961701
585	5	41.119388	28.359867	10.399856
586	6	41.120058	28.326722	13.518501
587	4	41.942587	29.947746	11.974635
588	5	43.728012	30.049801	10.405130
589	6	43.741760	30.021894	13.523657
590	4	26.995749	1.230085	11.972320
591	5	28.777390	1.322035	10.396965
592	6	28.799962	1.300579	13.515474
593	4	5.277931	3.313269	11.958283
594	5	7.099846	3.389369	10.419967
595	6	7.061185	3.371027	13.538165
596	4	7.911273	4.972401	12.002987
597	5	9.736680	5.058189	10.471086
598	6	9.690186	5.035131	13.588635
599	4	10.535724	6.644251	12.057141
600	5	12.357815	6.740020	10.525570
601	6	12.314975	6.718297	13.642478
602	4	13.151207	8.332267	12.107325
603	5	14.963158	8.434293	10.568068
604	6	14.936950	8.420927	13.684635
605	4	15.760441	10.034472	12.138101
606	5	17.557711	10.136931	10.584340
607	6	17.557711	10.136931	13.700836
608	4	18.367615	11.744642	12.138100
609	5	20.149995	11.842032	10.567498
610	6	20.177926	11.855513	13.684063
611	4	20.977816	13.453830	12.105666
612	5	22.750134	13.542325	10.521713
613	6	22.798267	13.564129	13.638653
614	4	23.596301	15.152431	12.050591
615	5	25.366678	15.230371	10.461165
616	6	25.420794	15.252950	13.578868
617	4	26.226595	16.833557	11.989906
618	5	28.002512	16.902171	10.403504
619	6	28.048433	16.919249	13.522004
620	4	28.868202	18.496560	11.939750
621	5	30.653409	18.560121	10.361918
622	6	30.682409	18.568512	13.480894
623	4	31.516373	20.147648	11.909363
624	5	33.310633	20.212180	10.341752
625	6	33.320624	20.211466	13.460884
626	4	34.164267	21.796945	11.900525
627	5	35.964571	21.868046	10.341752
628	6	35.958958	21.859750	13.460884
629	4	36.805815	23.454186	11.909364
630	5	38.607537	23.534802	10.355662
631	6	38.594079	23.522030	13.474707
632	4	39.437733	25.125234	11.927423
633	5	41.235920	25.214491	10.373239
634	6	41.224747	25.201250	13.492151
635	4	42.060449	26.810154	11.943433
636	5	43.852188	26.903177	10.383695
637	6	43.851227	26.892594	13.502483
638	4	44.677902	28.502314	11.948358
639	5	46.464636	28.592061	10.381927
640	6	46.474363	28.584710	13.500643
641	4	47.295484	30.190980	11.941423
642	5	49.082725	30.271730	10.372363
643	6	49.095380	30.265868	13.491080
644	4	32.359209	1.455927	11.930909
645	4	10.699973	3.544660	12.026783
646	5	12.520550	3.649463	10.489196
647	6	12.484292	3.608777	13.606487
648	4	13.325031	5.227506	12.079879
649	5	15.137752	5.340434	10.537431
650	6	15.113116	5.300113	13.654201
651	4	15.938742	6.924602	12.121767
652	5	17.738230	7.039396	10.567499
653	6	17.735940	7.008468	13.684064
654	4	18.545078	8.631678	12.138101
655	5	20.329514	8.741300	10.568067
656	6	20.354195	8.725287	13.684634
657	4	21.149154	10.341027	12.121766
658	5	22.921578	10.439432	10.537430
659	6	22.968816	10.438258	13.654199
660	4	23.756461	12.043030	12.076891
661	5	25.524123	12.126270	10.484996
662	6	25.581466	12.135442	13.602337
663	4	26.371913	13.728978	12.017582
664	5	28.143082	13.796513	10.427113
665	6	28.195481	13.810296	13.545253
666	4	28.997954	15.395144	11.961120
667	5	30.778179	15.450709	10.379219
668	6	30.814343	15.464656	13.497987
669	4	31.633046	17.045221	11.920339
670	5	33.423734	17.095718	10.350171
671	6	33.438976	17.107460	13.469238
672	4	34.272360	18.688621	11.900524
673	5	36.071624	18.741734	10.341752
674	6	36.067246	18.750744	13.460884
675	4	36.910201	20.336394	11.900525
676	5	38.714008	20.397914	10.350172
677	6	38.696218	20.405244	13.469238
678	4	39.542537	21.996968	11.914094
679	5	41.345707	22.069058	10.366894
680	6	41.324424	22.076925	13.485820
681	4	42.168264	23.673620	11.930979
682	5	43.966382	23.754140	10.380767
683	6	43.951843	23.764503	13.499554
684	4	44.789722	25.362855	11.940539
685	5	46.581840	25.446295	10.383519
686	6	46.579022	25.458964	13.502228
687	4	47.411772	27.055161	11.938000
688	4	16.109067	3.815606	12.076893
689	5	17.910658	3.937463	10.521715
690	6	17.905475	3.884877	13.638654
691	4	18.720178	5.516583	12.105667
692	5	20.508259	5.635949	10.537615
693	6	20.526023	5.594173	13.654429
694	4	21.323848	7.223118	12.107324
695	5	23.099470	7.332144	10.525569
696	6	23.139702	7.305905	13.642477
697	4	23.925737	8.926034	12.079877
698	5	25.694603	9.018353	10.489194
699	6	25.747968	9.007297	13.606485
700	4	26.531236	10.615670	12.032420
701	5	28.301414	10.688253	10.441254
702	6	28.353635	10.689119	13.559192
703	4	29.144313	12.285932	11.980478
704	5	30.922471	12.340648	10.396883
705	6	30.960803	12.349770	13.515440
706	4	31.766083	13.937683	11.938336
707	5	33.555137	13.981028	10.366893
708	6	33.572591	13.995526	13.485819
709	4	34.394290	15.578664	11.914093
710	5	36.193594	15.619481	10.355662
711	6	36.189261	15.637521	13.474707
712	4	37.024639	17.220126	11.909364
713	5	38.830961	17.266540	10.361919
714	6	38.809193	17.287459	13.480895
715	4	39.653084	18.872381	11.920340
716	5	41.461405	18.929301	10.379220
717	6	41.431244	18.953646	13.497988
718	4	42.277771	20.541364	11.938337
719	4	21.490778	4.100517	12.066185
720	5	23.271710	4.215975	10.489583
721	6	23.300134	4.172942	13.606954
722	4	24.093454	5.802051	12.057140
723	5	25.866545	5.903088	10.471084
724	6	25.909761	5.874353	13.588634
725	4	26.695654	7.494089	12.026781
726	5	28.468080	7.575259	10.438242
727	6	28.513963	7.560293	13.556211
728	4	29.301921	9.168764	11.987168
729	5	31.080829	9.229330	10.404370
730	6	31.116263	9.226377	13.522821
731	4	31.914631	10.824360	11.952091
732	5	33.704123	10.868915	10.380767
733	6	33.720367	10.876325	13.499553
734	4	34.533450	12.466391	11.930978
735	5	36.334055	12.503390	10.373239
736	6	36.328174	12.519686	13.492151
737	4	37.155850	14.105294	11.927422
738	5	38.965257	14.144031	10.382326
739	6	38.939642	14.168037	13.501136
740	4	39.778609	15.752287	11.939751
741	5	26.027655	2.776775	10.438437
742	6	26.056759	2.741567	13.556473
743	4	26.853544	4.365134	12.002986
744	5	28.630204	4.453933	10.419966
745	6	28.665418	4.429622	13.538164
746	4	29.459917	6.044416	11.977622
747	5	31.241371	6.113910	10.397865
748	6	31.270193	6.099973	13.516343
749	4	32.070522	7.705495	11.953467
750	5	33.861843	7.757784	10.383519
751	6	33.874223	7.753892	13.502228
752	4	34.685641	9.351525	11.940538
753	5	36.488366	9.393291	10.383695
754	6	36.479681	9.399416	13.502483
755	4	37.303675	10.991495	11.943433
756	4	29.607066	2.914159	11.958282
757	5	31.391547	2.991226	10.383298
758	6	31.412224	2.975515	13.501899
759	4	32.221782	4.582166	11.943253
760	5	34.014997	4.644307	10.375531
761	6	34.022874	4.633825	13.494238
762	4	34.840196	6.234610	11.938001
