C -0.0990990454 1.0090089897 0.0000000000
C 0.0090090265 1.0900900728 0.0000000000
C -0.1261261164 0.7387387274 0.0000000000
C -0.0180179748 0.8198198041 0.0000000000
C -0.1081080691 0.9189189023 0.0000000000
C 0.0900900971 0.9009008872 0.0000000000
C 0.0000000028 0.9999999853 0.0000000000
C 0.1981982387 0.9819819639 0.0000000000
C 0.1081081444 1.0810810620 0.0000000000
C 0.3063063106 1.0630630469 0.0000000000
C 0.2162162163 1.1621621451 0.0000000000
C 0.4144144522 1.1441441237 0.0000000000
C -0.1531531176 0.4684684587 0.0000000000
C -0.0450450458 0.5495495417 0.0000000000
C -0.1351351401 0.6486486399 0.0000000000
C 0.0630630959 0.6306306185 0.0000000000
C -0.0270269984 0.7297297166 0.0000000000
C 0.1711711677 0.7117117015 0.0000000000
C 0.0810810734 0.8108107997 0.0000000000
C 0.2792793093 0.7927927783 0.0000000000
C 0.1891892150 0.8918918764 0.0000000000
C 0.3873873812 0.8738738613 0.0000000000
C 0.2972972869 0.9729729595 0.0000000000
C 0.4954955228 0.9549549380 0.0000000000
C 0.4054054285 1.0540540362 0.0000000000
C 0.6036035947 1.0360360211 0.0000000000
C 0.5135135004 1.1351351193 0.0000000000
C 0.7117117363 1.1171170978 0.0000000000
C -0.0720720470 0.2792792731 0.0000000000
C -0.1621621413 0.3783783712 0.0000000000
C 0.0360360249 0.3603603561 0.0000000000
C -0.0540540694 0.4594594543 0.0000000000
C 0.1441441665 0.4414414329 0.0000000000
C 0.0540540722 0.5405405310 0.0000000000
C 0.2522522384 0.5225225159 0.0000000000
C 0.1621621441 0.6216216141 0.0000000000
C 0.3603603800 0.6036035926 0.0000000000
C 0.2702702857 0.7027026908 0.0000000000
C 0.4684684518 0.6846846757 0.0000000000
C 0.3783783575 0.7837837739 0.0000000000
C 0.5765765935 0.7657657524 0.0000000000
C 0.4864864992 0.8648648506 0.0000000000
C 0.6846846653 0.8468468355 0.0000000000
C 0.5945945710 0.9459459337 0.0000000000
C 0.7927928069 0.9279279122 0.0000000000
C 0.7027027126 1.0270270104 0.0000000000
C 0.8108107845 1.1081080935 0.0000000000
C -0.0810810706 0.1891891856 0.0000000000
C 0.1171170955 0.1711711705 0.0000000000
C 0.0270270012 0.2702702687 0.0000000000
C 0.2252252371 0.2522522472 0.0000000000
C 0.1351351428 0.3513513454 0.0000000000
C 0.3333333090 0.3333333303 0.0000000000
C 0.2432432147 0.4324324285 0.0000000000
C 0.4414414506 0.4144144070 0.0000000000
C 0.3513513563 0.5135135052 0.0000000000
C 0.5495495225 0.4954954901 0.0000000000
C 0.4594594282 0.5945945883 0.0000000000
C 0.6576576641 0.5765765668 0.0000000000
C 0.5675675698 0.6756756650 0.0000000000
C 0.7657657359 0.6576576499 0.0000000000
C 0.6756756416 0.7567567480 0.0000000000
C 0.7837837833 0.8378378248 0.0000000000
C 0.3243242853 0.2432432429 0.0000000000
C 0.5225225212 0.2252252214 0.0000000000
C 0.4324324269 0.3243243196 0.0000000000
C 0.6306305931 0.3063063045 0.0000000000
C 0.5405404988 0.4054054026 0.0000000000
C 0.7387387347 0.3873873812 0.0000000000
C 0.6486486404 0.4864864794 0.0000000000
C 0.7567567123 0.5675675624 0.0000000000
C 0.6216215694 0.2162162170 0.0000000000
C 0.8198198054 0.1981981956 0.0000000000
C 0.7297297111 0.2972972937 0.0000000000
C -0.0900900273 0.9909909491 0.1341463395
C -0.0090090029 1.0990991027 0.1341463395
C -0.1441441008 0.5855855974 0.1341463395
C -0.0630630434 0.6936936740 0.1341463395
C -0.1621621489 0.7837837615 0.1341463395
C 0.0180180509 0.8018018212 0.1341463395
C -0.0810810546 0.8918919087 0.1341463395
C 0.0990991083 0.9099098978 0.1341463395
C 0.0000000028 0.9999999853 0.1341463395
C 0.1801802355 1.0180179681 0.1341463395
C 0.0810811300 1.1081080556 0.1341463395
C 0.2612612600 1.1261261216 0.1341463395
C -0.1171170839 0.2882882453 0.1341463395
C -0.0360359896 0.3963963925 0.1341463395
C -0.1351350951 0.4864864800 0.1341463395
C 0.0450450678 0.5045044691 0.1341463395
C -0.0540540377 0.5945945566 0.1341463395
C 0.1261261621 0.6126126163 0.1341463395
C 0.0270270565 0.7027027038 0.1341463395
C 0.2072072195 0.7207206930 0.1341463395
C 0.1081081140 0.8108107805 0.1341463395
C 0.2882883137 0.8288288401 0.1341463395
C 0.1891892082 0.9189189277 0.1341463395
C 0.3693693712 0.9369369168 0.1341463395
C 0.2702702656 1.0270270043 0.1341463395
C 0.4504504654 1.0450450640 0.1341463395
C 0.3513513599 1.1351351515 0.1341463395
C 0.5315315228 1.1531531406 0.1341463395
C -0.1081081112 0.1891892049 0.1341463395
C 0.0720720518 0.2072071940 0.1341463395
C -0.0270269840 0.2972972751 0.1341463395
C 0.1531531460 0.3153153412 0.1341463395
C 0.0540540405 0.4054054287 0.1341463395
C 0.2342342035 0.4234234178 0.1341463395
C 0.1351351677 0.5135134990 0.1341463395
C 0.3153153307 0.5315314881 0.1341463395
C 0.2162162251 0.6216215756 0.1341463395
C 0.3963964249 0.6396396353 0.1341463395
C 0.2972973194 0.7297297228 0.1341463395
C 0.4774774823 0.7477477119 0.1341463395
C 0.3783783768 0.8378377994 0.1341463395
C 0.5585585766 0.8558558591 0.1341463395
C 0.4594594711 0.9459459466 0.1341463395
C 0.6396396340 0.9639639357 0.1341463395
C 0.5405405285 1.0540540233 0.1341463395
C 0.7207207283 1.0720720829 0.1341463395
C 0.6216216227 1.1621621705 0.1341463395
C 0.1621621517 0.2162162238 0.1341463395
C 0.3423423146 0.2342342129 0.1341463395
C 0.2432432789 0.3243242941 0.1341463395
C 0.4234234089 0.3423423601 0.1341463395
C 0.3243243033 0.4324324477 0.1341463395
C 0.5045044663 0.4504504368 0.1341463395
C 0.4054054305 0.5405405179 0.1341463395
C 0.5855855605 0.5585585840 0.1341463395
C 0.4864864550 0.6486486715 0.1341463395
C 0.6666666878 0.6666666543 0.1341463395
C 0.5675675822 0.7567567418 0.1341463395
C 0.7477477452 0.7747747309 0.1341463395
C 0.6486486397 0.8648648184 0.1341463395
C 0.8288288394 0.8828828781 0.1341463395
C 0.7297297339 0.9729729656 0.1341463395
C 0.8108107913 1.0810810422 0.1341463395
C 0.4324324145 0.2432432428 0.1341463395
C 0.6126125775 0.2612612319 0.1341463395
C 0.5135135417 0.3513513131 0.1341463395
C 0.6936936717 0.3693693791 0.1341463395
C 0.5945945662 0.4594594666 0.1341463395
C 0.7747747291 0.4774774557 0.1341463395
C 0.6756756934 0.5675675369 0.1341463395
C 0.7567567179 0.6756756904 0.1341463395
C 0.8018017829 0.1801801743 0.1341463395
C 0.7027026774 0.2702702618 0.1341463395
C 0.7837837716 0.3783784090 0.1341463395
