natom :
148

Moire lattice vectors (in Angstrom)
a1 :
14.9635964658 0.0000000000 0.0000000000
a3 :
0.0000000000 0.0000000000 100.0000000000
a2 :
7.4817974716 12.9588551108 0.0000000000

type    Mass
1	12.0110000000
2	12.0110000000

Atomic positions (in Angstrom)
id    type    x    y    z
1	1	13.5482924351	0.1181663112	99.8805179338
2	1	0.8099869530	1.1666058939	99.8805179307
3	1	18.6014755603	9.5753795660	99.9251500210
4	1	20.8255828923	10.6254443115	99.8947375855
5	1	20.2202001214	11.9103243703	99.8903055778
6	1	8.0871143291	11.6740825722	99.8805179346
7	1	7.4817974089	12.9588549611	99.8752925152
8	1	10.3124958314	12.7227627258	99.8947375793
9	1	2.2252581613	1.0486839396	99.8901913332
10	1	5.0556461266	0.8142243562	99.9255070390
11	1	4.4498639082	2.0989709401	99.9226183473
12	1	7.2802636567	1.8672462195	99.9446513709
13	1	16.1786020822	6.0706869379	99.9366412239
14	1	18.4004089569	7.1221396721	99.9406160751
15	1	17.7941534331	8.4071142199	99.9402628288
16	1	5.6591136070	8.1734245332	99.9255070426
17	1	20.0168019235	9.4583002984	99.9139646907
18	1	7.8832475204	9.2229573300	99.9072081771
19	1	7.2773554423	10.5073826458	99.8901913378
20	1	10.1085111142	10.2718487486	99.9067644497
21	1	9.5024484964	11.5560458190	99.8903055730
22	1	12.3339323246	11.3216615278	99.9251500119
23	1	11.7276626719	12.6059097159	99.9139646838
24	1	14.5590336329	12.3741525570	99.9406160748
25	1	6.4708426607	0.6995656828	99.9380613450
26	1	9.3022913281	0.4687784145	99.9316739041
27	1	8.6957015167	1.7529047811	99.9389583680
28	1	11.5274891735	1.5202828997	99.9072081727
29	1	15.9772549951	3.6183037597	99.9067644445
30	1	15.3710305863	4.9027719462	99.9236057883
31	1	3.2366262685	4.6684447715	99.9316739004
32	1	17.5940789905	5.9534545197	99.9387125228
33	1	5.4587486060	5.7203381891	99.9446513717
34	1	4.8522181397	7.0051576384	99.9380613465
35	1	7.6818973728	6.7717018343	99.9388041087
36	1	7.0746278748	8.0556739385	99.9226183482
37	1	9.9064761218	7.8216315909	99.9316738954
38	1	9.2988443277	9.1049382590	99.9137757772
39	1	12.1316636432	8.8712853362	99.9366412234
40	1	11.5240053788	10.1546202969	99.9236057961
41	1	14.3564367744	9.9227300825	99.9454514294
42	1	13.7493408467	11.2066325790	99.9402628246
43	1	16.5805219309	10.9757376098	99.9366412361
44	1	15.9743096391	12.2601927511	99.9387125295
45	1	18.8050215453	12.0275573787	99.9067644578
46	1	10.7174833815	0.3533495545	99.9137757814
47	1	12.9427801464	1.4027880759	99.8901913298
48	1	15.1681390684	2.4513395829	99.8903055656
49	1	3.0346570240	2.2156145485	99.9072081752
50	1	2.4290660409	3.5005668495	99.9137757756
51	1	5.2581815663	3.2668678237	99.9388041118
52	1	4.6520072095	4.5517036822	99.9389583693
53	1	7.4817979057	4.3196182607	99.9503248014
54	1	6.8742946676	5.6036083177	99.9451177199
55	1	9.7063814549	5.3712703706	99.9446513610
56	1	9.0976850241	6.6542462023	99.9389583624
57	1	11.9313450665	6.4214176553	99.9406160597
58	1	11.3223990589	7.7040625015	99.9387125155
59	1	14.1556375727	7.4716747330	99.9454514216
60	1	13.5474684080	8.7550777151	99.9471597694
61	1	16.3787133108	8.5233050663	99.9454514316
62	1	15.7719809240	9.8077184421	99.9471597782
63	1	17.9957517228	10.8603175271	99.9236058074
64	1	6.6735815700	3.1515099751	99.9451177209
65	1	9.5053147787	2.9202851215	99.9388041054
66	1	8.8975175125	4.2037363739	99.9451177145
67	1	11.7306339854	3.9712058870	99.9255070254
68	1	11.1223329508	5.2541313421	99.9380613298
69	1	13.9553797710	5.0206687908	99.9251499996
70	1	13.3472934096	6.3039629706	99.9402628103
71	1	15.5713383585	7.3549136101	99.9471597699
72	1	10.9209019678	2.8042097855	99.9226183380
73	1	13.7527089310	2.5695028499	99.8947375709
74	1	13.1463230927	3.8534997573	99.9139646696
75	2	21.0300899879	12.8406885651	3.4194820652
76	2	15.5689132386	1.2847723037	3.4194820688
77	2	17.1881796228	7.5875845077	3.3553486272
78	2	19.2124319906	8.9876489893	3.3744929538
79	2	18.4026998522	10.1546450243	3.3773816450
80	2	6.2709103060	10.3893520255	3.4052624142
81	2	20.4245778672	11.5560667323	3.4098086601
82	2	8.2917846287	11.7922489812	3.4194820647
83	2	7.4817974932	12.9588549587	3.4247074840
84	2	2.8306983985	0.2360921497	3.4052624195
85	2	2.0206509442	1.4028089893	3.4096944275
86	2	4.8521347276	1.6371933456	3.3748499848
87	2	15.3650461403	3.7358975474	3.3927918315
88	2	17.3882745768	5.1372232858	3.3683260997
89	2	16.5794833585	6.3046086084	3.3610416338
90	2	4.4495468932	6.5374372206	3.3593839235
91	2	18.6041311226	7.7047234673	3.3619386512
92	2	6.4735814338	7.9381860832	3.3748499827
93	2	5.6645246360	9.1053550506	3.3860353092
94	2	8.4954564931	9.3405511146	3.3932355472
95	2	7.6863404471	10.5075152254	3.4096944233
96	2	10.5164548219	10.7432403263	3.3927918247
97	2	9.7070558395	11.9101708683	3.4098086645
98	2	12.5374437606	12.1446305176	3.3744929613
99	2	4.2458652418	0.3529450917	3.3860353151
100	2	7.0772361604	0.5847023168	3.3593839255
101	2	6.2675432524	1.7522222272	3.3597371745
102	2	9.0987242952	1.9831172635	3.3633587730
103	2	14.7591542316	2.4514721630	3.4098086725
104	2	2.6267133933	2.6870061277	3.3932355486
105	2	16.7806429514	3.8539165511	3.3862242243
106	2	4.6498657570	4.0875695393	3.3633587679
107	2	3.8406010523	5.2547923064	3.3612874732
108	2	6.6738395227	5.4871801395	3.3545485693
109	2	5.8654952394	6.6548918368	3.3597371723
110	2	8.6968038673	6.8881679348	3.3633587737
111	2	7.8892322533	8.0560828611	3.3763941995
112	2	10.7184243542	8.2904101021	3.3683261043
113	2	9.9108640074	9.4582879588	3.3862242220
114	2	12.7399794878	9.6919870525	3.3611958928
115	2	11.9316617085	10.8598838690	3.3773816546
116	2	14.7620614142	11.0916086572	3.3553486272
117	2	13.9526402963	12.2592891267	3.3619386552
118	2	16.7840889228	12.4900764622	3.3683260940
119	2	8.4925121687	0.6986620583	3.3612874744
120	2	11.3232240321	0.9312974973	3.3932355499
121	2	10.5139540880	2.0985372812	3.3763942075
122	2	4.0422076605	2.8042345101	3.3763941991
123	2	6.8746390137	3.0361247903	3.3545485697
124	2	6.0656705259	4.2037770905	3.3528402235
125	2	8.8969153840	4.4355498054	3.3545485764
126	2	8.0895403118	5.6039411951	3.3528402282
127	2	10.9186108654	5.8367152006	3.3593839394
128	2	10.1122807791	7.0054002890	3.3612874825
129	2	12.9405468145	7.2385166877	3.3553486400
130	2	12.1338052989	8.4071511281	3.3610416381
131	2	14.9635959497	8.6392366180	3.3496751979
132	2	14.1553794930	9.8073448366	3.3548822801
133	2	16.9871126595	10.0385697571	3.3611958823
134	2	16.1774992764	11.2059500306	3.3610416263
135	2	19.0092868912	11.4385719770	3.3927918166
136	2	18.1992809786	12.6055052562	3.3862242174
137	2	12.7384026117	1.0485304388	3.4096944306
138	2	8.2901831651	3.1511363642	3.3528402287
139	2	11.1196777580	3.3834753087	3.3748499980
140	2	10.3123555101	4.5517405872	3.3597371875
141	2	13.1409121031	4.7854303419	3.3744929758
142	2	12.3340165165	5.9536971715	3.3619386703
143	2	15.1636957045	6.1871530431	3.3611958970
144	2	14.3560928798	7.3552464950	3.3548822864
145	2	16.3793155605	8.7551184370	3.3548822762
146	2	13.3437852139	2.3334105641	3.4052624284
147	2	12.5350041237	3.5005545114	3.3860353295
148	2	14.5564263755	4.9031808717	3.3773816648
