natom :
546

Moire lattice vectors (in Angstrom)
a1 :
29.724963 0.000000 0.000000
a3 :
0.000000 0.000000 100.000000
a2 :
14.862482 25.742573 0.000000

type    Mass
1	95.940000
2	32.066000
3	32.066000
4	95.940000
5	32.066000
6	32.066000

Atomic positions (in Angstrom)
id    type    x    y    z
1	2	27.931613	0.084473	4.183869
2	3	27.921478	0.086319	7.302924
3	2	0.969700	1.510544	4.183869
4	3	0.976367	1.518400	7.302924
5	2	39.864149	21.327763	4.166784
6	3	39.869429	21.315403	7.285701
7	2	42.645447	22.734954	4.175771
8	3	42.644765	22.718044	7.294710
9	1	41.809875	24.321011	5.739936
10	2	15.685670	24.147210	4.183869
11	3	15.689140	24.137510	7.302924
12	1	44.587291	25.742458	5.746934
13	2	18.437825	25.564523	4.175770
14	3	18.452810	25.572388	7.294709
15	1	2.768793	1.431350	5.735689
16	2	6.325596	1.239438	4.144544
17	3	6.351820	1.267744	7.262899
18	2	9.086583	2.651033	4.095410
19	3	9.116052	2.694025	7.212809
20	2	36.919071	16.836086	4.152726
21	3	36.957229	16.818317	7.271416
22	2	39.709917	18.243706	4.139633
23	3	39.736391	18.214961	7.258035
24	1	38.883339	19.820795	5.719887
25	2	12.772938	19.644420	4.144546
26	3	12.784339	19.607557	7.262901
27	1	41.666746	21.221060	5.723642
28	2	15.546305	21.045334	4.160847
29	3	15.548930	21.011788	7.279443
30	1	14.717540	22.628748	5.735690
31	2	18.301900	22.450531	4.172728
32	3	18.304815	22.434544	7.291642
33	1	17.482045	24.047868	5.739935
34	2	21.047136	23.859443	4.166784
35	3	21.055200	23.870197	7.285700
36	1	20.238246	25.473890	5.723640
37	2	23.795124	25.267903	4.139631
38	3	23.806781	25.305203	7.258034
39	1	8.131592	1.154721	5.685261
40	2	11.695517	0.929425	4.099074
41	3	11.703505	0.984015	7.216595
42	1	10.895617	2.567436	5.635061
43	2	14.479056	2.328873	4.061338
44	3	14.473045	2.385892	7.178095
45	2	33.972459	12.310006	4.155506
46	3	34.018303	12.296237	7.274120
47	2	36.752599	13.737985	4.124027
48	3	36.806029	13.716676	7.241994
49	1	35.954041	15.322745	5.711740
50	2	9.819500	15.148939	4.099075
51	3	9.862781	15.114725	7.216596
52	1	38.737224	16.728066	5.689737
53	2	12.614922	16.547538	4.095413
54	3	12.637419	16.500521	7.212811
55	1	11.796573	18.122740	5.685263
56	2	15.400962	17.941484	4.114670
57	3	15.403624	17.890246	7.232335
58	1	14.574922	19.518262	5.699654
59	2	18.168375	19.337717	4.144332
60	3	18.160307	19.297076	7.262628
61	1	17.341202	20.923611	5.720348
62	2	20.918142	20.739888	4.166798
63	3	20.908835	20.723794	7.285706
64	1	20.094992	22.340602	5.730475
65	2	23.660615	22.146996	4.170062
66	3	23.654774	22.161770	7.289148
67	1	22.842614	23.763521	5.719887
68	2	26.409583	23.554769	4.152725
69	3	26.405891	23.596700	7.271416
70	1	25.594054	25.183346	5.689737
71	2	29.175853	24.959651	4.124027
72	3	29.167592	25.016577	7.241994
73	1	13.495342	0.850883	5.651690
74	2	17.099857	0.619307	4.100211
75	3	17.078584	0.675305	7.217613
76	1	16.274540	2.250761	5.623559
77	2	19.899682	2.022825	4.096026
78	3	19.862309	2.064855	7.213322
79	2	33.796485	9.191237	4.141467
80	3	33.842732	9.189081	7.259754
81	1	33.011736	10.791596	5.718448
82	2	6.848759	10.623704	4.100210
83	3	6.907892	10.614126	7.217612
84	1	35.792457	12.220551	5.685695
85	2	9.639688	12.038600	4.061338
86	3	9.692073	12.015295	7.178095
87	1	8.851568	13.629516	5.651690
88	2	12.440165	13.438493	4.043946
89	3	12.469933	13.398544	7.160475
90	1	11.638008	15.022667	5.635063
91	2	15.238851	14.830342	4.057545
92	3	15.241284	14.777821	7.174215
93	1	14.421642	16.410287	5.645270
94	2	18.022974	16.222176	4.096027
95	3	18.005260	16.168795	7.213324
96	1	17.195486	17.803669	5.676427
97	2	20.786434	17.620607	4.141469
98	3	20.761443	17.581635	7.259757
99	1	19.955462	19.210178	5.711302
100	2	23.533863	19.028191	4.175018
101	3	23.512391	19.015216	7.294134
102	1	22.704029	20.629634	5.732553
103	2	26.277602	20.441954	4.186112
104	3	26.264092	20.457752	7.305502
105	1	25.449681	22.054691	5.731690
106	2	29.031045	21.855873	4.175778
107	3	29.022787	21.893726	7.294897
108	1	28.202689	23.475700	5.711740
109	2	31.802589	23.265969	4.155507
110	3	31.791592	23.312555	7.274120
111	1	30.970061	24.886861	5.685695
112	2	34.591510	24.672956	4.141468
113	3	34.570254	24.714084	7.259755
114	1	18.890217	0.546786	5.670427
115	2	22.525119	0.339133	4.144332
116	3	22.493956	0.366441	7.262628
117	1	21.683039	1.948705	5.676426
118	2	25.314994	1.756105	4.160847
119	3	25.284628	1.770604	7.279443
120	2	30.855915	4.624606	4.172727
121	3	30.868304	4.635124	7.291641
122	2	3.893490	6.065377	4.144330
123	3	3.932722	6.078710	7.262626
124	1	32.835362	7.676809	5.711300
125	2	6.664329	7.497225	4.096024
126	3	6.719415	7.508575	7.213320
127	1	5.890774	9.109467	5.670425
128	2	9.450249	8.913945	4.044298
129	3	9.502826	8.915348	7.160761
130	1	8.674298	10.522722	5.623558
131	2	12.250708	10.316151	4.010248
132	3	12.282555	10.300839	7.126366
133	1	11.461788	11.917786	5.591388
134	2	15.057319	11.709365	4.009669
135	3	15.058894	11.675704	7.125784
136	1	14.250352	13.302704	5.589697
137	2	17.856931	13.101139	4.044302
138	3	17.831856	13.054903	7.160765
139	1	17.033852	14.688605	5.620499
140	2	20.638369	14.499216	4.100214
141	3	20.600509	14.452795	7.217615
142	1	19.805994	16.085974	5.670429
143	2	23.399380	15.908825	4.155509
144	3	23.364535	15.876009	7.274122
145	1	22.564760	17.500041	5.718450
146	2	26.147924	17.329321	4.191938
147	3	26.126309	17.318537	7.311395
148	1	25.314719	18.927386	5.747473
149	2	28.897128	18.754071	4.202342
150	3	28.890273	18.764922	7.322023
151	1	28.065007	20.357800	5.751567
152	2	31.658502	20.175413	4.191936
153	3	31.659970	20.199525	7.311394
154	1	30.824533	21.781101	5.736934
155	2	34.436799	21.589820	4.175017
156	3	34.436297	21.614904	7.294133
157	1	33.597933	23.193164	5.718448
158	2	37.227032	22.999252	4.166798
159	3	37.217746	23.015360	7.285706
160	1	36.383605	24.597813	5.711301
161	2	40.016613	24.409664	4.172728
162	3	40.001311	24.415133	7.291642
163	1	24.312129	0.262540	5.720348
164	1	27.100652	1.682131	5.735690
165	1	29.882509	3.115922	5.739935
166	2	3.725685	2.940788	4.160845
167	3	3.753426	2.959836	7.279441
168	1	2.933653	4.556077	5.720346
169	2	6.486370	4.366841	4.114667
170	3	6.529413	4.394767	7.232332
171	1	5.708460	5.989853	5.676424
172	2	9.261755	5.782020	4.057542
173	3	9.306021	5.810387	7.174212
174	1	8.487002	7.407405	5.620496
175	2	12.055367	7.185296	4.009667
176	3	12.083729	7.203491	7.125782
177	1	11.272012	8.806750	5.573080
178	2	14.862329	8.580742	3.990771
179	3	14.862328	8.580741	7.106764
180	1	14.062315	10.193417	5.554096
181	2	17.671049	9.974767	4.010250
182	3	17.641863	9.954842	7.126368
183	1	16.853216	11.577043	5.573083
184	2	20.468242	11.374753	4.061342
185	3	20.421867	11.341037	7.178098
186	1	19.638147	12.968743	5.623562
187	2	23.245977	12.787164	4.124031
188	3	23.200809	12.751547	7.241998
189	1	22.411912	14.377388	5.685698
190	2	26.006332	14.213646	4.175781
191	3	25.977681	14.187569	7.294899
192	1	25.174342	15.804238	5.736937
193	2	28.759529	15.648572	4.202342
194	3	28.753561	15.637210	7.322024
195	1	27.931081	17.241054	5.763109
196	2	31.517770	17.082158	4.202342
197	3	31.530595	17.082670	7.322023
198	1	30.690482	18.675288	5.763108
199	2	34.289284	18.506792	4.186111
200	3	34.309719	18.510593	7.305502
201	1	33.459070	20.097958	5.747472
202	2	37.074387	19.920647	4.170062
203	3	37.090101	19.918319	7.289148
204	1	36.238605	21.507756	5.732552
205	1	39.024866	22.911765	5.730475
206	1	5.533861	2.863081	5.699652
207	1	8.302086	4.284324	5.645267
208	2	11.866475	4.054211	4.043944
209	3	11.886186	4.099965	7.160473
210	1	11.078976	5.689773	5.589695
211	2	14.665231	5.451307	4.010248
212	3	14.662567	5.486543	7.126366
213	1	13.865717	7.081571	5.554095
214	2	17.474302	6.847564	4.009669
215	3	17.444362	6.863028	7.125783
216	1	16.658954	8.467236	5.554097
217	2	20.280347	8.249522	4.043948
218	3	20.230866	8.243715	7.160476
219	1	19.452565	9.857175	5.591390
220	2	23.071969	9.663862	4.099078
221	3	23.020698	9.643485	7.216599
222	1	22.240076	11.261827	5.651693
223	2	25.845776	11.093946	4.152728
224	3	25.811309	11.069784	7.271418
225	1	25.017699	12.686356	5.711743
226	2	28.607542	12.536055	4.186113
227	3	28.600618	12.516457	7.305503
228	1	27.786721	14.126071	5.751569
229	2	31.368002	13.980068	4.191937
230	3	31.388150	13.966741	7.311394
231	1	30.552865	15.568460	5.763108
232	2	34.137052	15.415282	4.175778
233	3	34.173962	15.403507	7.294897
234	1	33.322700	17.000931	5.751567
235	1	36.099914	18.417424	5.731689
236	1	13.672634	3.967265	5.591387
237	2	17.279807	3.727142	4.044300
238	3	17.252302	3.771973	7.160763
239	1	16.461758	5.358432	5.573081
240	2	20.086381	5.129864	4.057545
241	3	20.039680	5.154016	7.174215
242	1	19.257657	6.749747	5.589698
243	2	22.885480	6.543656	4.095414
244	3	22.833514	6.547680	7.212812
245	1	22.053361	8.152123	5.635065
246	2	25.669388	7.973192	4.139634
247	3	25.631258	7.964637	7.258037
248	1	24.843152	9.573388	5.689740
249	2	28.439426	9.417158	4.170063
250	3	28.429555	9.404712	7.289149
251	1	27.624833	11.012687	5.731691
252	2	31.203767	10.866789	4.175017
253	3	31.225742	10.854682	7.294133
254	1	30.400640	12.459458	5.747473
255	1	33.175554	13.899462	5.736934
256	1	19.066132	3.646215	5.620498
257	2	22.699653	3.433901	4.114670
258	3	22.653948	3.457214	7.232335
259	1	21.863257	5.047616	5.645270
260	2	25.488450	4.858369	4.144547
261	3	25.450826	4.866926	7.262902
262	1	24.658820	6.464766	5.685264
263	2	28.263144	6.297595	4.166785
264	3	28.249801	6.299201	7.285701
265	1	27.448476	7.900485	5.719888
266	2	31.029254	7.745660	4.166797
267	3	31.047848	7.745648	7.285705
268	1	30.231794	9.347411	5.732552
269	1	24.478202	3.360884	5.699654
270	2	28.091157	3.185324	4.175771
271	3	28.076855	3.194369	7.294710
272	1	27.269438	4.789851	5.723642
273	1	30.054571	6.232434	5.730475
274	5	28.748284	1.518408	10.376131
275	6	28.754949	1.510553	13.495186
276	5	41.144798	22.434554	10.387413
277	6	41.147713	22.450541	13.506327
278	4	41.967568	24.047877	11.939119
279	5	14.035511	24.137519	10.376131
280	6	14.038980	24.147219	13.495186
281	4	44.587286	25.742467	11.932121
282	5	1.803173	0.086328	10.376131
283	6	1.793037	0.084482	13.495186
284	4	2.623999	1.682139	11.943366
285	5	4.440023	1.770614	10.399614
286	6	4.409657	1.756114	13.518210
287	5	36.085078	15.876018	10.404935
288	6	36.050232	15.908835	13.523548
289	4	36.884853	17.500050	11.960606
290	5	38.688169	17.581645	10.419300
291	6	38.663179	17.620617	13.537587
292	4	39.494151	19.210189	11.967754
293	5	11.564343	19.297086	10.416427
294	6	11.556275	19.337728	13.534723
295	4	12.383449	20.923621	11.958707
296	5	14.175720	21.011798	10.399612
297	6	14.178346	21.045344	13.518208
298	4	15.007112	22.628757	11.943365
299	5	16.804850	22.718054	10.384345
300	6	16.804168	22.734963	13.503284
301	4	17.639740	24.321021	11.939120
302	5	19.448305	24.415143	10.387414
303	6	19.433001	24.409673	13.506327
304	4	5.412522	0.262549	11.958709
305	5	7.230695	0.366451	10.416429
306	6	7.199532	0.339142	13.534725
307	4	8.041612	1.948714	12.002631
308	5	9.862342	2.064866	10.465735
309	6	9.824969	2.022835	13.583031
310	5	33.638304	11.069792	10.407639
311	6	33.603837	11.093954	13.526330
312	4	34.431914	12.686364	11.967315
313	5	36.248804	12.751556	10.437060
314	6	36.203636	12.787174	13.555027
315	4	37.037701	14.377398	11.993360
316	5	9.124141	14.452805	10.461442
317	6	9.086281	14.499227	13.578843
318	4	9.918656	16.085985	12.008628
319	5	11.719389	16.168806	10.465732
320	6	11.701677	16.222187	13.583029
321	4	12.529165	17.803680	12.002629
322	5	14.321026	17.890257	10.446719
323	6	14.323690	17.941495	13.564385
324	4	15.149730	19.518272	11.979400
325	5	16.940312	19.607568	10.416153
326	6	16.951713	19.644430	13.534508
327	4	17.782869	21.221070	11.955413
328	5	19.580186	21.315414	10.393354
329	6	19.585466	21.327772	13.512270
330	4	20.424749	22.911774	11.948580
331	5	22.231869	23.015370	10.393350
332	6	22.222583	22.999261	13.512258
333	4	23.066010	24.597823	11.967755
334	5	24.879361	24.714095	10.419301
335	6	24.858105	24.672966	13.537588
336	4	10.834434	0.546796	12.008630
337	5	12.646066	0.675316	10.461443
338	6	12.624794	0.619317	13.578844
339	4	13.450111	2.250771	12.055496
340	5	15.251605	2.385903	10.500960
341	6	15.245595	2.328884	13.617716
342	5	31.199814	6.299209	10.393355
343	6	31.186469	6.297603	13.512271
344	4	32.001137	7.900492	11.959168
345	5	33.818356	7.964645	10.421021
346	6	33.780225	7.973200	13.539423
347	4	34.606462	9.573396	11.989318
348	5	6.703952	9.643494	10.462460
349	6	6.652682	9.663872	13.579980
350	4	7.484575	11.261837	12.027365
351	5	9.302783	11.341048	10.500960
352	6	9.256409	11.374763	13.617716
353	4	10.086503	12.968754	12.055495
354	5	11.892793	13.054915	10.518292
355	6	11.867720	13.101150	13.634755
356	4	12.690798	14.688616	12.058557
357	5	14.483366	14.777833	10.504840
358	6	14.485801	14.830353	13.621509
359	4	15.303009	16.410298	12.033785
360	5	17.087231	16.500532	10.466243
361	6	17.109730	16.547549	13.583641
362	4	17.928079	18.122751	11.993790
363	5	19.713224	18.214972	10.421018
364	6	19.739698	18.243716	13.539421
365	4	20.566276	19.820804	11.959166
366	5	22.359515	19.918330	10.389906
367	6	22.375228	19.920656	13.508992
368	4	23.211010	21.507766	11.946503
369	5	25.013318	21.614914	10.384922
370	6	25.012816	21.589829	13.504038
371	4	25.851682	23.193174	11.960607
372	5	27.658023	23.312565	10.404935
373	6	27.647025	23.265979	13.523548
374	4	28.479554	24.886871	11.993360
375	5	30.282022	25.016587	10.437061
376	6	30.273761	24.959662	13.555028
377	4	16.229308	0.850894	12.027365
378	5	18.021144	0.984026	10.462459
379	6	18.029133	0.929436	13.579980
380	4	18.829033	2.567446	12.043992
381	5	20.608597	2.694035	10.466244
382	6	20.638066	2.651043	13.583642
383	4	29.567104	3.115930	11.939120
384	5	31.372760	3.194377	10.384346
385	6	31.358455	3.185332	13.503285
386	4	32.180175	4.789859	11.955415
387	5	4.273825	4.866935	10.416156
388	6	4.236200	4.858377	13.534510
389	4	5.065831	6.464775	11.993793
390	5	6.891137	6.547689	10.466246
391	6	6.839170	6.543665	13.583644
392	4	7.671290	8.152132	12.043993
393	5	9.493784	8.243726	10.518582
394	6	9.444304	8.249533	13.635110
395	4	10.272086	9.857185	12.087667
396	5	12.082786	9.954853	10.552688
397	6	12.053603	9.974779	13.668807
398	4	12.871435	11.577054	12.105973
399	5	14.665755	11.675716	10.553271
400	6	14.667333	11.709376	13.669386
401	4	15.474298	13.302716	12.089357
402	5	17.254717	13.398556	10.518579
403	6	17.284487	13.438504	13.635107
404	4	18.086643	15.022678	12.043990
405	5	19.861870	15.114736	10.462456
406	6	19.905152	15.148949	13.579977
407	4	20.712391	16.728076	11.989315
408	5	22.492386	16.818327	10.407637
409	6	22.530544	16.836095	13.526327
410	4	23.349700	18.417433	11.947364
411	5	25.139896	18.510602	10.373552
412	6	25.160331	18.506800	13.492942
413	4	25.990544	20.097967	11.931582
414	5	27.789645	20.199534	10.367661
415	6	27.791112	20.175422	13.487118
416	4	28.625082	21.781110	11.942121
417	5	30.426827	21.893735	10.384158
418	6	30.418569	21.855882	13.503277
419	4	31.246925	23.475709	11.967315
420	5	33.043722	23.596710	10.407639
421	6	33.040031	23.554779	13.526329
422	4	33.855559	25.183356	11.989318
423	5	35.642832	25.305212	10.421020
424	6	35.654489	25.267913	13.539422
425	4	21.593057	1.154731	11.993792
426	5	23.372829	1.267753	10.416154
427	6	23.399053	1.239448	13.534509
428	4	5.246449	3.360893	11.979403
429	5	7.070703	3.457224	10.446722
430	6	7.024998	3.433910	13.564388
431	4	7.861394	5.047625	12.033788
432	5	9.684971	5.154027	10.504843
433	6	9.638270	5.129875	13.621512
434	4	10.466993	6.749758	12.089360
435	5	12.280287	6.863040	10.553273
436	6	12.250350	6.847576	13.669388
437	4	13.065696	8.467247	12.124959
438	5	14.862321	8.580753	10.572290
439	6	14.862322	8.580753	13.688284
440	4	15.662335	10.193429	12.124958
441	5	17.442095	10.300850	10.552687
442	6	17.473943	10.316163	13.668805
443	4	18.262863	11.917797	12.087664
444	5	20.032577	12.015306	10.500956
445	6	20.084963	12.038610	13.617713
446	4	20.873083	13.629526	12.027362
447	5	22.643585	13.716686	10.437057
448	6	22.697015	13.737994	13.555024
449	4	23.495573	15.322755	11.967312
450	5	25.275653	15.403516	10.384156
451	6	25.312562	15.415290	13.503274
452	4	26.126914	17.000940	11.927486
453	5	27.919019	17.082678	10.357031
454	6	27.931843	17.082166	13.476713
455	4	28.759132	18.675296	11.915946
456	5	30.559341	18.764931	10.357032
457	6	30.552485	18.754080	13.476713
458	4	31.384606	20.357809	11.927488
459	5	33.185521	20.457761	10.373553
460	6	33.172011	20.441964	13.492944
461	4	33.999931	22.054700	11.947366
462	5	35.794838	22.161779	10.389907
463	6	35.788997	22.147006	13.508993
464	4	36.606999	23.763531	11.959168
465	5	38.394413	23.870206	10.393354
466	6	38.402476	23.859453	13.512271
467	4	39.211367	25.473899	11.955413
468	5	40.996803	25.572397	10.384345
469	6	41.011788	25.564532	13.503284
470	4	26.955857	1.431359	11.943365
471	4	10.658519	3.646226	12.058559
472	5	12.472348	3.771984	10.518294
473	6	12.444845	3.727152	13.634757
474	4	13.262892	5.358443	12.105974
475	5	15.062082	5.486554	10.552689
476	6	15.059420	5.451318	13.668807
477	4	15.858933	7.081583	12.124959
478	5	17.640921	7.203502	10.553271
479	6	17.669284	7.185308	13.669386
480	4	18.452638	8.806761	12.105972
481	5	20.221823	8.915358	10.518290
482	6	20.274401	8.913956	13.634753
483	4	21.050352	10.522732	12.055493
484	5	22.816759	10.614136	10.461440
485	6	22.875891	10.623713	13.578841
486	4	23.657157	12.220560	11.993357
487	5	25.431312	12.296246	10.404933
488	6	25.477154	12.310014	13.523546
489	4	26.274060	13.899470	11.942118
490	5	28.061465	13.966748	10.367660
491	6	28.081611	13.980076	13.487117
492	4	28.896749	15.568468	11.915946
493	5	30.696053	15.637218	10.357032
494	6	30.690084	15.648580	13.476713
495	4	31.518532	17.241062	11.915947
496	5	33.323304	17.318545	10.367661
497	6	33.301688	17.329330	13.487119
498	4	34.134894	18.927395	11.931583
499	5	35.937222	19.015225	10.384922
500	6	35.915749	19.028201	13.504038
501	4	36.745583	20.629644	11.946503
502	5	38.540777	20.723803	10.393349
503	6	38.531470	20.739899	13.512257
504	4	39.354621	22.340612	11.948579
505	4	16.052016	3.967276	12.087667
506	5	17.838463	4.099976	10.518580
507	6	17.858175	4.054222	13.635109
508	4	18.645673	5.689784	12.089358
509	5	20.418628	5.810398	10.504840
510	6	20.462895	5.782030	13.621510
511	4	21.237648	7.407415	12.058556
512	5	23.005235	7.508585	10.465731
513	6	23.060320	7.497235	13.583028
514	4	23.833876	9.109476	12.008626
515	5	25.606881	9.189089	10.419298
516	6	25.653127	9.191245	13.537586
517	4	26.437877	10.791604	11.960605
518	5	28.223872	10.854689	10.384921
519	6	28.245846	10.866797	13.504037
520	4	29.048974	12.459465	11.931582
521	5	30.848996	12.516464	10.373553
522	6	30.842070	12.536063	13.492943
523	4	31.662893	14.126079	11.927487
524	5	33.471933	14.187577	10.384158
525	6	33.443281	14.213655	13.503276
526	4	34.275271	15.804247	11.942120
527	4	21.422563	4.284334	12.033785
528	5	23.195236	4.394776	10.446720
529	6	23.238279	4.366851	13.564385
530	4	24.016189	5.989862	12.002628
531	5	25.791929	6.078718	10.416427
532	6	25.831159	6.065385	13.534723
533	4	26.614251	7.676817	11.967753
534	5	28.401767	7.745655	10.393349
535	6	28.420358	7.745668	13.512257
536	4	29.217819	9.347418	11.946502
537	5	31.020060	9.404720	10.389907
538	6	31.010186	9.417165	13.508993
539	4	31.824780	11.012694	11.947365
540	4	24.190788	2.863091	11.979401
541	5	25.971224	2.959844	10.399612
542	6	25.998963	2.940797	13.518208
543	4	26.790996	4.556085	11.958707
544	5	28.581310	4.635132	10.387413
545	6	28.593697	4.624614	13.506327
546	4	29.395042	6.232442	11.948580
