natom :
546

Moire lattice vectors (in Angstrom)
a1 :
29.7247432246 0.0000000000 0.0000000000
a3 :
0.0000000000 0.0000000000 100.0000000000
a2 :
14.8623723030 25.7423823547 0.0000000000

type    Mass
1	95.9400000000
2	32.0660000000
3	32.0660000000
4	95.9400000000
5	32.0660000000
6	32.0660000000

Atomic positions (in Angstrom)
id    type    x    y    z
1	2	27.9170911708	0.1178651571	3.9938296181
2	3	27.9398813067	0.1193444807	7.1099102821
3	2	1.0059015495	1.5065416339	3.9938296143
4	3	0.9957876165	1.4860651398	7.1099102783
5	2	39.7829079336	21.3361144766	4.0667445476
6	3	39.8224360239	21.3798210543	7.1835379844
7	2	42.5782217285	22.7301273040	4.0140600955
8	3	42.5970290026	22.7668168859	7.1302918125
9	1	41.7919143695	24.3625743112	5.5643271500
10	2	15.6641261093	24.1179769208	3.9938296187
11	3	15.6514499135	24.1369740996	7.1099102828
12	1	0.0000010970	0.0000004693	5.5431147885
13	2	18.4755106332	25.5087566343	4.0140600872
14	3	18.4343328915	25.5066994278	7.1302918046
15	1	2.7963409798	1.3801773551	5.5639958010
16	2	6.4112910722	1.1688730697	4.0646582602
17	3	6.3576643672	1.1509359458	7.1816171243
18	2	9.1901139165	2.5891230475	4.1234788552
19	3	9.1443295093	2.5658206982	7.2416440659
20	2	36.8637387936	16.8049652062	4.1646931906
21	3	36.8894175731	16.8300330138	7.2831597538
22	2	39.6173726159	18.2107923111	4.1159262340
23	3	39.6425646113	18.2574387978	7.2337158088
24	1	38.8251930263	19.8459075071	5.6613906729
25	2	12.6690016708	19.6056066206	4.0646582769
26	3	12.6802810134	19.6610172776	7.1816171403
27	1	41.5976371868	21.2456543269	5.6015757306
28	2	15.4672308680	20.9938618079	4.0321408349
29	3	15.4528798496	21.0429303435	7.1485714125
30	1	14.6594716561	22.6305930728	5.5639958104
31	2	18.2760892688	22.3839319233	4.0332053703
32	3	18.2342078497	22.4158200697	7.1495456355
33	1	17.4549237033	24.0115709862	5.5643271473
34	2	21.0804180074	23.7849503556	4.0667445397
35	3	21.0228029578	23.7973294074	7.1835379772
36	1	20.2513942183	25.4017820766	5.6015757192
37	2	23.8697940974	25.2042537206	4.1159262197
38	3	23.8168010562	25.2027473940	7.2337157958
39	1	8.1798145325	1.0697166291	5.6582986129
40	2	11.7810847956	0.9011151964	4.1584798794
41	3	11.7511059115	0.8942565309	7.2772544876
42	1	10.9619521973	2.5029496002	5.7106988319
43	2	14.5465374903	2.3533083644	4.1784469301
44	3	14.5482307490	2.3466363791	7.2976718380
45	2	33.9991615485	12.2732798238	4.1782881364
46	3	34.0019512589	12.2417516842	7.2968249385
47	2	36.7365123322	13.6821844044	4.1795290816
48	3	36.7437982313	13.6808831962	7.2984138911
49	1	35.9231857157	15.2913985071	5.7415441185
50	2	9.7522195687	15.0891078492	4.1584798942
51	3	9.7612692258	15.1184996548	7.2772545007
52	1	38.6681086300	16.7141769705	5.7062722790
53	2	12.5095627688	16.4889505286	4.1234788752
54	3	12.5122745410	16.5402521633	7.2416440847
55	1	11.6988678797	18.1235986388	5.6582986304
56	2	15.2900541872	17.8818187299	4.0913069977
57	3	15.2760203694	17.9399782774	7.2087333306
58	1	14.4710540678	19.5179583577	5.6169376433
59	2	18.0886642371	19.2734431832	4.0796502907
60	3	18.0520178853	19.3234818007	7.1966522877
61	1	17.2584799657	20.9039838236	5.6014073932
62	2	20.8916326460	20.6725294939	4.0958058779
63	3	20.8379815205	20.7062816316	7.2128911592
64	1	20.0540693686	22.2939869031	5.6193973266
65	2	23.6852795783	22.0874764686	4.1307183537
66	3	23.6314356262	22.1059174349	7.2484043074
67	1	22.8498325571	23.7006484806	5.6613906636
68	2	26.4640929528	23.5224504997	4.1646931811
69	3	26.4295442023	23.5321550789	7.2831597460
70	1	25.6405329973	25.1304747428	5.7062722660
71	2	29.2321137317	24.9736596274	4.1795290732
72	3	29.2295976557	24.9806200079	7.2984138847
73	1	13.5628407633	0.8366403457	5.7338509764
74	2	17.1365994986	0.6869637415	4.1672080532
75	3	17.1674167901	0.6919889519	7.2859385226
76	1	16.3444350843	2.2896967970	5.7344093238
77	2	19.9125099057	2.1328624057	4.1324617655
78	3	19.9660739362	2.1308786488	7.2505856549
79	2	33.8674282414	9.1535065895	4.1357171637
80	3	33.8557579956	9.0998440055	7.2535858178
81	1	33.0431129049	10.7359311545	5.7177254722
82	2	6.8890014892	10.5581718671	4.1672080555
83	3	6.8779448017	10.5289706975	7.2859385232
84	1	35.7906952084	12.1541981726	5.7367651635
85	2	9.6271293531	11.9680590533	4.1784469391
86	3	9.6205046116	11.9699286334	7.2976718453
87	1	8.8055046592	13.5782993822	5.7338509869
88	2	12.3723865679	13.3769546163	4.1687305020
89	3	12.3675645506	13.4067495111	7.2879037989
90	1	11.5490151691	14.9975803288	5.7106988491
91	2	15.1363909597	14.7800836494	4.1479186174
92	3	15.1256328284	14.8262977201	7.2665920612
93	1	14.3066691834	16.4046945609	5.6794154490
94	2	17.9213777302	16.1783076283	4.1324617802
95	3	17.8963136943	16.2256873207	7.2505856687
96	1	17.0821115798	17.8002296893	5.6580709527
97	2	20.7182003214	17.5779605001	4.1357171785
98	3	20.6775622888	17.6148985272	7.2535858335
99	1	19.8712644057	19.1931338717	5.6606029776
100	2	23.5119812137	18.9876429705	4.1575092549
101	3	23.4660496472	19.0116376375	7.2755105429
102	1	22.6657123055	20.5965345601	5.6865281663
103	2	26.2924173413	20.4138372695	4.1832995988
104	3	26.2585704547	20.4302550688	7.3016930319
105	1	25.4580675518	22.0203504967	5.7203000290
106	2	29.0593464246	21.8565418515	4.1942320161
107	3	29.0525706196	21.8724341644	7.3129185529
108	1	28.2451567053	23.4646910696	5.7415441111
109	2	31.8209362398	23.3074966733	4.1782881334
110	3	31.8468455497	23.3256767031	7.2968249371
111	1	31.0282971870	24.9185511650	5.7367651595
112	2	34.5886058076	24.7532989771	4.1357171661
113	3	34.6409140869	24.7700235361	7.2535858215
114	1	18.9492095392	0.6227247677	5.7049704279
115	2	22.5093327061	0.4404203347	4.0796502816
116	3	22.5709905895	0.4471376995	7.1966522790
117	1	21.7367687047	2.0487272256	5.6580709416
118	2	25.3099757067	1.8504389215	4.0321408288
119	3	25.3596458109	1.8383330009	7.1485714066
120	2	30.9263902971	4.6355905905	4.0332053631
121	3	30.9197150732	4.5833761454	7.1495456279
122	2	3.9891218955	6.0285201936	4.0796502741
123	3	3.9641103659	5.9717642142	7.1966522707
124	1	32.8921149938	7.6124518877	5.6606029640
125	2	6.7532312110	7.4312136762	4.1324617598
126	3	6.7247312137	7.3858177369	7.2505856480
127	1	5.9270638181	9.0205250497	5.7049704251
128	2	9.5003982279	8.8449868973	4.1720490788
129	3	9.4791293209	8.8224546495	7.2911704519
130	1	8.6730912552	10.4428398846	5.7344093266
131	2	12.2442350250	10.2646803931	4.1886650899
132	3	12.2332080634	10.2678285138	7.3082624837
133	1	11.4151863572	11.8701109036	5.7410903012
134	2	14.9988220549	11.6820707378	4.1845324558
135	3	14.9934865311	11.7047085408	7.3040573651
136	1	14.1649040727	13.2910501089	5.7288919316
137	2	17.7721577083	13.0923046653	4.1720490953
138	3	17.7632786640	13.1219901968	7.2911704688
139	1	16.9299863861	14.6996544614	5.7113597898
140	2	20.5615178614	14.4972481020	4.1672080715
141	3	20.5417572546	14.5214240576	7.2859385400
142	1	19.7108454703	16.0991339385	5.7049704434
143	2	23.3541365844	15.9039895708	4.1782881471
144	3	23.3254375651	15.9173376835	7.2968249502
145	1	22.5007778841	17.5006262881	5.7177254834
146	2	26.1360487767	17.3204721292	4.1983981297
147	3	26.1103958429	17.3273665588	7.3169559549
148	1	25.2907816746	18.9165200637	5.7419146802
149	2	28.9018142950	18.7504011205	4.2103033560
150	3	28.8939836798	18.7599265101	7.3289659868
151	1	28.0751681101	20.3519323154	5.7592616730
152	2	31.6566899774	20.1900488359	4.1983981240
153	3	31.6754871912	20.2088177209	7.3169559492
154	1	30.8536555038	21.8007517959	5.7531659067
155	2	34.4125361454	21.6289725859	4.1575092496
156	3	34.4562819119	21.6567531626	7.2755105373
157	1	33.6303435640	23.2482086724	5.7177254725
158	2	37.1818650446	23.0558177528	4.0958058750
159	3	37.2379208074	23.0854049278	7.2128911561
160	1	36.4108549518	24.6791803552	5.6606029693
161	2	39.9717547946	24.4652435528	4.0332053697
162	3	40.0203114429	24.4855698583	7.1495456348
163	1	24.3365144735	0.3441107300	5.6014073882
164	1	27.1313061840	1.7316133340	5.5639958066
165	1	29.9273962743	3.1106208195	5.5643271446
166	2	3.8099122593	2.8980829822	4.0321408204
167	3	3.7745931779	2.8611203723	7.1485713981
168	1	2.9921243823	4.4942892071	5.6014073800
169	2	6.5936090046	4.3006650857	4.0913069766
170	3	6.5502582707	4.2594316722	7.2087333099
171	1	5.7682385412	5.8934268418	5.6580709323
172	2	9.3566220378	5.7184564375	4.1479185969
173	3	9.3219785407	5.6860325867	7.2665920411
174	1	8.5294780918	7.3119702417	5.7113597694
175	2	12.1083644162	7.1483247981	4.1845324433
176	3	12.0914272569	7.1323851935	7.3040573529
177	1	11.2811688058	8.7441568871	5.7445460979
178	2	14.8623729537	8.5807945687	4.1957930700
179	3	14.8623729501	8.5807945628	7.3155777584
180	1	14.0330470189	10.1774919442	5.7530856260
181	2	17.6297299020	10.0062256187	4.1886650964
182	3	17.6379697357	10.0142011762	7.3082624906
183	1	16.7944510071	11.6005271464	5.7445461106
184	2	20.4134520101	11.4210162914	4.1784469493
185	3	20.4183834873	11.4258186878	7.2976718564
186	1	19.5695924920	13.0098470696	5.7344093423
187	2	23.2056083117	12.8289220347	4.1795290915
188	3	23.2008384874	12.8232628615	7.2984139019
189	1	22.3552419602	14.4120167742	5.7367651770
190	2	25.9914951829	14.2378601223	4.1942320271
191	3	25.9811199462	14.2240459513	7.3129185633
192	1	25.1426562972	15.8196724016	5.7531659174
193	2	28.7602580694	15.6545037362	4.2103033588
194	3	28.7559241543	15.6429595333	7.3289659892
195	1	27.9236420083	17.2426319430	5.7704512308
196	2	31.5121620071	17.0798612141	4.2103033565
197	3	31.5243265409	17.0818800351	7.3289659868
198	1	30.6954817156	18.6808678232	5.7704512279
199	2	34.2574385312	18.5079471887	4.1832996004
200	3	34.2885801984	18.5290505577	7.3016930327
201	1	33.4615416016	20.1240476960	5.7419146768
202	2	37.0104215590	19.9289751232	4.1307183586
203	3	37.0533138711	19.9663848762	7.2484043114
204	1	36.2290116025	21.5574172093	5.6865281651
205	1	39.0048700050	22.9704401713	5.6193973283
206	1	5.5861705469	2.7733203668	5.6169376251
207	1	8.3645285651	4.1875908488	5.6794154276
208	2	11.9537695774	4.0263230009	4.1687304861
209	3	11.9303774430	4.0072495639	7.2879037842
210	1	11.1319063548	5.6216409569	5.7288919147
211	2	14.7131539319	5.4714776950	4.1886650841
212	3	14.7159410505	5.4603540017	7.3082624788
213	1	13.8942553889	7.0642285529	5.7530856198
214	2	17.4799323876	6.9119881710	4.1845324499
215	3	17.5022050612	6.9052899573	7.3040573598
216	1	16.6598164286	8.5006632472	5.7530856266
217	2	20.2609627091	8.3391060911	4.1687305022
218	3	20.2891768539	8.3283846225	7.2879038000
219	1	19.4345978603	9.9214876108	5.7410903080
220	2	23.0538144843	9.7521606650	4.1584798980
221	3	23.0747437087	9.7296275211	7.2772545053
222	1	22.2187734075	11.3274440259	5.7338509963
223	2	25.8464026253	11.1573503617	4.1646931945
224	3	25.8552725977	11.1225779777	7.2831597583
225	1	25.0058919336	12.7286765375	5.7415441263
226	2	28.6243784980	12.5629816112	4.1832996031
227	3	28.6270837205	12.5254604495	7.3016930352
228	1	27.7866144273	14.1378415480	5.7592616794
229	2	31.3814956171	13.9742451049	4.1983981264
230	3	31.3883513404	13.9485817971	7.3169559507
231	1	30.5551106292	15.5612663527	5.7704512296
232	2	34.1233927648	15.3903640952	4.1942320209
233	3	34.1405438087	15.3882859585	7.3129185564
234	1	33.3124518158	16.9949922544	5.7592616752
235	1	36.0658947067	18.4272587316	5.7203000343
236	1	13.7373346163	3.9507852336	5.7410902911
237	2	17.3145629184	3.8050921457	4.1720490797
238	3	17.3447108628	3.7979388513	7.2911704541
239	1	16.5114990221	5.3976997128	5.7445460991
240	2	20.0941058542	5.2438436221	4.1479186077
241	3	20.1395074769	5.2300533930	7.2665920524
242	1	19.2903084060	6.8296926823	5.7288919270
243	2	22.8874421611	6.6643101342	4.1234788709
244	3	22.9305147937	6.6363108447	7.2416440812
245	1	22.0761514638	8.2418538236	5.7106988501
246	2	25.6870676560	8.0697200349	4.1159262325
247	3	25.7148687030	8.0245798765	7.2337158077
248	1	24.8655927272	9.6401143990	5.7062722822
249	2	28.4785332303	9.4683144760	4.1307183578
250	3	28.4894848735	9.4124637623	7.2484043105
251	1	27.6502720941	11.0371568879	5.7203000369
252	2	31.2497170100	10.8681505120	4.1575092496
253	3	31.2519028130	10.8163752742	7.2755105364
254	1	30.4219110764	12.4441983578	5.7419146785
255	1	33.1779225526	13.8643419191	5.7531659098
256	1	19.1276543530	3.7307590481	5.7113597764
257	2	22.7034556505	3.5598998951	4.0913069880
258	3	22.7608402017	3.5429737598	7.2087333216
259	1	21.9159210800	5.1500983441	5.6794154417
260	2	25.5068260946	4.9679040213	4.0646582709
261	3	25.5491734596	4.9304304909	7.1816171346
262	1	24.7084364133	6.5490684896	5.6582986273
263	2	28.3109084221	6.3637012347	4.0667445429
264	3	28.3289953859	6.3076156111	7.1835379796
265	1	27.4992087678	7.9382101277	5.6613906712
266	2	31.1007366746	7.7564188205	4.0958058707
267	3	31.0983320409	7.6930795136	7.2128911511
268	1	30.2795104431	9.3308143470	5.6865281635
269	1	24.5298942086	3.4511050345	5.6169376364
270	2	28.1205019974	3.2458821282	4.0140600900
271	3	28.1428724710	3.2112497600	7.1302918072
272	1	27.3252029441	4.8373297121	5.6015757255
273	1	30.1152949756	6.2203390419	5.6193973230
274	5	42.8022536361	25.6230387678	10.5691377181
275	6	42.7794635007	25.6245180901	13.6852183822
276	5	30.5138209571	1.6054091501	10.5691377205
277	6	30.5264971523	1.6244063222	13.6852183845
278	5	37.7928867631	19.1060724021	10.4374039254
279	6	37.7498141335	19.0780731202	13.5555691362
280	5	40.4115455228	20.8119527583	10.4974308665
281	6	40.3691981627	20.7744792331	13.6143897307
282	5	13.2805014060	22.5311334906	10.5487561893
283	6	13.2581309370	22.4965011227	13.6649879068
284	4	41.9936784196	24.0107699431	12.1150521927
285	5	15.8581598730	24.2563181118	10.5691377168
286	6	15.8682738090	24.2358416121	13.6852183808
287	4	0.0000011252	0.0000004511	12.1359332111
288	5	3.5719606373	0.2356838250	10.5487561928
289	6	3.6131383806	0.2336266076	13.6649879098
290	4	2.5925515233	1.7308122878	12.1147208556
291	5	6.1604307950	1.9450538469	10.4955100244
292	6	6.2180458463	1.9574328853	13.6123034610
293	5	35.2807551992	14.3165645573	10.3813761605
294	6	35.2758237224	14.3213669591	13.5006010684
295	5	37.9371155092	16.0127557281	10.4017935070
296	6	37.9161862898	15.9902225900	13.5205681153
297	4	36.9385233430	17.5005294557	11.9683491612
298	5	10.8524973708	17.7178033750	10.4453321964
299	6	10.8246963317	17.6726632218	13.5631217726
300	4	39.5708083853	19.1933147915	12.0207493781
301	5	13.4666241493	19.4347676414	10.4955100157
302	6	13.4485371936	19.3786820198	13.6123034533
303	4	12.4628317866	20.9050535682	12.0774722730
304	5	16.0573439343	21.1590071070	10.5295023613
305	6	16.0640191640	21.1067926592	13.6458426265
306	4	15.0650252131	22.6317624586	12.1147208493
307	5	18.6369653605	22.8812628801	10.5304765897
308	6	18.6722844450	22.8443002622	13.6469071672
309	4	17.6587132390	24.3622059207	12.1150521921
310	5	21.2200366440	24.5914473069	10.4974308660
311	6	21.2736633501	24.5735101715	13.6143897292
312	4	5.3890219654	0.3406011983	12.0774722766
313	5	8.9544288170	0.5396358594	10.4453321987
314	6	9.0074218588	0.5381295206	13.5631217733
315	4	7.9874603948	2.0417347955	12.0176573358
316	5	11.5671720493	2.2102281752	10.3958882517
317	6	11.6017208012	2.2199327446	13.5143548149
318	5	32.7586851560	9.5166959239	10.4284623506
319	6	32.7837491883	9.5640756154	13.5465862399
320	5	35.4041288024	11.2209591908	10.3931094805
321	6	35.4238894104	11.2451351465	13.5118399499
322	4	34.4319641155	12.7325362059	11.9446386774
323	5	8.3384668969	12.9191203907	10.3806341145
324	6	8.3432367274	12.9134612190	13.4995189260
325	4	37.0811451205	14.4149392543	11.9451970209
326	5	10.9929010962	14.6198052766	10.3958882495
327	6	10.9840311334	14.5850328954	13.5143548144
328	4	10.0032213068	16.1022688841	11.9727757278
329	5	13.6271134653	16.3299194918	10.4306436865
330	6	13.6161618321	16.2740687807	13.5483296403
331	4	12.6368374411	17.8041731554	12.0176573290
332	5	16.2359607294	18.0493037390	10.4661568363
333	6	16.2383653707	17.9859644324	13.5832421176
334	4	15.2529237446	19.5220442388	12.0596506682
335	5	18.8264823768	19.7706190366	10.4823957116
336	6	18.8514939100	19.7138630538	13.5993977086
337	4	17.8544964721	21.2480940704	12.0776406062
338	5	21.4126303777	21.4829515773	10.4703146726
339	6	21.4559811116	21.4417181571	13.5877410054
340	4	20.4485427316	22.9690629083	12.0621103608
341	5	24.0067017088	23.1765625508	10.4374039203
342	6	24.0524861143	23.1532601934	13.5555691297
343	4	23.0421868096	24.6726666453	12.0207493761
344	5	26.6134781997	24.8481267185	10.4017935032
345	6	26.6434570818	24.8412680457	13.5205681096
346	4	10.7781607573	0.6119085327	11.9727757269
347	5	14.3672254239	0.7617632420	10.3806341098
348	6	14.3697414987	0.7687236180	13.4995189193
349	4	13.3827845516	2.2776922077	11.9375038845
350	5	16.9844734038	2.4167065462	10.3822230591
351	6	16.9585640934	2.4348865753	13.5007598612
352	5	30.3152510589	4.6994529028	10.5304765981
353	6	30.3296020733	4.7485214337	13.6469071759
354	5	32.9143891849	6.4189014477	10.4823957287
355	6	32.9510355345	6.4689400587	13.5993977260
356	4	31.9444829510	7.9421535822	12.0209770648
357	5	5.8151904503	8.1274847244	10.4254621857
358	6	5.8558284847	8.1644227454	13.5433308410
359	4	34.5732169311	9.6432493370	11.9740775777
360	5	8.4630658114	9.8250455713	10.3822230668
361	6	8.4917648368	9.8383936801	13.5007598704
362	4	7.4928702848	11.3303665062	11.9422828427
363	5	11.1187482785	11.5183373053	10.3661294467
364	6	11.1291235247	11.5045231331	13.4848159836
365	4	10.1435203470	13.0137067464	11.9375038869
366	5	13.7647121425	13.2169228061	10.3773549644
367	6	13.7620069305	13.1794016458	13.4957483976
368	4	12.7879005986	14.7052263967	11.9587479660
369	5	16.3895313293	14.9260079784	10.4035374527
370	6	16.3873455345	14.8742327427	13.5215387407
371	4	15.4171390415	16.4115689353	11.9925198284
372	5	18.9933866089	16.6425392434	10.4254621640
373	6	19.0050568584	16.5888766603	13.5433308190
374	4	18.0297436876	18.1299313907	12.0184450197
375	5	21.5871031486	18.3565655089	10.4284623320
376	6	21.6156031448	18.3111695684	13.5465862205
377	4	20.6306105548	19.8489564329	12.0209770485
378	5	24.1843505698	20.0563506573	10.4124559415
379	6	24.2189940629	20.0239268041	13.5311293852
380	4	23.2269006721	21.5547924239	11.9996325548
381	5	26.7927495629	21.7351336798	10.3911442032
382	6	26.8161416924	21.7160602405	13.5103175000
383	4	25.8243243950	23.2394336725	11.9683491547
384	5	29.4106029569	23.3957468657	10.3813761541
385	6	29.4089096941	23.3890748795	13.5006010604
386	4	28.4252130490	24.9057429285	11.9451970146
387	5	32.0297890851	25.0503942939	10.3931094729
388	6	31.9989717907	25.0554195056	13.5118399406
389	4	16.1659249532	0.8238321107	11.9422828346
390	5	19.7785418644	0.9723597097	10.4254621758
391	6	19.7262335829	0.9890842720	13.5433308301
392	4	18.7679714172	2.4941746033	11.9613225231
393	4	29.5218427715	3.1117901995	12.1150521958
394	5	3.3718357614	3.3265631817	10.5295023727
395	6	3.4137171803	3.3584513177	13.6458426377
396	4	32.1208511744	4.8383994490	12.0776406189
397	5	5.9756095208	5.0361016222	10.4661568531
398	6	6.0292606481	5.0698537487	13.5832421341
399	4	5.0088924804	6.5492494036	12.0184450392
400	5	8.6036777326	6.7307456189	10.4035374700
401	6	8.6496093040	6.7547402765	13.5215387577
402	4	7.6384060469	8.2417569914	11.9613225340
403	5	11.2480240124	8.4150166988	10.3620920542
404	6	11.2736769540	8.4219111230	13.4806498793
405	4	10.2802845469	9.9227108816	11.9258820958
406	5	13.8935524102	10.0994237231	10.3500820124
407	6	13.8978863343	10.0878795190	13.4687446432
408	4	12.9242427650	11.6045417365	11.9197863254
409	5	16.5259796869	11.7938014554	10.3620920418
410	6	16.5191239711	11.7681381499	13.4806498669
411	4	15.5595395049	13.2981849248	11.9371333158
412	5	19.1395797003	13.5006315632	10.3822230467
413	6	19.1367899929	13.4691034273	13.5007598498
414	4	18.1807414268	15.0064521240	11.9613225131
415	5	21.7403165640	15.2134125453	10.3931094592
416	6	21.7513732495	15.1842113789	13.5118399276
417	4	20.7894356592	16.7218582244	11.9740775557
418	5	24.3415011785	16.9199285903	10.3878775324
419	6	24.3627700795	16.8973963449	13.5069989058
420	4	23.3918500267	18.4304130293	11.9676882119
421	5	26.9537992066	18.6099980453	10.3749906360
422	6	26.9707363587	18.5940584433	13.4945155452
423	4	25.9942783816	20.1207423132	11.9501560704
424	5	29.5783130896	20.2820292381	10.3707855150
425	6	29.5755259647	20.2709055484	13.4903829088
426	4	28.5997067328	21.7915980378	11.9379576989
427	5	32.2070829901	21.9444443908	10.3878775433
428	6	32.1769350414	21.9372911012	13.5069989165
429	4	31.2068072888	23.4526864766	11.9446386701
430	5	34.8284461527	23.6115045954	10.4284623442
431	6	34.7748821198	23.6095208440	13.5465862326
432	4	33.8115818320	25.1196585074	11.9740775686
433	5	37.4333628975	25.2952455457	10.4823957208
434	6	37.3717050125	25.3019629154	13.5993977176
435	4	21.5484827283	1.0632029196	12.0184450287
436	5	25.1579392389	1.2568133870	10.5295023663
437	6	25.1093825883	1.2771396951	13.6458426311
438	4	5.1916972808	3.4483963720	12.0596506808
439	5	8.7690635506	3.6364658210	10.4306436972
440	6	8.8229075056	3.6549067748	13.5483296499
441	4	7.8033403067	5.1458487178	11.9925198438
442	5	11.3961984634	5.3121281882	10.3773549728
443	6	11.4300453547	5.3285459785	13.4957484050
444	4	10.4284097621	6.8258632175	11.9371333290
445	5	14.0316117729	6.9824567459	10.3500820145
446	6	14.0394423940	6.9919821316	13.4687446448
447	4	13.0612701816	8.4997513400	11.9085967735
448	5	16.6619547214	8.6605032172	10.3500820087
449	6	16.6497901929	8.6625220393	13.4687446391
450	4	15.6927388902	10.1811169292	11.9085967670
451	5	19.2781720809	10.3540972884	10.3661294335
452	6	19.2610210390	10.3520191560	13.4848159697
453	4	18.3155509041	11.8780413591	11.9258820792
454	5	21.8814265984	12.0615000452	10.3806340963
455	6	21.8741406963	12.0601988425	13.4995189067
456	4	20.9283236529	13.5881851007	11.9422828209
457	5	24.4828762983	13.7724546040	10.3813761440
458	6	24.4895010327	13.7743241896	13.5006010511
459	4	23.5354630179	15.2995433849	11.9446386580
460	5	27.0955798430	15.4745547220	10.3707855106
461	6	27.1066067958	15.4777028483	13.4903829048
462	4	26.1435406609	16.9982263810	11.9345018906
463	5	29.7247448200	17.1615886739	10.3634702411
464	6	29.7247448157	17.1615886744	13.4832549294
465	4	28.7566273348	18.6781547163	11.9259623737
466	5	32.3645770197	18.8370932822	10.3749906430
467	6	32.3423043410	18.8303950759	13.4945155526
468	4	31.3738710574	20.3446835592	11.9345018986
469	5	35.0018795246	20.5123298499	10.4124559511
470	6	34.9564779000	20.4985396287	13.5311293955
471	4	33.9900264776	22.0116242268	11.9676882235
472	5	37.6232123409	22.1994094859	10.4703146805
473	6	37.5658277903	22.1824833573	13.5877410139
474	4	36.5991409200	23.6936560505	12.0209770586
475	5	40.2220180444	23.9040502465	10.5304765936
476	6	40.1723479415	23.8919443295	13.6469071715
477	4	39.1988867816	25.3982725455	12.0776406121
478	4	26.9295421658	1.3798089625	12.1147208520
479	4	10.5956954768	3.7220327817	11.9587479726
480	5	14.1901985510	3.8699490895	10.3661294455
481	6	14.1969743584	3.8858413968	13.4848159810
482	4	13.2127961203	5.3904509650	11.9197863280
483	5	16.8131152083	5.5335655305	10.3620920476
484	6	16.7943179970	5.5523344151	13.4806498719
485	4	15.8331098115	7.0615154570	11.9085967695
486	5	19.4262083049	7.2133326892	10.3773549613
487	6	19.3950666380	7.2344360618	13.4957483935
488	4	18.4500799997	8.7473910229	11.9197863175
489	5	22.0270457724	8.9123502279	10.3958882391
490	6	22.0013669895	8.9374180412	13.5143548028
491	4	21.0608139903	10.4509847658	11.9375038710
492	5	24.6236407441	10.6238835827	10.4017934946
493	6	24.6145910795	10.6532753944	13.5205681019
494	4	23.6678762511	12.1640838866	11.9451970032
495	5	27.2299361621	12.3356337245	10.3911442018
496	6	27.2347581700	12.3654286252	13.5103174995
497	4	26.2775580417	13.8722723632	11.9379576933
498	5	29.8558582331	14.0376746953	10.3749906415
499	6	29.8611937484	14.0603125048	13.4945155514
500	4	28.8954187948	15.5648913235	11.9259623741
501	5	32.5003415262	15.7281820629	10.3707855196
502	6	32.4921016874	15.7361576278	13.4903829144
503	4	31.5221882947	17.2417200237	11.9259623780
504	5	35.1515487328	17.4139986207	10.3911442103
505	6	35.1233345872	17.4032771601	13.5103175085
506	4	34.1526803620	18.9126905926	11.9501560792
507	4	36.7782931272	20.5922849337	11.9996325632
508	4	39.3922663491	22.2912782439	12.0621103653
509	4	15.9912834354	3.9416314822	11.9258820894
510	5	19.5939098542	4.0856300841	10.4035374590
511	6	19.5501640866	4.1134106637	13.5215387459
512	4	18.5991696199	5.6183355804	11.9371333181
513	5	22.1909419050	5.7759983668	10.4306436855
514	6	22.1480495892	5.8134081246	13.5483296382
515	4	21.2035228143	7.3151245414	11.9587479595
516	5	24.7801927390	7.4849444418	10.4453321911
517	6	24.7550007366	7.5315909334	13.5631217663
518	4	23.8057368292	9.0282062987	11.9727757164
519	5	27.3746459867	9.2021310745	10.4374039210
520	6	27.3719342056	9.2534327133	13.5555691312
521	4	26.4113866854	10.7448029381	11.9683491513
522	5	29.9880043651	10.9160855182	10.4124559511
523	6	29.9987624882	10.9622995927	13.5311293958
524	4	29.0272756808	12.4513331584	11.9501560753
525	5	32.6256502888	12.6203930443	10.3878775479
526	6	32.6345293285	12.6500785801	13.5069989222
527	4	31.6568227057	14.1418561241	11.9345019015
528	4	34.2969696488	15.8208956643	11.9379577059
529	5	22.3755486761	2.6569783167	10.4661568427
530	6	22.3194929103	2.6865654958	13.5832421232
531	4	21.3666395446	4.1849660644	11.9925198314
532	5	24.9600639863	4.3625621883	10.4955100174
533	6	24.9205358908	4.4062687693	13.6123034540
534	4	23.9628210597	5.8964757636	12.0176573260
535	5	27.5426522945	6.0813659640	10.4974308669
536	6	27.5313729450	6.1367766221	13.6143897305
537	4	26.5612392303	7.6187846295	12.0207493736
538	5	30.1383917425	7.8024049648	10.4703146834
539	6	30.1524255536	7.8605645117	13.5877410169
540	4	29.1690406263	9.3376887073	11.9996325621
541	4	31.7923579200	11.0427288094	11.9676882275
542	4	24.1424978732	2.7719431015	12.0596506718
543	5	27.7346568937	2.9755663595	10.5487561922
544	6	27.7158496159	3.0122559403	13.6649879093
545	4	26.7352651482	4.4967289438	12.0774722737
546	4	29.3334253472	6.2244249122	12.0621103675
