natom :
762

Moire lattice vectors (in Angstrom)
a1 :
35.1155347590 0.0000000000 0.0000000000
a3 :
0.0000000000 0.0000000000 100.0000000000
a2 :
17.5577664813 30.4109456873 0.0000000000

type    Mass
1	95.9400000000
2	32.0660000000
3	32.0660000000
4	95.9400000000
5	32.0660000000
6	32.0660000000

Atomic positions (in Angstrom)
id    type    x    y    z
1	2	33.3086200266	0.1075484097	3.9803358070
2	3	33.3286346527	0.1088891105	7.0968721817
3	2	0.9966011141	1.5110623928	3.9803366404
4	3	0.9877544939	1.4930575853	7.0968730176
5	2	47.8939251949	25.9800835458	4.0454098168
6	3	47.9305652354	26.0212251961	7.1623962895
7	2	50.6824620607	27.3893023222	3.9980545480
8	3	50.6991866447	27.4221139838	7.1146851522
9	1	49.8858502049	29.0153098442	5.5493766541
10	2	18.3680885344	28.7923349979	3.9803361164
11	3	18.3569188056	28.8089975348	7.0968724915
12	1	17.5577690199	30.4109454358	5.5309194018
13	2	21.1700100756	30.1976478417	3.9980561030
14	3	21.1332310522	30.1957256693	7.1146867172
15	1	2.7884324354	1.3959662209	5.5490983244
16	2	6.4035694931	1.2025318856	4.0436687445
17	3	6.3531834567	1.1858463715	7.1607741556
18	2	44.9905092514	21.4284248084	4.1453287761
19	3	45.0201426883	21.4640562853	7.2634986514
20	2	47.7409760122	22.8527078181	4.0927562910
21	3	47.7664983468	22.9013628980	7.2104303669
22	1	46.9409912150	24.4845402046	5.6378187306
23	2	15.3974081134	24.2640281080	4.0436664756
24	3	15.4081509195	24.3160061037	7.1607718591
25	1	49.7080666744	25.8980270181	5.5824176974
26	2	18.1881565705	25.6680428175	4.0141462194
27	3	18.1752599036	25.7122951697	7.1309028610
28	1	17.3724962974	27.2981110667	5.5490970200
29	2	20.9879673432	27.0729476194	4.0150431348
30	3	20.9501418596	27.1015606345	7.1317354322
31	1	20.1601517829	28.6947577973	5.5493777667
32	2	23.7846976364	28.4873140860	4.0454119701
33	3	23.7307474810	28.4984741600	7.1623984654
34	1	22.9486895582	30.0994346682	5.5824198040
35	2	26.5695584884	29.9185448381	4.0927586300
36	3	26.5146610324	29.9163201950	7.2104327374
37	1	8.1743407087	1.1112154209	5.6352345891
38	2	11.7827184443	0.9593949447	4.1402009389
39	3	11.7410084039	0.9505288190	7.2586243697
40	1	10.9491470720	2.5567762273	5.6897350205
41	2	14.5434716381	2.4292288299	4.1746702416
42	3	14.5229985864	2.4193463020	7.2935400541
43	2	42.1551269235	16.8616048739	4.1953543965
44	3	42.1678841220	16.8587353502	7.3138632198
45	2	44.8783661796	18.2984988338	4.1746642526
46	3	44.8936206030	18.3186197365	7.2932613325
47	1	44.0610938397	19.9140010079	5.7296245704
48	2	12.4972691271	19.7271172290	4.1401990559
49	3	12.5104461251	19.7676729465	7.2586224648
50	1	46.7978873555	21.3531333797	5.6846420362
51	2	15.2509438591	21.1445498719	4.1004747956
52	3	15.2548804600	21.1983042013	7.2184162681
53	1	14.4329394874	22.7761536297	5.6352321710
54	2	18.0260625202	22.5532391821	4.0686550859
55	3	18.0127243747	22.6091631597	7.1860702433
56	1	17.1999219457	24.1845073202	5.5963870853
57	2	20.8169435265	23.9598618196	4.0576959850
58	3	20.7822541614	24.0070849673	7.1748120260
59	1	19.9805003657	25.5855366137	5.5823269021
60	2	23.6122770090	25.3729639280	4.0726148040
61	3	23.5607184954	25.4053196847	7.1897773080
62	1	22.7682626270	26.9902278156	5.5984960320
63	2	26.4011338138	26.8007858072	4.1066591006
64	3	26.3452334589	26.8185478215	7.2242409753
65	1	25.5563429430	28.4098212151	5.6378210647
66	2	29.1782570377	28.2487130822	4.1453306338
67	3	29.1325832701	28.2565605696	7.2635005291
68	1	28.3397724980	29.8515939657	5.6846441583
69	2	31.9449236127	29.7165579606	4.1746653521
70	3	31.9198721995	29.7197083215	7.2932624381
71	1	13.5588260938	0.9043936678	5.7234242985
72	2	17.1483537723	0.7866129439	4.1866669004
73	3	17.1482021827	0.7880152216	7.3054325748
74	1	16.3301339437	2.3821241770	5.7449964277
75	2	19.9099587714	2.2693878674	4.1795523247
76	3	19.9338497605	2.2689036456	7.2983168885
77	2	39.3312404215	12.3002945750	4.1642041580
78	3	39.3293570370	12.2552417733	7.2823537447
79	2	42.0593221210	13.7308977094	4.1831858662
80	3	42.0585941683	13.7063966023	7.3016930576
81	1	41.2275025797	15.3229613924	5.7536656670
82	2	9.6648170159	15.1667320763	4.1866667489
83	3	9.6661076427	15.1661632321	7.3054324272
84	1	43.9516370133	16.7716100619	5.7464844046
85	2	12.3898053830	16.6013179814	4.1746691866
86	3	12.3914836839	16.6239903734	7.2935389933
87	1	11.5615824995	18.2164641391	5.7234229021
88	2	15.1286544083	18.0287398784	4.1513970987
89	3	15.1267668529	18.0700204622	7.2700965456
90	1	14.2974277782	19.6503206449	5.6897329733
91	2	17.8875460363	19.4470820648	4.1258108944
92	3	17.8758459413	19.4980677164	7.2440987507
93	1	17.0496296917	21.0702877192	5.6557792397
94	2	20.6657602212	20.8596654352	4.1100809967
95	3	20.6385415626	20.9093011501	7.2279579952
96	1	19.8189042499	22.4796157826	5.6350619511
97	2	23.4549122467	22.2737289026	4.1133266321
98	3	23.4120844636	22.3134243212	7.2310107743
99	1	22.6006598250	23.8872314722	5.6373958003
100	2	26.2431938841	23.6978899313	4.1349269664
101	3	26.1928942255	23.7251581919	7.2526963466
102	1	25.3876418721	25.3047584012	5.6620991959
103	2	29.0221682562	25.1392149921	4.1643106593
104	3	28.9773868827	25.1571315624	7.2823739427
105	1	28.1734207135	26.7417116364	5.6978404889
106	2	31.7901974699	26.6001258409	4.1877539928
107	3	31.7625318245	26.6136587666	7.3061117280
108	1	30.9544945665	28.2010281008	5.7296259582
109	2	34.5509298668	28.0766107698	4.1953545473
110	3	34.5470374425	28.0890937087	7.3138633677
111	1	33.7306131581	29.6774315941	5.7464848852
112	2	37.3101041447	29.5589948096	4.1831850455
113	3	37.3316877647	29.5706150468	7.3016922271
114	1	18.9462094055	0.7485195019	5.7440084086
115	2	22.5160684257	0.6241813473	4.1525127543
116	3	22.5598320169	0.6320362634	7.2708167151
117	1	21.7201556623	2.2226238278	5.7231344040
118	2	25.2898901153	2.0840417364	4.1100804759
119	3	25.3464852611	2.0827952157	7.2279574746
120	2	39.2140009326	9.1756846353	4.1133276352
121	3	39.2010371202	9.1187473516	7.2310117973
122	1	38.3803233045	10.7518454715	5.6964793465
123	2	6.8402906193	10.5993704029	4.1525144207
124	3	6.8252118138	10.5575432612	7.2708184021
125	1	41.1208526751	12.1844423980	5.7268662625
126	2	9.5681355269	12.0337245011	4.1795530992
127	3	9.5557711372	12.0132772979	7.2983176731
128	1	8.7328996991	13.6287905574	5.7440089063
129	2	12.2923377337	13.4741669401	4.1903242392
130	3	12.2838828669	13.4762678878	7.3093483718
131	1	11.4556804252	15.0775759468	5.7449959670
132	2	15.0235340039	14.9133074039	4.1857472793
133	3	15.0174104593	14.9352418316	7.3048369973
134	1	14.1832897014	16.5220576364	5.7315135899
135	2	17.7702591567	16.3451345135	4.1711872620
136	3	17.7620490235	16.3804914220	7.2901107802
137	1	16.9238378737	17.9555810692	5.7095861424
138	2	20.5360732192	17.7684245542	4.1564804166
139	3	20.5195924803	17.8077205943	7.2750827765
140	1	19.6814062094	19.3766812931	5.6898545613
141	2	23.3169474698	19.1873960511	4.1525134816
142	3	23.2882628370	19.2213684037	7.2708174420
143	1	22.4544833191	20.7905461747	5.6838114883
144	2	26.1022834761	20.6098913388	4.1642037211
145	3	26.0642077678	20.6340488657	7.2823532940
146	1	25.2367460370	22.2076345531	5.6964786930
147	2	28.8811200037	22.0441307155	4.1861226060
148	3	28.8432266742	22.0604053191	7.3042695892
149	1	28.0206124642	23.6391260374	5.7219711094
150	2	31.6483043345	23.4951349823	4.2060434968
151	3	31.6219607763	23.5088889233	7.3242715376
152	1	30.8008053025	25.0912359261	5.7472632106
153	2	34.4054076763	24.9620914969	4.2124102066
154	3	34.3989389949	24.9779412551	7.3307230324
155	1	33.5757868693	26.5621139104	5.7600776786
156	2	37.1580093287	26.4379759266	4.1987890859
157	3	37.1751966996	26.4573684921	7.3171138959
158	1	36.3472468902	28.0425861573	5.7536651650
159	2	39.9130836408	27.9117076410	4.1642024721
160	3	39.9530430371	27.9326031172	7.2823520413
161	1	39.1186089608	29.5194835929	5.7268648169
162	2	42.6776953062	29.3724793479	4.1133253309
163	3	42.7334867348	29.3897209711	7.2310094648
164	1	24.3356694297	0.5695215446	5.6838106059
165	2	27.8991475904	0.4030147651	4.0576950593
166	3	27.9573886529	0.4094441218	7.1748110957
167	1	27.1162362975	2.0074646059	5.6350614783
168	2	30.6928694817	1.8255202401	4.0141461344
169	3	30.7376410789	1.8145617552	7.1309027779
170	2	36.2912292684	4.6396378208	4.0150437797
171	3	36.2853613037	4.5925733050	7.1317360819
172	2	3.9572171575	6.0480699639	4.0576974129
173	3	3.9336646911	5.9944166909	7.1748134749
174	1	38.2437931610	7.6291289248	5.6373968734
175	2	6.7176569550	7.4672400450	4.1100826164
176	3	6.6882802460	7.4188506322	7.2279596438
177	1	5.8831542499	9.0508795443	5.6838127386
178	2	9.4595931376	8.9005488026	4.1564817571
179	3	9.4338022210	8.8666286930	7.2750841396
180	1	8.6225389576	10.4894302024	5.7231357638
181	2	12.1913782005	10.3459191389	4.1874553796
182	3	12.1736825623	10.3305148183	7.3064888987
183	1	11.3520571221	11.9399531302	5.7471315337
184	2	14.9232532257	11.7962270993	4.2004145942
185	3	14.9139746775	11.7987945434	7.3196274706
186	1	14.0802853563	13.3935060383	5.7540034629
187	2	17.6646692543	13.2427806928	4.1979779205
188	3	17.6607534026	13.2592202660	7.3171884118
189	1	16.8160334883	14.8406831434	5.7466847265
190	2	20.4219077109	14.6799442494	4.1874545486
191	3	20.4174145877	14.7029718160	7.3064880553
192	1	19.5655992716	16.2756275445	5.7327330250
193	2	23.1952116916	16.1078359329	4.1795524806
194	3	23.1836854232	16.1287677342	7.2983170389
195	1	22.3306117290	17.6988940083	5.7231347479
196	2	25.9771809378	17.5320014062	4.1831856920
197	3	25.9563256514	17.5448826160	7.3016928696
198	1	25.1071460719	19.1179677352	5.7268657255
199	2	28.7561095701	18.9607931146	4.1987900271
200	3	28.7307216655	18.9659810496	7.3171148347
201	1	27.8875528440	20.5442993005	5.7440772581
202	2	31.5232412546	20.4013243863	4.2173482297
203	3	31.5028463074	20.4044891632	7.3355822820
204	1	30.6647768804	21.9871414591	5.7652079669
205	2	34.2770189849	21.8560735484	4.2265642609
206	3	34.2706695986	21.8637486961	7.3447827482
207	1	33.4354971645	23.4486375137	5.7775128916
208	2	37.0219795048	23.3213035824	4.2173474471
209	3	37.0349182048	23.3373841506	7.3355815007
210	1	36.2005402606	24.9228985451	5.7716868474
211	2	39.7657524287	24.7880447257	4.1861212499
212	3	39.7987938535	24.8127242013	7.3042682284
213	1	38.9636445303	26.3984150330	5.7440760199
214	2	42.5169134994	26.2456760520	4.1349251971
215	3	42.5656788016	26.2756025407	7.2526945625
216	1	41.7295388422	27.8624131117	5.6964771842
217	2	45.2830292173	27.6865796332	4.0726130000
218	3	45.3368295788	27.7150521254	7.1897754873
219	1	44.5021559078	29.3055317463	5.6373943892
220	2	48.0674136854	29.1093063483	4.0150418380
221	3	48.1111058570	29.1277566282	7.1317341278
222	1	29.7252448294	0.3145576305	5.5823260935
223	1	32.5123799243	1.7168678815	5.5490972355
224	1	35.3006079148	3.1118232158	5.5493779845
225	2	3.7922830185	2.9173830441	4.0141478368
226	3	3.7604067966	2.8840879660	7.1309044939
227	1	2.9675630915	4.5108513805	5.5823282060
228	2	6.5708284550	4.3344078331	4.0686571769
229	3	6.5290656386	4.2948949041	7.1860723655
230	1	5.7381670560	5.9238660597	5.6350637640
231	2	9.3300971038	5.7675283054	4.1258128166
232	3	9.2917924820	5.7319033547	7.2441007031
233	1	8.4941357612	7.3562572353	5.6898562755
234	2	12.0751056593	7.2169292932	4.1711886068
235	3	12.0485912355	7.1921411688	7.2901121416
236	1	11.2376303327	8.8064929351	5.7327342546
237	2	14.8146179148	8.6766629882	4.1979785548
238	3	14.8023393372	8.6650523982	7.3171890515
239	1	13.9748671557	10.2666746181	5.7573719603
240	2	17.5577684404	10.1369829631	4.2060754264
241	3	17.5577686396	10.1369832235	7.3253501561
242	1	16.7137827286	11.7259798903	5.7639073393
243	2	20.3119737655	11.5889173838	4.2004142975
244	3	20.3188362633	11.5956696084	7.3196271689
245	1	19.4615351242	13.1750202364	5.7573713426
246	2	23.0805702687	13.0283865469	4.1903240100
247	3	23.0866166082	13.0346585409	7.3093481330
248	1	22.2220420309	14.6098005118	5.7471309384
249	2	25.8601351058	14.4576033535	4.1866669053
250	3	25.8589964320	14.4567702985	7.3054325722
251	1	24.9941970121	16.0336383649	5.7440086790
252	2	28.6405501904	15.8836784139	4.1953549769
253	3	28.6316858996	15.8740654240	7.3138637904
254	1	27.7718579224	17.4563466789	5.7536658698
255	2	31.4105634729	17.3149123064	4.2124107565
256	3	31.4000718282	17.3013850853	7.3307235778
257	1	30.5469396254	18.8891392235	5.7716876459
258	2	34.1646475426	18.7567336441	4.2265644885
259	3	34.1611759143	18.7473973782	7.3447829748
260	1	33.3139320317	20.3382763983	5.7864238995
261	2	36.9049397899	20.2090871529	4.2265640693
262	3	36.9147616814	20.2107490592	7.3447825572
263	1	36.0720330122	21.8020440328	5.7864234791
264	2	39.6387660576	21.6660904152	4.2060425521
265	3	39.6638495804	21.6820282863	7.3242705905
266	1	38.8245697698	23.2718473932	5.7652068930
267	2	42.3756495718	23.1183509833	4.1643089902
268	3	42.4135569786	23.1481749071	7.2823722599
269	1	41.5773129508	24.7357685152	5.7219694361
270	2	45.1251300055	24.5574477716	4.1066569473
271	3	45.1684629085	24.5969778883	7.2242387969
272	1	44.3362786891	26.1831713089	5.6620971882
273	1	47.1056281532	27.6088850199	5.5984941845
274	1	5.5711792750	2.8033149112	5.5963891952
275	2	9.1783484198	2.6354300152	4.1004770651
276	3	9.1298277631	2.6119622306	7.2184185710
277	1	8.3433183416	4.2302686358	5.6557814491
278	2	11.9378633588	4.0874300049	4.1513988100
279	3	11.9030577654	4.0651553757	7.2700982774
280	1	11.1036290661	5.6786838326	5.7095878803
281	2	14.6884671426	5.5541097869	4.1857481768
282	3	14.6725339601	5.5378397660	7.3048379005
283	1	13.8551119218	7.1427719119	5.7466857247
284	2	17.4380784713	7.0258042878	4.2004146770
285	3	17.4404950604	7.0164853203	7.3196275523
286	1	16.6036496141	8.6115717733	5.7639075881
287	2	20.1940183329	8.4915050445	4.1979780087
288	3	20.2102132940	8.4866767566	7.3171885008
289	1	19.3558730910	10.0733973283	5.7639072643
290	2	22.9613046421	9.9435312867	4.1857473613
291	3	22.9833617866	9.9378674240	7.3048370767
292	1	22.1167417814	11.5203092505	5.7540032954
293	2	25.7400290632	11.3804014083	4.1746696031
294	3	25.7588241061	11.3676118903	7.2935394048
295	1	24.8874916200	12.9512483736	5.7449960690
296	2	28.5233175794	12.8068369975	4.1746651804
297	3	28.5331148700	12.7835660011	7.2932622551
298	1	27.6643572309	14.3728524747	5.7464849760
299	2	31.2995895462	14.2310562015	4.1877542099
300	3	31.3017025095	14.2003301497	7.3061119370
301	1	30.4397143588	15.7964279412	5.7600781044
302	2	34.0595363304	15.6606686652	4.2060437301
303	3	34.0607970670	15.6309774389	7.3242717688
304	1	33.2062083317	17.2316720340	5.7775132500
305	2	36.8013857423	17.0992662576	4.2173480912
306	3	36.8088427837	17.0800216069	7.3355821466
307	1	35.9606420343	18.6815743830	5.7864237827
308	2	39.5306354681	18.5448903907	4.2124100459
309	3	39.5475965042	18.5425684737	7.3307228730
310	1	38.7049016887	20.1415850962	5.7775124432
311	2	42.2568200892	19.9907118257	4.1877529393
312	3	42.2823732520	20.0079053357	7.3061106693
313	1	41.4447797884	21.6019960409	5.7472619391
314	1	44.1878264427	23.0521396884	5.6978385066
315	1	13.7153711857	4.0220618878	5.7315148579
316	2	17.3003977407	3.9083950534	4.1903243744
317	3	17.3028066825	3.9000226285	7.3093485041
318	1	16.4762785417	5.4971334624	5.7540038473
319	2	20.0600198450	5.3850851200	4.1874547033
320	3	20.0822090334	5.3774624237	7.3064882150
321	1	19.2369032995	6.9692539829	5.7573715665
322	2	22.8279412494	6.8488844106	4.1711874129
323	3	22.8626661290	6.8383160608	7.2901109347
324	1	22.0021603621	8.4274935513	5.7466848348
325	2	25.6067887215	8.2947779752	4.1513975652
326	3	25.6434820144	8.2757722334	7.2700970158
327	1	24.7746452258	9.8668287361	5.7315139098
328	2	28.3933191831	9.7244354437	4.1402001106
329	3	28.4218522574	9.6927458781	7.2586235240
330	1	27.5528978054	11.2900902279	5.7234237210
331	2	31.1778416191	11.1447553974	4.1453304078
332	3	31.1938820609	11.1012764565	7.2635002894
333	1	30.3310193034	12.7068646644	5.7296258986
334	2	33.9487896976	12.5643275107	4.1643108291
335	3	33.9556640056	12.5165872197	7.2823741082
336	1	33.1010224745	14.1286620985	5.7472634333
337	2	36.6997346713	13.9897183482	4.1861227682
338	3	36.7045871173	13.9487646782	7.3042697561
339	1	35.8572607018	15.5629055471	5.7652080543
340	2	39.4324879889	15.4231249920	4.1987898683
341	3	39.4406891047	15.3985449817	7.3171146849
342	1	38.5991273572	17.0098567707	5.7716872863
343	1	41.3311061262	18.4633524827	5.7600772099
344	1	19.0992067214	3.8611949285	5.7471310807
345	2	22.6776400348	3.7419745835	4.1564802691
346	3	22.7199118763	3.7365988971	7.2750826333
347	1	21.8700764507	5.3288278133	5.7327330911
348	2	25.4556638301	5.1963370972	4.1258110512
349	3	25.5056684770	5.1809763806	7.2440989136
350	1	24.6458394891	6.7766829314	5.7095864106
351	2	28.2440151964	6.6309671977	4.1004755938
352	3	28.2885989291	6.6006803537	7.2184170764
353	1	27.4267319609	8.2038505560	5.6897337720
354	2	31.0360743811	8.0506399664	4.0927578828
355	3	31.0654491054	8.0042090945	7.2104319720
356	1	30.2089483971	9.6171656281	5.6846435220
357	2	33.8203447959	9.4636591730	4.1066591112
358	3	33.8329120260	9.4063667141	7.2242409789
359	1	32.9853610215	11.0280418411	5.6978404737
360	2	36.5865006918	10.8783271224	4.1349274013
361	3	36.5880351259	10.8211323163	7.2526967883
362	1	35.7486824883	12.4469990316	5.7219713762
363	1	38.4954102155	13.8791796757	5.7440774030
364	1	24.4977648163	3.6780088994	5.6898543928
365	2	28.0764170890	3.5232996772	4.0686551662
366	3	28.1315173979	3.5068880100	7.1860703290
367	1	27.2803592392	5.1103904692	5.6557796027
368	2	30.8723309308	4.9443863977	4.0436674729
369	3	30.9119732237	4.9090930140	7.1607728664
370	1	30.0660274123	6.5235774097	5.6352333536
371	2	33.6679869180	6.3544944442	4.0454117276
372	3	33.6852961248	6.3021918027	7.1623982151
373	1	32.8492747351	7.9275307409	5.6378207155
374	2	36.4513030160	7.7623488072	4.0726154181
375	3	36.4490605831	7.7015199080	7.1897779294
376	1	35.6226880730	9.3339628298	5.6620995670
377	1	29.9022068672	3.4231236161	5.5963874350
378	2	33.4941384665	3.2349414706	3.9980555541
379	3	33.5141914127	3.2040505927	7.1146861632
380	1	32.6898532934	4.8244296343	5.5824190716
381	1	35.4727185877	6.2227787073	5.5984963889
382	5	50.8863956943	30.3020623391	10.5821758128
383	6	50.8663811159	30.3034040175	13.6987121871
384	5	35.9146815747	1.6019538989	10.5821749781
385	6	35.9258513649	1.6186173934	13.6987113551
386	5	48.4697352281	25.5018584045	10.5182763474
387	6	48.4300927022	25.4665655473	13.6353817263
388	5	15.9564181214	27.2069008673	10.5643628371
389	6	15.9363651297	27.1760108047	13.6809934401
390	4	50.0701412299	28.6940839565	12.1299512677
391	5	18.5455156472	28.9178938842	10.5821755139
392	6	18.5543623407	28.8998900570	13.6987118896
393	4	35.1155318922	0.0000064711	12.1481285967
394	5	3.5754591715	0.2152257843	10.5643612651
395	6	3.6122382813	0.2133045733	13.6809918783
396	4	2.6023798595	1.7161940657	12.1296697133
397	5	6.1729757562	1.9124772693	10.5166490759
398	6	6.2269259315	1.9236381119	13.6336355720
399	5	43.3165882030	19.0433394150	10.3855091160
400	6	43.2977926038	19.0305496086	13.5043789161
401	5	45.9796158174	20.7182054522	10.4204255931
402	6	45.9510822241	20.6865157581	13.5388489953
403	4	44.9844950109	22.2071006826	11.9893152490
404	5	13.5076772383	22.4067423673	10.4686175774
405	6	13.4783021558	22.3603115955	13.5862916484
406	4	47.6237898398	23.8873740382	12.0438159854
407	5	16.1275235947	24.1087597988	10.5166514505
408	6	16.1102142687	24.0564575423	13.6336379225
409	4	15.1320804010	25.5865220586	12.0966302803
410	5	18.7275882583	25.8183783754	10.5473133401
411	6	18.7334563144	25.7713145085	13.6640056334
412	4	17.7428346124	27.2991286564	12.1296710489
413	5	21.3181682140	27.5268637237	10.5481444342
414	6	21.3500446269	27.4935694449	13.6649010851
415	4	20.3461936660	29.0149857169	12.1299501812
416	5	23.9109447915	29.2251052836	10.5182742146
417	6	23.9613310070	29.2084205657	13.6353796202
418	4	5.3909177834	0.3115172309	12.0966281603
419	5	8.9568894981	0.4946314189	10.4686151711
420	6	9.0117870663	0.4924074357	13.5862892741
421	4	7.9985713036	2.0011305905	12.0412265085
422	5	11.5748119498	2.1543910484	10.4155470895
423	6	11.6204857679	2.1622389738	13.5337169809
424	5	40.7414500102	14.2821836539	10.3807303790
425	6	40.7529757705	14.3031150323	13.4994949461
426	5	43.4167609842	15.9541809438	10.3736155331
427	6	43.4178990757	15.9533474998	13.4923812044
428	4	42.4452557621	17.4597026791	11.9340521071
429	5	10.9753443822	17.6273852976	10.3857865489
430	6	10.9655465366	17.6041139604	13.5043836219
431	4	45.1106615747	19.1208608497	11.9556251137
432	5	13.6361110770	19.3096750605	10.4155491288
433	6	13.6200702234	19.2661958647	13.5337189989
434	4	12.6511768907	20.7937856550	11.9944058861
435	5	16.2751404233	21.0045850712	10.4548088237
436	6	16.2625730284	20.9472925209	13.5723906728
437	4	15.2915026603	22.4834208401	12.0412290259
438	5	18.8912883834	22.7094320810	10.4892719088
439	6	18.8935309184	22.6486033180	13.6064344019
440	4	17.9149460025	24.1881731472	12.0805533276
441	5	21.4914268014	24.4165353799	10.5042360641
442	6	21.5149795433	24.3628824604	13.6213521115
443	4	20.5253248893	25.9001006383	12.0967211515
444	5	24.0868274852	26.1160571365	10.4929766837
445	6	24.1285906102	26.0765446980	13.6103918613
446	4	23.1289408510	27.6076371447	12.0826596250
447	5	26.6875894966	27.7989897129	10.4606299687
448	6	26.7361103993	27.7755224591	13.5785714668
449	4	25.7321022096	29.2997365829	12.0438136981
450	5	29.2987701236	29.4604230214	10.4204237467
451	6	29.3404803293	29.4515573875	13.5388471715
452	4	10.7820010962	0.5593579637	11.9944037172
453	5	14.3621010039	0.6912434767	10.3857853681
454	6	14.3871525310	0.6943942297	13.5043824486
455	4	13.3967233323	2.2099238012	11.9494216601
456	5	16.9892663279	2.3218581557	10.3651842277
457	6	16.9931588519	2.3343413426	13.4836930436
458	5	38.1963055011	9.5016504302	10.4510884787
459	6	38.2235238947	9.5512860030	13.5689654997
460	5	40.8460271992	11.1895829561	10.4082295321
461	6	40.8747113698	11.2235550100	13.5265335078
462	4	39.8883759551	12.7120572556	11.9559122969
463	5	8.3985555096	12.8660686265	10.3773547654
464	6	8.4194102499	12.8789494548	13.4958619509
465	4	42.5519613342	14.3773126863	11.9350390350
466	5	11.0739157787	14.5368858869	10.3651845398
467	6	11.0827795478	14.5272724691	13.4836933567
468	4	10.1065867073	16.0380985625	11.9325634522
469	5	13.7439321661	16.2106214198	10.3729370398
470	6	13.7418188045	16.1798949137	13.4912947646
471	4	12.7732485032	17.7040865582	11.9494232051
472	5	16.3978932383	17.8943647140	10.3966753705
473	6	16.3910187534	17.8466239940	13.5147386389
474	4	15.4275898019	19.3829097006	11.9812091529
475	5	19.0302638375	19.5898199544	10.4263529282
476	6	19.0287294996	19.5326248292	13.5441222986
477	4	18.0649163804	21.0769890521	12.0169502923
478	5	21.6432653507	21.2922051190	10.4480378376
479	6	21.6562294786	21.2352676877	13.5657219824
480	4	20.6860210372	22.7818232059	12.0416528670
481	5	24.2460428826	22.9921018613	10.4510896667
482	6	24.2754199840	22.9437124742	13.5689666799
483	4	23.2959293580	24.4870861704	12.0439855888
484	5	26.8495548864	24.6790490179	10.4349481955
485	6	26.8878598436	24.6434242274	13.5532360726
486	4	25.9010804135	26.1806835623	12.0232674153
487	5	29.4608199997	26.3457968019	10.4089502427
488	6	29.4956258192	26.3235224292	13.5276497041
489	4	28.5069090026	27.8541758737	11.9893133910
490	5	32.0807606640	27.9916056878	10.3855081551
491	6	32.1012338557	27.9817234818	13.5043779625
492	4	31.1165879589	29.5065583485	11.9556237488
493	5	34.7059641083	29.6229366587	10.3736153720
494	6	34.7061157998	29.6243392863	13.4923810412
495	4	16.1728420588	0.7335204083	11.9325628842
496	5	19.7739165935	0.8403368400	10.3773554828
497	6	19.7523330817	0.8519574088	13.4958626601
498	4	18.7894758343	2.3683659249	11.9253823960
499	5	22.3952717498	2.4783488850	10.3966954329
500	6	22.3553125185	2.4992446341	13.5148450016
501	5	35.7330228785	4.6986563975	10.5481437633
502	6	35.7459195872	4.7429093420	13.6649004169
503	5	38.3400175295	6.4038664979	10.5042344886
504	6	38.3747067445	6.4510899529	13.6213505476
505	4	37.3766677349	7.9313358989	12.0439844036
506	5	5.8543135716	8.0975270264	10.4480359718
507	6	5.8971410176	8.1372224530	13.5657201318
508	4	40.0122471495	9.6204052021	11.9952352001
509	5	8.5064373278	9.7769024255	10.3966939394
510	6	8.5445125983	9.8010597212	13.5148435232
511	4	7.5493754656	11.2929834251	11.9521815398
512	5	11.1729515132	11.4449703237	10.3619329915
513	6	11.1983389845	11.4501578630	13.4802578039
514	4	10.2140875142	12.9546044377	11.9253820684
515	5	13.8423017425	13.1095665439	10.3483248315
516	6	13.8527930481	13.0960388132	13.4666376545
517	4	12.8819439656	14.6145233288	11.9189704943
518	5	16.5030268238	14.7799745820	10.3547771357
519	6	16.5017659244	14.7502827769	13.4730051722
520	4	15.5432519099	16.2822894822	11.9317857308
521	5	19.1468165470	16.4621877612	10.3747794669
522	6	19.1419641770	16.4212335124	13.4929264477
523	4	18.1909116151	17.9639529217	11.9570781534
524	5	21.7715860788	18.1557109802	10.3966955461
525	6	21.7734697671	18.1106576781	13.5148451224
526	4	20.8225520675	19.6591067950	11.9825702587
527	5	24.3829752779	19.8534096090	10.4082307240
528	6	24.3980545017	19.8115820940	13.5265346952
529	4	23.4409174282	21.3600728796	11.9952366651
530	5	26.9915654352	21.5443240856	10.4039647113
531	6	27.0173567326	21.5104037377	13.5225670865
532	4	26.0518986469	23.0546951704	11.9891927778
533	5	29.6063542364	23.2188113733	10.3889364535
534	6	29.6328689126	23.1940231416	13.5078599839
535	4	28.6613916999	24.7322684380	11.9694608162
536	5	32.2302967162	24.8731124848	10.3742105066
537	6	32.2462300217	24.8568424946	13.4933002268
538	4	31.2731335894	26.3888902201	11.9475335406
539	5	34.8605691320	26.5109293641	10.3696997543
540	6	34.8581602331	26.5025571159	13.4887238793
541	4	33.8878961299	28.0288278202	11.9340517212
542	5	37.4916118638	28.1420481835	10.3807312124
543	6	37.4677208914	28.1415642757	13.4994957703
544	4	36.5039713950	29.6624324801	11.9350395078
545	5	40.1175937793	29.7789155170	10.4082311829
546	6	40.0738302308	29.7867708558	13.5265351387
547	4	21.5608378289	0.8914684692	11.9521828608
548	5	25.1757152387	1.0212308531	10.4480381518
549	6	25.1199239334	1.0384729666	13.5657222853
550	4	24.1717675998	2.5485390877	11.9825702203
551	4	34.9302591724	3.1128408697	12.1299499670
552	5	3.3923700506	3.3093907615	10.5473116306
553	6	3.4301955082	3.3380045325	13.6640039342
554	4	37.5382633875	4.8254151606	12.0967197711
555	5	6.0029470725	5.0056316665	10.4892696166
556	6	6.0545054259	5.0379878587	13.6064321314
557	4	5.0428884044	6.5237200744	12.0416508752
558	5	8.6351232790	6.6857931563	10.4263507341
559	6	8.6854226748	6.7130615081	13.5441201239
560	4	7.6789750268	8.2033167998	11.9825682952
561	5	11.2854561601	8.3505461270	10.3747778472
562	6	11.3233491998	8.3668205295	13.4929248350
563	4	10.3297822231	9.8666519876	11.9349702319
564	5	13.9450760823	10.0064625193	10.3434655842
565	6	13.9654707882	10.0096268794	13.4616996379
566	4	12.9891692713	11.5218121753	11.9073603980
567	5	16.6034057841	11.6635546722	10.3342653005
568	6	16.6068772889	11.6542178429	13.4524837872
569	4	15.6484380684	13.1792796387	11.9015353043
570	5	19.2510725589	13.3309308743	10.3434664370
571	6	19.2436155765	13.3116855826	13.4617004915
572	4	18.2994903568	14.8480464925	11.9138408854
573	5	21.8829186618	15.0124078782	10.3619340311
574	6	21.8747178100	14.9878272229	13.4802588450
575	4	20.9376396667	16.5317727117	11.9349717130
576	5	24.5008234878	16.7045564688	10.3773555963
577	6	24.5015518413	16.6800547707	13.4958627842
578	4	23.5630818702	18.2265102005	11.9521827930
579	5	27.1135350305	18.3976757525	10.3807308070
580	6	27.1258998144	18.3772280418	13.4994953779
581	4	26.1803026543	19.9215224050	11.9559130754
582	5	29.7314463010	20.0804380075	10.3725594274
583	6	29.7491422038	20.0650332759	13.4915929450
584	4	28.7953937748	21.6044595084	11.9463143506
585	5	32.3601028728	21.7459000882	10.3618592158
586	6	32.3723815498	21.7342892077	13.4810697112
587	4	31.4128750876	23.2681802887	11.9323627143
588	5	34.9982582825	23.3944668124	10.3594207356
589	6	34.9958416613	23.3851477132	13.4786336082
590	4	34.0340413866	24.9138185170	11.9250444885
591	5	37.6399718249	25.0334894226	10.3725601125
592	6	37.6177825277	25.0258667911	13.4915936186
593	4	36.6569691999	26.5497569240	11.9319171635
594	5	40.2776741646	26.6743527718	10.4039656898
595	6	40.2354021952	26.6689773707	13.5225680456
596	4	39.2779177589	28.1883280181	11.9559137106
597	5	42.9042470437	28.3281563837	10.4510907386
598	6	42.8476518172	28.3269103693	13.5689677290
599	4	41.8934311794	29.8414303915	11.9952372999
600	5	45.5151500052	30.0015074784	10.5042368475
601	6	45.4569089658	30.0079375289	13.6213528805
602	4	26.9443844300	1.1054203151	12.0416531920
603	5	30.5533339676	1.2831949908	10.5473133834
604	6	30.5096419205	1.3016460708	13.6640056761
605	4	5.2104908628	3.4207239159	12.0805511055
606	5	8.7874620610	3.5924036097	10.4548063506
607	6	8.8433623516	3.6101660902	13.5723882275
608	4	7.8298704374	5.1061931818	12.0169478766
609	5	11.4196158835	5.2538199476	10.3966733977
610	6	11.4643971436	5.2717366541	13.5147366821
611	4	10.4628414471	6.7718254707	11.9570761489
612	5	14.0641901427	6.9020627807	10.3547759739
613	6	14.0905335903	6.9158165647	13.4730040140
614	4	13.1070062593	8.4238101118	11.9138396238
615	5	16.7128992154	8.5472033223	10.3342650023
616	6	16.7192485487	8.5548780863	13.4524834889
617	4	15.7561616942	10.0726753865	11.8926240644
618	5	19.3569913913	10.2002033538	10.3342654162
619	6	19.3471695671	10.2018647245	13.4524839044
620	4	18.4028718257	11.7293777260	11.8926245077
621	5	21.9898261691	11.8683843270	10.3483252236
622	6	21.9728653666	11.8660617979	13.4666380518
623	4	21.0413571336	13.4010956831	11.9073612001
624	5	24.6101136810	13.5522177229	10.3651848535
625	6	24.5973568571	13.5493475699	13.4836936779
626	4	23.6697322451	15.0879913096	11.9253828327
627	5	27.2238718798	15.2447899046	10.3736155197
628	6	27.2225816527	15.2442204482	13.4923811988
629	4	26.2906639704	16.7821621974	11.9350394622
630	5	29.8416470662	16.9346850782	10.3696994667
631	6	29.8501022162	16.9367854513	13.4887236003
632	4	28.9098212212	18.4709994634	11.9319166818
633	5	32.4717388107	18.6121580825	10.3594203810
634	6	32.4810174514	18.6147250179	13.4786332583
635	4	31.5326310417	20.1442776770	11.9216761898
636	5	35.1155325876	20.2739690005	10.3536978436
637	6	35.1155322998	20.2739688645	13.4729725734
638	4	34.1614132083	21.7993801999	11.9151406049
639	5	37.7679768894	21.9242751066	10.3618597302
640	6	37.7517817078	21.9194465886	13.4810702201
641	4	36.7946664991	23.4416977450	11.9216767293
642	5	40.4204292152	23.5726355492	10.3889375435
643	6	40.3857040413	23.5620671890	13.5078610581
644	4	39.4278391632	25.0821238056	11.9463153016
645	5	43.0634309543	25.2299750988	10.4349497468
646	6	43.0134260150	25.2146146410	13.5532375965
647	4	42.0555270014	26.7329427524	11.9891940228
648	5	45.6892792596	26.9040634327	10.4929783455
649	6	45.6341787485	26.8876523203	13.6103934957
650	4	44.6739979956	28.4034871724	12.0439868112
651	5	48.2954024312	28.5963896921	10.5481456658
652	6	48.2506307727	28.5854320285	13.6649023034
653	4	47.2830061570	30.0963942840	12.0967218721
654	4	32.3280783585	1.3956421378	12.1296708283
655	4	10.6156493561	3.6692400958	11.9812069110
656	5	14.2047607702	3.7972929512	10.3729357672
657	6	14.2324264378	3.8108260590	13.4912934986
658	4	13.2430342999	5.3197158228	11.9317842083
659	5	16.8411681869	5.4330106805	10.3483244607
660	6	16.8476369028	5.4488603742	13.4666372837
661	4	15.8777264987	6.9623143762	11.9015346688
662	5	19.4771475595	7.0735681017	10.3434660486
663	6	19.4642089613	7.0896483998	13.4617001017
664	4	18.5142625937	8.6089081105	11.8926242658
665	5	22.1060789921	8.7289243174	10.3547769925
666	6	22.0809956968	8.7448617729	13.4730050337
667	4	21.1471314005	10.2693673517	11.9015354411
668	5	24.7246026579	10.4030475588	10.3729368575
669	6	24.6990498570	10.4202405659	13.4912945935
670	4	23.7733358685	11.9476002209	11.9189706938
671	5	27.3358500204	12.0923332915	10.3857860559
672	6	27.3205960097	12.1124536389	13.5043831430
673	4	26.3938667274	13.6393427395	11.9325633966
674	5	29.9492479387	13.7869625654	10.3855082755
675	6	29.9475699561	13.8096343706	13.5043780888
676	4	29.0134448450	15.3333767314	11.9340517069
677	5	32.5751748177	15.4757108122	10.3742102934
678	6	32.5812984745	15.4976446520	13.4933000167
679	4	31.6380496908	17.0174463303	11.9250441843
680	5	35.2185177844	17.1517319698	10.3618590890
681	6	35.2224335217	17.1681710058	13.4810695838
682	4	34.2715469010	18.6849720912	11.9151404370
683	5	37.8766004973	18.8152822265	10.3594206907
684	6	37.8697377027	18.8220340223	13.4786335638
685	4	36.9136369759	20.3375543076	11.9151407658
686	5	40.5411256664	20.4730841163	10.3742112245
687	6	40.5190681045	20.4674199826	13.4933009380
688	4	39.5599238116	21.9834578707	11.9323635106
689	5	43.2012453520	22.1351791604	10.4089517383
690	6	43.1645515987	22.1161733570	13.5276511792
691	4	42.2036023791	23.6342684484	11.9694622390
692	5	45.8463616025	23.8102710206	10.4606320296
693	6	45.8017774731	23.7799843869	13.5785734955
694	4	44.8381215183	25.3005610205	12.0232692406
695	4	47.4599685878	26.9878280596	12.0826613765
696	4	16.0180158594	3.8488380573	11.9189698179
697	5	19.6174256622	3.9535835555	10.3619335608
698	6	19.6002384212	3.9729762028	13.4802583687
699	4	18.6427694701	5.4880535905	11.9073606214
700	5	22.2410228530	5.5982281077	10.3747791108
701	6	22.2079816467	5.6229075071	13.4929260919
702	4	21.2667991465	7.1391049798	11.9138405754
703	5	24.8557859827	7.2627776624	10.3966749192
704	6	24.8178789181	7.2926013811	13.5147381987
705	4	23.8870092681	8.8089565640	11.9317854766
706	5	27.4623717288	8.9468964515	10.4155483098
707	6	27.4327387088	8.9825276163	13.5337182006
708	4	26.5033233790	10.4969517229	11.9494227063
709	5	30.0682100599	10.6432797858	10.4204242999
710	6	30.0550334189	10.6838350903	13.5388477259
711	4	29.1193468455	12.1944885257	11.9556242145
712	5	32.6845310205	12.3409320639	10.4089501785
713	6	32.6864187306	12.3822121502	13.5276496410
714	4	31.7410540930	13.8888947556	11.9475334761
715	5	35.3198134274	14.0304607462	10.3889361452
716	6	35.3280234526	14.0658171227	13.5078596749
717	4	34.3737978870	15.5702688479	11.9323624881
718	5	37.9751791057	15.7079799533	10.3725592901
719	6	37.9796718927	15.7310070235	13.4915928038
720	4	37.0192994274	17.2359313494	11.9216762106
721	5	40.6443810323	17.3762929130	10.3696997691
722	6	40.6383342047	17.3825644993	13.4887238958
723	4	39.6745058309	18.8906420374	11.9250447206
724	4	42.3324088455	20.5441224318	11.9475346245
725	4	21.4058735359	4.0125372082	11.9349713728
726	5	25.0079074167	4.1353496331	10.4263526381
727	6	24.9591423845	4.1652763140	13.5441220106
728	4	24.0195420155	5.6751839127	11.9570777743
729	5	27.6106914841	5.8139744336	10.4548080721
730	6	27.5673589468	5.8535046464	13.5723899380
731	4	26.6300555653	7.3588128718	11.9812084648
732	5	30.2087270104	7.5095894729	10.4686161725
733	6	30.1832050337	7.5582445225	13.5862902709
734	4	29.2401165568	9.0578191711	11.9944046780
735	5	32.8126441364	9.2126480680	10.4606300837
736	6	32.8087077330	9.2664022101	13.5785715807
737	4	31.8551918583	10.7606317054	11.9893135922
738	5	35.4336099851	10.9128843013	10.4349476882
739	6	35.4453100118	10.9638696189	13.5532355668
740	4	34.4816020998	12.4553709216	11.9694605098
741	5	38.0773568724	12.6032310905	10.4039640480
742	6	38.0938372806	12.6425267143	13.5225664236
743	4	37.1233636070	14.1353240326	11.9463139757
744	4	39.7798063578	15.8011507210	11.9319166009
745	5	27.7790578739	2.6958997777	10.4892717468
746	6	27.7252577409	2.7243727780	13.6064342416
747	4	26.7785073902	4.2277810172	12.0169498774
748	5	30.3727934677	4.3897267576	10.5166505001
749	6	30.3361537069	4.4308688605	13.6336369876
750	4	29.3832199255	5.9264121594	12.0412279520
751	5	32.9659140503	6.0949458230	10.5182745536
752	6	32.9551714464	6.1469241212	13.6353799570
753	4	31.9907030530	7.6347986218	12.0438141999
754	5	35.5704878519	7.8017886358	10.4929760299
755	6	35.5838259898	7.8577126940	13.6103912110
756	4	34.6073934494	9.3406642591	12.0232670500
757	4	37.2391702163	11.0342703171	11.9891919678
758	4	29.5478565218	2.8020671245	12.0805529578
759	5	33.1414146863	2.9888376325	10.5643618612
760	6	33.1246902468	3.0216500663	13.6809924724
761	4	32.1502950177	4.5129251031	12.0966289827
762	4	34.7576851680	6.2264446391	12.0826592795
