natom :
546

Moire lattice vectors (in Angstrom)
a1 :
29.7247432246 0.0000000000 0.0000000000
a3 :
0.0000000000 0.0000000000 100.0000000000
a2 :
14.8623723030 25.7423823547 0.0000000000

type    Mass
1	95.9400000000
2	32.0660000000
3	32.0660000000
4	95.9400000000
5	32.0660000000
6	32.0660000000

Atomic positions (in Angstrom)
id    type    x    y    z
1	2	27.9170928966	0.1178647017	3.9938289410
2	3	27.9398820283	0.1193430436	7.1099096023
3	2	1.0059031955	1.5065411302	3.9938304392
4	3	0.9957882813	1.4860636909	7.1099111073
5	2	39.7829085383	21.3361143045	4.0667422204
6	3	39.8224363243	21.3798207702	7.1835356259
7	2	42.5782231203	22.7301268044	4.0140585571
8	3	42.5970295454	22.7668157477	7.1302902611
9	1	41.7919153878	24.3625735341	5.5643256882
10	2	15.6641278371	24.1179763719	3.9938294697
11	3	15.6514506169	24.1369726076	7.1099101325
12	1	14.8623746148	25.7423818248	5.5431147880
13	2	18.4755121191	25.5087563332	4.0140613111
14	3	18.4343336958	25.5066982168	7.1302930415
15	1	2.7963420807	1.3801765886	5.5639972268
16	2	6.4112919041	1.1688732736	4.0646602394
17	3	6.3576651882	1.1509355775	7.1816191398
18	2	9.1901140442	2.5891238504	4.1234807490
19	3	9.1443302419	2.5658213738	7.2416460022
20	2	36.8637378120	16.8049653677	4.1646916798
21	3	36.8894168864	16.8300341578	7.2831582235
22	2	39.6173723831	18.2107921166	4.1159241623
23	3	39.6425642763	18.2574391796	7.2337137020
24	1	38.8251929458	19.8459076468	5.6613883041
25	2	12.6690023649	19.6056060916	4.0646563953
26	3	12.6802811080	19.6610167291	7.1816152274
27	1	41.5976377075	21.2456538117	5.6015736819
28	2	15.4672322451	20.9938611771	4.0321399005
29	3	15.4528803135	21.0429291462	7.1485704632
30	1	14.6594726610	22.6305921786	5.5639948744
31	2	18.2760907919	22.3839315004	4.0332057130
32	3	18.2342085970	22.4158188044	7.1495459806
33	1	17.4549249039	24.0115701545	5.5643276518
34	2	21.0804191586	23.7849504367	4.0667458509
35	3	21.0228039158	23.7973287128	7.1835393130
36	1	20.2513953105	25.4017817551	5.6015773340
37	2	23.8697946502	25.2042544811	4.1159277656
38	3	23.8168021220	25.2027476740	7.2337173795
39	1	8.1798153052	1.0697170854	5.6583005528
40	2	11.7810848766	0.9011165433	4.1584809518
41	3	11.7511069749	0.8942576983	7.2772555870
42	1	10.9619526071	2.5029507339	5.7107003163
43	2	14.5465374429	2.3533099076	4.1784471766
44	3	14.5482317471	2.3466378708	7.2976720920
45	2	33.9991603754	12.2732798387	4.1782887628
46	3	34.0019503105	12.2417527610	7.2968255840
47	2	36.7365109815	13.6821844978	4.1795287418
48	3	36.7437971488	13.6808845341	7.2984135552
49	1	35.9231846810	15.2913992772	5.7415432732
50	2	9.7522186237	15.0891077618	4.1584786875
51	3	9.7612683508	15.1185006353	7.2772532761
52	1	38.6681078511	16.7141774067	5.7062705783
53	2	12.5095626431	16.4889501263	4.1234772948
54	3	12.5122741068	16.5402523487	7.2416424709
55	1	11.6988676926	18.1235984960	5.6582966591
56	2	15.2900549209	17.8818181151	4.0913057645
57	3	15.2760204157	17.9399776403	7.2087320680
58	1	14.4710545493	19.5179577148	5.6169361941
59	2	18.0886654536	19.2734426332	4.0796499720
60	3	18.0520183353	19.3234807559	7.1966519560
61	1	17.2584809201	20.9039830392	5.6014070623
62	2	20.8916337874	20.6725293387	4.0958065018
63	3	20.8379822824	20.7062808323	7.2128917905
64	1	20.0540704796	22.2939864565	5.6193981382
65	2	23.6852802651	22.0874769652	4.1307193924
66	3	23.6314366096	22.1059174301	7.2484053705
67	1	22.8498335586	23.7006487512	5.6613920565
68	2	26.4640931642	23.5224516810	4.1646939278
69	3	26.4295453063	23.5321559956	7.2831605158
70	1	25.6405337613	25.1304757865	5.7062734677
71	2	29.2321137324	24.9736612134	4.1795290543
72	3	29.2295988029	24.9806214524	7.2984138720
73	1	13.5628413204	0.8366418133	5.7338514429
74	2	17.1365996597	0.6869652374	4.1672072178
75	3	17.1674179254	0.6919902198	7.2859376760
76	1	16.3444355794	2.2896981035	5.7344089504
77	2	19.9125105311	2.1328633683	4.1324604964
78	3	19.9660749881	2.1308791350	7.2505843657
79	2	33.8674276335	9.1535064115	4.1357187870
80	3	33.8557573795	9.0998445087	7.2535874766
81	1	33.0431122867	10.7359313770	5.7177267206
82	2	6.8890002827	10.5581719487	4.1672089649
83	3	6.8779438443	10.5289718956	7.2859394588
84	1	35.7906941126	12.1541988069	5.7367655894
85	2	9.6271281037	11.9680591856	4.1784468956
86	3	9.6205036069	11.9699299679	7.2976718083
87	1	8.8055034868	13.5783000354	5.7338504284
88	2	12.3723858215	13.3769545409	4.1687296934
89	3	12.3675638104	13.4067503755	7.2879029746
90	1	11.5490143657	14.9975806077	5.7106975748
91	2	15.1363910146	14.7800832733	4.1479175877
92	3	15.1256325116	14.8262977728	7.2665910041
93	1	14.3066690270	16.4046943081	5.6794140748
94	2	17.9213784673	16.1783071027	4.1324611814
95	3	17.8963137903	16.2256866949	7.2505850476
96	1	17.0821120564	17.8002290850	5.6580701755
97	2	20.7182012577	17.5779601368	4.1357173397
98	3	20.6775627035	17.6148977817	7.2535859861
99	1	19.8712652553	19.1931333549	5.6606031385
100	2	23.5119818459	18.9876430917	4.1575099202
101	3	23.4660502805	19.0116374289	7.2755112143
102	1	22.6657132143	20.5965346003	5.6865289967
103	2	26.2924174802	20.4138380387	4.1833001289
104	3	26.2585712248	20.4302557302	7.3016935747
105	1	25.4580683237	22.0203513115	5.7203008537
106	2	29.0593462430	21.8565431446	4.1942318329
107	3	29.0525714760	21.8724355048	7.3129183741
108	1	28.2451573133	23.4646924690	5.7415443033
109	2	31.8209361163	23.3074980892	4.1782870263
110	3	31.8468464833	23.3256781041	7.2968238171
111	1	31.0282977399	24.9185526224	5.7367644640
112	2	34.5886061318	24.7533000435	4.1357153834
113	3	34.6409150682	24.7700243079	7.2535840119
114	1	18.9492101950	0.6227257100	5.7049690503
115	2	22.5093336895	0.4404207762	4.0796484786
116	3	22.5709915335	0.4471374757	7.1966504523
117	1	21.7367695667	2.0487273497	5.6580694897
118	2	25.3099772290	1.8504387742	4.0321398178
119	3	25.3596466213	1.8383319201	7.1485703864
120	2	30.9263914177	4.6355900874	4.0332069124
121	3	30.9197154159	4.5833750844	7.1495471917
122	2	3.9891221371	6.0285199379	4.0796523962
123	3	3.9641103517	5.9717640070	7.1966544296
124	1	32.8921149724	7.6124516595	5.6606049089
125	2	6.7532306035	7.4312137985	4.1324636289
126	3	6.7247308244	7.3858184944	7.2505875596
127	1	5.9270631465	9.0205254295	5.7049719948
128	2	9.5003971753	8.8449872947	4.1720501317
129	3	9.4791286953	8.8224560095	7.2911715317
130	1	8.6730901905	10.4428406254	5.7344100141
131	2	12.2442340787	10.2646807683	4.1886652013
132	3	12.2332074535	10.2678298377	7.3082625999
133	1	11.4151853246	11.8701115653	5.7410900445
134	2	14.9988216667	11.6820708159	4.1845319300
135	3	14.9934861487	11.7047092492	7.3040568258
136	1	14.1649034654	13.2910503275	5.7288910891
137	2	17.7721580114	13.0923044021	4.1720485283
138	3	17.7632785767	13.1219900973	7.2911698819
139	1	16.9299863800	14.6996541789	5.7113589967
140	2	20.5615185639	14.4972477061	4.1672079997
141	3	20.5417574036	14.5214234783	7.2859384531
142	1	19.7108459495	16.0991334500	5.7049702531
143	2	23.3541371498	15.9039893773	4.1782886306
144	3	23.3254378380	15.9173372926	7.2968254275
145	1	22.5007785410	17.5006260877	5.7177259508
146	2	26.1360488318	17.3204724093	4.1983986875
147	3	26.1103961536	17.3273668988	7.3169565144
148	1	25.2907822366	18.9165205275	5.7419153071
149	2	28.9018138632	18.7504019167	4.2103033381
150	3	28.8939839991	18.7599276374	7.3289659704
151	1	28.0751684862	20.3519334497	5.7592617877
152	2	31.6566894089	20.1900499009	4.1983971307
153	3	31.6754875601	20.2088191823	7.3169549454
154	1	30.8536557869	21.8007532102	5.7531650899
155	2	34.4125359108	21.6289734976	4.1575073305
156	3	34.4562824076	21.6567542587	7.2755085906
157	1	33.6303439497	23.2482097877	5.7177237591
158	2	37.1818655166	23.0558181778	4.0958035494
159	3	37.2379214486	23.0854051158	7.2128887979
160	1	36.4108556158	24.6791807372	5.6606008646
161	2	39.9717560464	24.4652434383	4.0332034774
162	3	40.0203121654	24.4855690459	7.1495437255
163	1	24.3365154581	0.3441103171	5.6014057128
164	1	27.1313073475	1.7316124205	5.5639953158
165	1	29.9273973364	3.1106198571	5.5643281009
166	2	3.8099132905	2.8980827191	4.0321427652
167	3	3.7745937138	2.8611195329	7.1485733670
168	1	2.9921250301	4.4942886345	5.6014093861
169	2	6.5936091845	4.3006652764	4.0913092234
170	3	6.5502585843	4.2594318380	7.2087356010
171	1	5.7682385799	5.8934269354	5.6580731621
172	2	9.3566215408	5.7184570857	4.1479203562
173	3	9.3219786104	5.6860336798	7.2665938403
174	1	8.5294775755	7.3119709500	5.7113614407
175	2	12.1083636906	7.1483256373	4.1845332988
176	3	12.0914271824	7.1323866823	7.3040582278
177	1	11.2811680266	8.7441578275	5.7445468202
178	2	14.8623724852	8.5807952106	4.1957930706
179	3	14.8623728869	8.5807957536	7.3155777590
180	1	14.0330463611	10.1774926289	5.7530854794
181	2	17.6297299885	10.0062258179	4.1886646897
182	3	17.6379697783	10.0142015986	7.3082620722
183	1	16.7944507578	11.6005272856	5.7445455683
184	2	20.4134525838	11.4210160884	4.1784467483
185	3	20.4183836201	11.4258183665	7.2976716415
186	1	19.5695926972	13.0098467423	5.7344090303
187	2	23.2056089297	12.8289217042	4.1795294528
188	3	23.2008386119	12.8232623216	7.2984142531
189	1	22.3552424016	14.4120163921	5.7367654492
190	2	25.9914953349	14.2378599960	4.1942327392
191	3	25.9811199528	14.2240458735	7.3129192719
192	1	25.1426566547	15.8196724504	5.7531665481
193	2	28.7602575658	15.6545040041	4.2103037969
194	3	28.7559239998	15.6429602618	7.3289664290
195	1	27.9236420964	17.2426326447	5.7704515825
196	2	31.5121610817	17.0798618084	4.2103029400
197	3	31.5243262781	17.0818813734	7.3289655671
198	1	30.6954815772	18.6808689910	5.7704507158
199	2	34.2574376765	18.5079478037	4.1832981293
200	3	34.2885799844	18.5290519032	7.3016915431
201	1	33.4615414608	20.1240488362	5.7419131108
202	2	37.0104212860	19.9289754138	4.1307161103
203	3	37.0533138797	19.9663855790	7.2484020290
204	1	36.2290117392	21.5574178136	5.6865258489
205	1	39.0048705985	22.9704400102	5.6193949960
206	1	5.5861712587	2.7733202193	5.6169398335
207	1	8.3645287678	4.1875914510	5.6794175377
208	2	11.9537692868	4.0263242067	4.1687316726
209	3	11.9303780403	4.0072509602	7.2879049969
210	1	11.1319061568	5.6216420540	5.7288932716
211	2	14.7131536545	5.4714788766	4.1886653812
212	3	14.7159415476	5.4603554400	7.3082627828
213	1	13.8942550675	7.0642296290	5.7530860323
214	2	17.4799324898	6.9119889219	4.1845321219
215	3	17.5022055087	6.9052907893	7.3040570259
216	1	16.6598162781	8.5006638363	5.7530853626
217	2	20.2609633000	8.3391062617	4.1687301260
218	3	20.2891772431	8.3283845944	7.2879034132
219	1	19.4345980300	9.9214875650	5.7410899457
220	2	23.0538152946	9.7521604066	4.1584800341
221	3	23.0747439648	9.7296269159	7.2772546322
222	1	22.2187738053	11.3274435885	5.7338510906
223	2	25.8464031236	11.1573500004	4.1646939610
224	3	25.8552726094	11.1225774568	7.2831605212
225	1	25.0058922653	12.7286761997	5.7415447824
226	2	28.6243782739	12.5629814432	4.1833005471
227	3	28.6270834061	12.5254606002	7.3016939851
228	1	27.7866144115	14.1378417178	5.7592624317
229	2	31.3814946806	13.9742452377	4.1983985654
230	3	31.3883507091	13.9485827480	7.3169563985
231	1	30.5551102004	15.5612670912	5.7704513938
232	2	34.1233915204	15.3903643899	4.1942314953
233	3	34.1405430122	15.3882873258	7.3129180299
234	1	33.3124511607	16.9949932460	5.7592608117
235	1	36.0658941715	18.4272594826	5.7202981697
236	1	13.7373347976	3.9507865827	5.7410909119
237	2	17.3145631155	3.8050933868	4.1720485956
238	3	17.3447117705	3.7979399479	7.2911699629
239	1	16.5114992018	5.3977007116	5.7445459209
240	2	20.0941065200	5.2438442362	4.1479178793
241	3	20.1395082547	5.2300536311	7.2665913117
242	1	19.2903087643	6.8296929857	5.7288914143
243	2	22.8874432057	6.6643101155	4.1234785586
244	3	22.9305153677	6.6363102643	7.2416437597
245	1	22.0761520073	8.2418534793	5.7106986416
246	2	25.6870686430	8.0697196381	4.1159267595
247	3	25.7148689805	8.0245789937	7.2337163320
248	1	24.8655932460	9.6401138029	5.7062727831
249	2	28.4785336157	9.4683140390	4.1307195692
250	3	28.4894847568	9.4124632663	7.2484055315
251	1	27.6502722677	11.0371565388	5.7203010794
252	2	31.2497165242	10.8681502784	4.1575105058
253	3	31.2519022476	10.8163755982	7.2755118142
254	1	30.4219107012	12.4441985511	5.7419156207
255	1	33.1779216903	13.8643425862	5.7531660992
256	1	19.1276549499	3.7307597029	5.7113588996
257	2	22.7034568044	3.5599001628	4.0913059749
258	3	22.7608410774	3.5429732925	7.2087322935
259	1	21.9159218436	5.1500982079	5.6794147069
260	2	25.5068274921	4.9679037398	4.0646581735
261	3	25.5491740738	4.9304294030	7.1816170320
262	1	24.7084372249	6.5490678152	5.6582986594
263	2	28.3109095193	6.3637007167	4.0667455593
264	3	28.3289956597	6.3076145516	7.1835390025
265	1	27.4992093417	7.9382093958	5.6613916481
266	2	31.1007369789	7.7564183763	4.0958075734
267	3	31.0983318874	7.6930791026	7.2128928789
268	1	30.2795104774	9.3308140005	5.6865296511
269	1	24.5298952344	3.4511044398	5.6169368772
270	2	28.1205036080	3.2458816468	4.0140604036
271	3	28.1428730817	3.2112483585	7.1302921209
272	1	27.3252039183	4.8373287988	5.6015761591
273	1	30.1152955807	6.2203382898	5.6193988438
274	5	42.8022447012	25.6230487391	10.5691383956
275	6	42.7794556625	25.6245288836	13.6852190561
276	5	30.5138120726	1.6054191501	10.5691368843
277	6	30.5264894068	1.6244171292	13.6852175519
278	5	37.7928800208	19.1060815724	10.4374060151
279	6	37.7498069836	19.0780818459	13.5555711811
280	5	40.4115377850	20.8119624077	10.4974331321
281	6	40.3691906861	20.7744888900	13.6143919572
282	5	13.2804928282	22.5311434780	10.5487577288
283	6	13.2581232528	22.4965116329	13.6649894315
284	4	41.9936702324	24.0107801654	12.1150536279
285	5	15.8581509387	24.2563281411	10.5691378739
286	6	15.8682660054	24.2358524928	13.6852185378
287	4	29.7247359779	0.0000108842	12.1359332105
288	5	3.5719519051	0.2356935900	10.5487549091
289	6	3.6131304973	0.2336372085	13.6649866359
290	4	2.5925432639	1.7308224674	12.1147193851
291	5	6.1604227070	1.9450630929	10.4955078567
292	6	6.2180379687	1.9574426739	13.6123013191
293	5	35.2807495861	14.3165736306	10.3813763739
294	6	35.2758173872	14.3213750162	13.5006012789
295	5	37.9371095644	16.0127649371	10.4017948218
296	6	37.9161797418	15.9902308637	13.5205694030
297	4	36.9385168785	17.5005381418	11.9683507812
298	5	10.8524905436	17.7178129799	10.4453342206
299	6	10.8246894065	17.6726722399	13.5631237549
300	4	39.5708013543	19.1933240896	12.0207516129
301	5	13.4666163005	19.4347776230	10.4955119519
302	6	13.4485298979	19.3786919669	13.6123053589
303	4	12.4628241072	20.9050635290	12.0774742936
304	5	16.0573353751	21.1590172042	10.5295033770
305	6	16.0640115754	21.1068032663	13.6458436338
306	4	15.0650170582	22.6317727969	12.1147218061
307	5	18.6369566308	22.8812727469	10.5304762841
308	6	18.6722766038	22.8443109389	13.6469068690
309	4	17.6587048960	24.3622161793	12.1150516869
310	5	21.2200282320	24.5914566277	10.4974294751
311	6	21.2736552982	24.5735203011	13.6143883595
312	4	5.3890137237	0.3406109403	12.0774705730
313	5	8.9544209822	0.5396444852	10.4453304133
314	6	9.0074137177	0.5381387654	13.5631200130
315	4	7.9874524921	2.0417438064	12.0176551773
316	5	11.5671647518	2.2102362735	10.3958868019
317	6	11.6017127182	2.2199412141	13.5143533782
318	5	32.7586785962	9.5167055022	10.4284606378
319	6	32.7837426013	9.5640845374	13.5465845589
320	5	35.4041230396	11.2209684263	10.3931084868
321	6	35.4238830977	11.2451433584	13.5118389750
322	4	34.4319580032	12.7325448849	11.9446381355
323	5	8.3384613244	12.9191295527	10.3806342480
324	6	8.3432304458	12.9134692473	13.4995190563
325	4	37.0811391263	14.4149478590	11.9451976004
326	5	10.9928950226	14.6198147024	10.3958894395
327	6	10.9840246213	14.5850413495	13.5143559795
328	4	10.0032149650	16.1022778707	11.9727773078
329	5	13.6271064647	16.3299293311	10.4306453910
330	6	13.6161549622	16.2740780640	13.5483313131
331	4	12.6368304513	17.8041827617	12.0176593141
332	5	16.2359528336	18.0493138438	10.4661582452
333	6	16.2383581507	17.9859745329	13.5832435082
334	4	15.2529160984	19.5220543528	12.0596522017
335	5	18.8264740065	19.7706290532	10.4823961876
336	6	18.8514863688	19.7138735285	13.5993981849
337	4	17.8544883873	21.2481042933	12.0776410231
338	5	21.4126220510	21.4829611112	10.4703141341
339	6	21.4559732552	21.4417283697	13.5877404829
340	4	20.4485344918	22.9690727528	12.0621095769
341	5	24.0066937555	23.1765713454	10.4374028372
342	6	24.0524779972	23.1532696800	13.5555680678
343	4	23.0421786582	24.6726757852	12.0207478866
344	5	26.6134706503	24.8481348217	10.4017925317
345	6	26.6434488258	24.8412767602	13.5205671478
346	4	10.7781528433	0.6119169923	11.9727742527
347	5	14.3672180767	0.7617710475	10.3806337128
348	6	14.3697332210	0.7687319236	13.4995185153
349	4	13.3827768826	2.2777003657	11.9375029874
350	5	16.9844659596	2.4167146151	10.3822233451
351	6	16.9585558887	2.4348950330	13.5007601305
352	5	30.3152426713	4.6994629058	10.5304750579
353	6	30.3295946530	4.7485318310	13.6469056520
354	5	32.9143817235	6.4189111573	10.4823935138
355	6	32.9510284501	6.4689496207	13.5993955432
356	4	31.9444757759	7.9421631854	12.0209751027
357	5	5.8151840058	8.1274940245	10.4254601836
358	6	5.8558217506	8.1644313747	13.5433288731
359	4	34.5732104436	9.6432583176	11.9740759351
360	5	8.4630600156	9.8250546073	10.3822219823
361	6	8.4917583384	9.8384017357	13.5007588031
362	4	7.4928642611	11.3303751345	11.9422821640
363	5	11.1187424839	11.5183464228	10.3661295293
364	6	11.1291170359	11.5045312279	13.4848160626
365	4	10.1435143408	13.0137154790	11.9375043746
366	5	13.7647057554	13.2169323137	10.3773559659
367	6	13.7620002575	13.1794103386	13.4957493823
368	4	12.7878941722	14.7052356185	11.9587493282
369	5	16.3895241052	14.9260179126	10.4035387286
370	6	16.3873386082	14.8742422655	13.5215400011
371	4	15.4171319850	16.4115787335	11.9925213708
372	5	18.9933787513	16.6425493369	10.4254629956
373	6	19.0050496763	16.5888867818	13.5433316463
374	4	18.0297360709	18.1299414940	12.0184459752
375	5	21.5870951388	18.3565753197	10.4284623771
376	6	21.6155956885	18.3111797058	13.5465862744
377	4	20.6306026161	19.8489663458	12.0209770416
378	5	24.1843428141	20.0563598076	10.4124554415
379	6	24.2189863206	20.0239363928	13.5311289008
380	4	23.2268926548	21.5548017142	11.9996318152
381	5	26.7927421598	21.7351420713	10.3911437350
382	6	26.8161337074	21.7160690889	13.5103170394
383	4	25.8243164519	23.2394422330	11.9683482792
384	5	29.4105957098	23.3957547674	10.3813762048
385	6	29.4089015307	23.3890832473	13.5006011007
386	4	28.4252052066	24.9057510445	11.9451965528
387	5	32.0297816767	25.0504022315	10.3931101990
388	6	31.9989635194	25.0554279255	13.5118406412
389	4	16.1659171376	0.8238403086	11.9422830375
390	5	19.7785340256	0.9723681826	10.4254633473
391	6	19.7262253331	0.9890932596	13.5433319716
392	4	18.7679635337	2.4941833707	11.9613232631
393	4	29.5218345378	3.1118005750	12.1150512645
394	5	3.3718274758	3.3265729188	10.5295003286
395	6	3.4137095812	3.3584615121	13.6458406119
396	4	32.1208433517	4.8384094070	12.0776385755
397	5	5.9756021698	5.0361108964	10.4661544101
398	6	6.0292532863	5.0698629717	13.5832397253
399	4	5.0088852997	6.5492586996	12.0184427015
400	5	8.6036712451	6.7307544679	10.4035355134
401	6	8.6496022198	6.7547486342	13.5215368303
402	4	7.6383995063	8.2417657210	11.9613207660
403	5	11.2480179400	8.4150254322	10.3620911309
404	6	11.2736700583	8.4219191266	13.4806489673
405	4	10.2802783606	9.9227194383	11.9258814175
406	5	13.8935461632	10.0994327504	10.3500821694
407	6	13.8978794728	10.0878878057	13.4687447978
408	4	12.9242365031	11.6045505917	11.9197867589
409	5	16.5259728466	11.7938110085	10.3620928586
410	6	16.5191170499	11.7681471573	13.4806506783
411	4	15.5595328300	13.2981943536	11.9371344082
412	5	19.1395722432	13.5006415431	10.3822238467
413	6	19.1367829893	13.4691131617	13.5007606493
414	4	18.1807342475	15.0064620355	11.9613235422
415	5	21.7403088549	15.2134225568	10.3931097286
416	6	21.7513661371	15.1842213911	13.5118402039
417	4	20.7894281161	16.7218681868	11.9740779585
418	5	24.3414936778	16.9199381591	10.3878772869
419	6	24.3627628085	16.8974060141	13.5069986724
420	4	23.3918423492	18.4304225264	11.9676879643
421	5	26.9537921181	18.6100069146	10.3749903629
422	6	26.9707288999	18.5940674125	13.4945152798
423	4	25.9942707301	20.1207510868	11.9501556398
424	5	29.5783062539	20.2820375134	10.3707857639
425	6	29.5755183030	20.2709139342	13.4903831495
426	4	28.5996991263	21.7916062400	11.9379576448
427	5	32.2070760198	21.9444524952	10.3878785779
428	6	32.1769271537	21.9372993932	13.5069999232
429	4	31.2067996184	23.4526945854	11.9446393008
430	5	34.8284386660	23.6115130338	10.4284640132
431	6	34.7748740462	23.6095296211	13.5465878611
432	4	33.8115739664	25.1196670648	11.9740788098
433	5	37.4333547151	25.2952546214	10.4823974598
434	6	37.3716969099	25.3019725383	13.5993994241
435	4	21.5484746304	1.0632122416	12.0184464112
436	5	25.1579305042	1.2568230672	10.5295033938
437	6	25.1093746375	1.2771501049	13.6458436487
438	4	5.1916894218	3.4484059349	12.0596483373
439	5	8.7690562601	3.6364744923	10.4306415079
440	6	8.8228997663	3.6549155979	13.5483274898
441	4	7.8033330217	5.1458575875	11.9925175263
442	5	11.3961917645	5.3121365387	10.3773534831
443	6	11.4300378196	5.3285541506	13.4957469314
444	4	10.4284029840	6.8258716762	11.9371317884
445	5	14.0316052167	6.9824652364	10.3500815258
446	6	14.0394350237	6.9919902560	13.4687441591
447	4	13.0612636189	8.4997598791	11.9085963280
448	5	16.6619478550	8.6605122439	10.3500823418
449	6	16.6497829364	8.6625306855	13.4687449715
450	4	15.6927322012	10.1811259710	11.9085972333
451	5	19.2781647218	10.3541069429	10.3661300312
452	6	19.2610138936	10.3520285547	13.4848165716
453	4	18.3155438963	11.8780510093	11.9258828732
454	5	21.8814189639	12.0615100660	10.3806343618
455	6	21.8741336566	12.0602087380	13.4995191823
456	4	20.9283163605	13.5881950657	11.9422832986
457	5	24.4828688539	13.7724645066	10.3813758825
458	6	24.4894940521	13.7743339852	13.5006008029
459	4	23.5354556326	15.2995531281	11.9446385718
460	5	27.0955729253	15.4745641083	10.3707850784
461	6	27.1065998132	15.4777120320	13.4903824840
462	4	26.1435333639	16.9982354904	11.9345015549
463	5	29.7247383845	17.1615974664	10.3634702423
464	6	29.7247377637	17.1615971655	13.4832549306
465	4	28.7566201622	18.6781631669	11.9259623669
466	5	32.3645706707	18.8371017524	10.3749915106
467	6	32.3422971114	18.8304032449	13.4945164006
468	4	31.3738638702	20.3446917144	11.9345026503
469	5	35.0018727375	20.5123384523	10.4124577135
470	6	34.9564703906	20.4985480777	13.5311311174
471	4	33.9900190469	22.0116326370	11.9676897826
472	5	37.6232047392	22.1994185765	10.4703168908
473	6	37.5658200243	22.1824925969	13.5877431796
474	4	36.5991330949	23.6936651471	12.0209790282
475	5	40.2220096031	23.9040598847	10.5304784386
476	6	40.1723400693	23.8919545023	13.6469089928
477	4	39.1988785985	25.3982824089	12.0776422380
478	4	26.9295338212	1.3798193119	12.1147213641
479	4	10.5956880083	3.7220412118	11.9587461647
480	5	14.1901915092	3.8699571205	10.3661287668
481	6	14.1969664120	3.8858495752	13.4848153016
482	4	13.2127889766	5.3904592661	11.9197853827
483	5	16.8131080419	5.5335740087	10.3620921554
484	6	16.7943102195	5.5523428985	13.4806499739
485	4	15.8331027503	7.0615241381	11.9085967501
486	5	19.4262007596	7.2133418883	10.3773554508
487	6	19.3950590830	7.2344452407	13.4957488836
488	4	18.4500728170	8.7474003646	11.9197868306
489	5	22.0270379371	8.9123600502	10.3958885003
490	6	22.0013597052	8.9374278630	13.5143550759
491	4	21.0608066550	10.4509946510	11.9375042820
492	5	24.6236330393	10.6238936288	10.4017931532
493	6	24.6145840590	10.6532853673	13.5205677780
494	4	23.6678689093	12.1640938474	11.9451968878
495	5	27.2299290489	12.3356435280	10.3911434351
496	6	27.2347513678	12.3654381431	13.5103167509
497	4	26.2775509006	13.8722818804	11.9379571778
498	5	29.8558518599	14.0376840059	10.3749900502
499	6	29.8611870972	14.0603212722	13.4945149721
500	4	28.8954119490	15.5649001735	11.9259620158
501	5	32.5003356115	15.7281909649	10.3707857062
502	6	32.4920950564	15.7361658243	13.4903830977
503	4	31.5221816314	17.2417283910	11.9259627466
504	5	35.1515426971	17.4140074670	10.3911454478
505	6	35.1233277738	17.4032853190	13.5103187204
506	4	34.1526735890	18.9126989567	11.9501574284
507	4	36.7782859348	20.5922938001	11.9996346847
508	4	39.3922586046	22.2912878569	12.0621125889
509	4	15.9912758913	3.9416398742	11.9258819752
510	5	19.5939020582	4.0856388379	10.4035381406
511	6	19.5501560726	4.1134197407	13.5215394138
512	4	18.5991620533	5.6183446135	11.9371337675
513	5	22.1909337476	5.7760078734	10.4306441709
514	6	22.1480418863	5.8134179303	13.5483301260
515	4	21.2035151811	7.3151342697	11.9587484063
516	5	24.7801845599	7.4849544302	10.4453319531
517	6	24.7549933999	7.5316011172	13.5631215451
518	4	23.8057292448	9.0282163833	11.9727756121
519	5	27.3746383134	9.2021411064	10.4374029157
520	6	27.3719272310	9.2534426564	13.5555681496
521	4	26.4113793727	10.7448128420	11.9683484088
522	5	29.9879975681	10.9160952341	10.4124546908
523	6	29.9987558493	10.9623088127	13.5311281604
524	4	29.0272688231	12.4513424881	11.9501551594
525	5	32.6256443215	12.6204023407	10.3878767614
526	6	32.6345229418	12.6500870262	13.5069981515
527	4	31.6568162900	14.1418648514	11.9345014888
528	4	34.2969634138	15.8209041209	11.9379582784
529	5	22.3755403328	2.6569875343	10.4661578769
530	6	22.3194848600	2.6865752802	13.5832431415
531	4	21.3666315698	4.1849755961	11.9925206070
532	5	24.9600553805	4.3625720097	10.4955102484
533	6	24.9205281672	4.4062791406	13.6123036899
534	4	23.9628130977	5.8964858628	12.0176574997
535	5	27.5426439349	6.0813760336	10.4974299920
536	6	27.5313655902	6.1367870130	13.6143888737
537	4	26.5612315020	7.6187948188	12.0207486290
538	5	30.1383841622	7.8024149058	10.4703130121
539	6	30.1524185850	7.8605743154	13.5877393742
540	4	29.1690333885	9.3376985001	11.9996311815
541	4	31.7923513070	11.0427379768	11.9676869180
542	4	24.1424896434	2.7719531243	12.0596514813
543	5	27.7346480458	2.9755763697	10.5487559351
544	6	27.7158419109	3.0122666679	13.6649876572
545	4	26.7352569980	4.4967392821	12.0774719559
546	4	29.3334175555	6.2244350699	12.0621089277
