natom :
366

Moire lattice vectors (in Angstrom)
a1 :
24.336919 0.000000 0.000000
a3 :
0.000000 0.000000 100.000000
a2 :
12.168460 21.076389 0.000000

type    Mass
1	95.940000
2	32.066000
3	32.066000
4	95.940000
5	32.066000
6	32.066000

Atomic positions (in Angstrom)
id    type    x    y    z
1	2	22.545614	0.106056	4.166354
2	3	22.533757	0.109245	7.285886
3	2	0.987398	1.498035	4.166355
4	3	0.996087	1.506707	7.285886
5	2	31.723643	16.717330	4.151275
6	3	31.734099	16.707472	7.270569
7	2	34.524711	18.093999	4.157292
8	3	34.525606	18.075716	7.276561
9	1	33.710106	19.689599	5.722637
10	2	12.971995	19.472008	4.166355
11	3	12.975161	19.460145	7.285886
12	1	36.505254	21.076292	5.730368
13	2	15.741349	20.852239	4.157293
14	3	15.756736	20.862154	7.276562
15	1	2.786283	1.396054	5.716449
16	2	6.343143	1.154505	4.121562
17	3	6.367915	1.188734	7.239544
18	2	9.130866	2.527708	4.072089
19	3	9.150145	2.573652	7.188422
20	2	28.722104	12.246466	4.145790
21	3	28.763425	12.232630	7.264864
22	2	31.525140	13.631898	4.124144
23	3	31.561109	13.606526	7.242393
24	1	30.727797	15.222017	5.707118
25	2	9.996616	15.005562	4.121560
26	3	10.013874	14.966994	7.239542
27	1	33.527159	16.591941	5.704637
28	2	12.793094	16.374280	4.138263
29	3	12.795011	16.335046	7.256706
30	1	11.984234	17.965118	5.716447
31	2	15.569386	17.743616	4.154870
32	3	15.568250	17.724198	7.274098
33	1	14.766822	19.348969	5.722637
34	2	18.334114	19.114778	4.151276
35	3	18.337424	19.128761	7.270570
36	1	17.540946	20.739362	5.704638
37	2	21.105428	20.485585	4.124145
38	3	21.109417	20.529420	7.242394
39	1	8.148288	1.048901	5.663175
40	2	11.728843	0.778437	4.089722
41	3	11.721399	0.833922	7.206608
42	1	10.935522	2.423016	5.618960
43	2	14.541136	2.148838	4.072524
44	3	14.512185	2.194626	7.188750
45	2	25.730305	7.732051	4.153117
46	3	25.754566	7.727143	7.272448
47	2	28.514333	9.138277	4.125803
48	3	28.565021	9.129763	7.243941
49	1	27.742872	10.742262	5.707619
50	2	6.978081	10.529442	4.089722
51	3	7.029854	10.508147	7.206608
52	1	30.539354	12.127107	5.678856
53	2	9.791982	11.904721	4.072087
54	3	9.822132	11.865053	7.188420
55	1	9.002587	13.495062	5.663173
56	2	12.603396	13.270468	4.086398
57	3	12.605731	13.218646	7.203035
58	1	11.799926	14.857801	5.673489
59	2	15.396161	14.634858	4.121859
60	3	15.381404	14.589375	7.239739
61	1	14.586160	16.228216	5.698959
62	2	18.167818	16.003403	4.153116
63	3	18.151436	15.984845	7.272447
64	1	17.359307	17.611061	5.715452
65	2	20.931874	17.376437	4.160971
66	3	20.921525	17.393238	7.280759
67	1	20.127016	19.000005	5.707118
68	2	23.706765	18.750800	4.145790
69	3	23.698087	18.793503	7.264865
70	1	22.901508	20.384265	5.678856
71	2	26.502421	20.124960	4.125803
72	3	26.484450	20.173115	7.243941
73	1	13.522535	0.682317	5.652301
74	2	17.144434	0.425243	4.121860
75	3	17.112425	0.460764	7.239740
76	1	16.326115	2.051766	5.649378
77	2	19.952352	1.809852	4.138263
78	3	19.917416	1.827810	7.256706
79	2	25.522453	4.611636	4.154871
80	3	25.539835	4.620361	7.274099
81	2	3.964410	6.015999	4.121862
82	3	4.011176	6.025960	7.239741
83	1	27.538019	7.634051	5.693814
84	2	6.758736	7.408724	4.072525
85	3	6.812865	7.410904	7.188751
86	1	5.997992	9.024119	5.652302
87	2	9.572081	8.786386	4.035667
88	3	9.607205	8.770276	7.151015
89	1	8.798988	10.394190	5.618959
90	2	12.393728	10.153555	4.035123
91	3	12.395658	10.116561	7.150444
92	1	11.601161	11.752479	5.617358
93	2	15.205132	11.518538	4.072522
94	3	15.179955	11.470571	7.188748
95	1	14.396709	13.112911	5.649377
96	2	17.993631	12.889252	4.125801
97	3	17.960913	12.849610	7.243939
98	1	17.179090	14.486877	5.693812
99	2	20.763144	14.268775	4.165872
100	3	20.740672	14.254102	7.285785
101	1	19.950006	15.875439	5.723283
102	2	23.530626	15.653279	4.177082
103	3	23.523127	15.665755	7.297508
104	1	22.719584	17.268562	5.724834
105	2	26.312368	17.036730	4.165873
106	3	26.310896	17.063526	7.285787
107	1	25.499059	18.654863	5.707619
108	2	29.112262	18.417033	4.153117
109	3	29.104382	18.440500	7.272448
110	1	28.293275	20.031560	5.693813
111	2	31.918546	19.797236	4.154870
112	3	31.902299	19.807928	7.274098
113	1	18.929324	0.330045	5.698959
114	1	21.734488	1.714927	5.716448
115	1	24.533457	3.113919	5.722637
116	2	3.759559	2.891966	4.138265
117	3	3.792578	2.913243	7.256708
118	1	2.989521	4.517839	5.698961
119	2	6.542388	4.279590	4.086400
120	3	6.586100	4.307523	7.203038
121	1	5.782180	5.911423	5.649380
122	2	9.346546	5.656469	4.035125
123	3	9.377621	5.676637	7.150446
124	1	8.580213	7.286136	5.598984
125	2	12.168334	7.025367	4.013534
126	3	12.168335	7.025368	7.128474
127	1	11.384089	8.645816	5.577411
128	2	14.991549	8.393279	4.035665
129	3	14.960036	8.370917	7.151013
130	1	14.188228	10.002387	5.598981
131	2	17.798080	9.768220	4.089719
132	3	17.753751	9.734031	7.206605
133	1	16.984477	11.369663	5.652299
134	2	20.581516	11.155222	4.145788
135	3	20.548872	11.126354	7.264862
136	1	19.768453	12.755363	5.707617
137	2	23.352118	12.551441	4.177081
138	3	23.345061	12.538709	7.297507
139	1	22.544406	14.154046	5.738232
140	2	26.127642	13.947767	4.177082
141	3	26.142196	13.948023	7.297508
142	1	25.322378	15.551475	5.738233
143	2	28.919316	15.336774	4.160971
144	3	28.939042	15.337336	7.280759
145	1	28.110348	16.937596	5.723284
146	1	30.908790	18.313396	5.715452
147	1	5.569452	2.790098	5.673491
148	1	8.358123	4.170623	5.617361
149	2	11.941374	3.896436	4.035667
150	3	11.937765	3.934909	7.151015
151	1	11.157107	5.535966	5.577412
152	2	14.764728	5.266075	4.035124
153	3	14.731726	5.282903	7.150444
154	1	13.963807	6.894319	5.577411
155	2	17.582156	6.643671	4.072086
156	3	17.532728	6.637395	7.188418
157	1	16.770494	8.258895	5.618957
158	2	20.379816	8.035005	4.124142
159	3	20.339858	8.016542	7.242392
160	1	19.569522	9.641117	5.678854
161	2	23.159195	9.439276	4.160970
162	3	23.149818	9.421913	7.280758
163	1	22.358762	11.041416	5.724833
164	2	25.934874	10.846982	4.165873
165	3	25.958816	10.834858	7.285786
166	1	25.143600	12.446966	5.738233
167	1	27.932039	13.842509	5.724834
168	1	13.736563	3.787578	5.598983
169	2	17.359220	3.526042	4.086398
170	3	17.313174	3.549932	7.203036
171	1	16.545721	5.152998	5.617358
172	2	20.165247	4.916032	4.121560
173	3	20.123216	4.920371	7.239542
174	1	19.354129	6.532137	5.663172
175	2	22.952628	6.320380	4.151274
176	3	22.938861	6.316255	7.270569
177	1	22.155572	7.930465	5.707117
178	1	24.950031	9.339453	5.723284
179	1	19.135626	3.428201	5.673489
180	2	22.744324	3.206250	4.157292
181	3	22.728043	3.214617	7.276561
182	1	21.942279	4.821185	5.704636
183	1	24.742287	6.228031	5.715452
184	5	23.340590	1.506699	10.393164
185	6	23.349280	1.498026	13.512695
186	5	30.522161	15.984836	10.406603
187	6	30.505779	16.003393	13.525933
188	5	33.105347	17.724189	10.404952
189	6	33.104211	17.743605	13.524180
190	4	33.906775	19.348960	11.956413
191	5	11.361517	19.460136	10.393164
192	6	11.364683	19.471998	13.512696
193	4	36.505261	21.076283	11.948682
194	5	1.802918	0.109236	10.393164
195	6	1.791063	0.106048	13.512695
196	4	2.602188	1.714918	11.962601
197	5	4.419260	1.827800	10.422342
198	6	4.384324	1.809844	13.540785
199	5	28.124724	11.126346	10.414186
200	6	28.092081	11.155213	13.533260
201	4	28.905144	12.755354	11.971431
202	5	30.712684	12.849601	10.435109
203	6	30.679966	12.889242	13.553247
204	4	31.494507	14.486867	11.985237
205	5	8.955274	14.589365	10.439310
206	6	8.940517	14.634847	13.557190
207	4	9.750517	16.228205	11.980091
208	5	11.541666	16.335035	10.422344
209	6	11.543583	16.374270	13.540787
210	4	12.352443	17.965108	11.962603
211	5	14.147990	18.075706	10.402489
212	6	14.148885	18.093990	13.521758
213	4	14.963490	19.689590	11.956413
214	5	16.771297	19.807918	10.404951
215	6	16.755050	19.797227	13.524179
216	4	5.407352	0.330035	11.980089
217	5	7.224251	0.460754	10.439308
218	6	7.192241	0.425233	13.557188
219	4	8.010561	2.051756	12.029670
220	5	9.824492	2.194615	10.490299
221	6	9.795539	2.148828	13.606525
222	5	25.734734	6.316247	10.408480
223	6	25.720969	6.320372	13.527775
224	4	26.518025	7.930457	11.971932
225	5	28.333737	8.016533	10.436656
226	6	28.293780	8.034996	13.554906
227	4	29.104075	9.641107	12.000194
228	5	6.582926	9.734021	10.472442
229	6	6.538597	9.768210	13.589328
230	4	7.352200	11.369653	12.026749
231	5	9.156723	11.470561	10.490300
232	6	9.131545	11.518527	13.606526
233	4	9.939968	13.112900	12.029672
234	5	11.730947	13.218635	10.476015
235	6	11.733281	13.270457	13.592652
236	4	12.536751	14.857790	12.005562
237	5	14.322803	14.966983	10.439508
238	6	14.340061	15.005552	13.557490
239	4	15.146437	16.591931	11.974414
240	5	16.939496	16.707462	10.408481
241	6	16.949953	16.717321	13.527776
242	4	17.764806	18.313386	11.963598
243	5	19.569214	18.440489	10.406602
244	6	19.561334	18.417025	13.525933
245	4	20.380321	20.031550	11.985236
246	5	22.189146	20.173105	10.435108
247	6	22.171175	20.124950	13.553246
248	4	10.814141	0.682307	12.026748
249	5	12.615278	0.833912	10.472442
250	6	12.607833	0.778427	13.589328
251	4	13.401155	2.423005	12.060091
252	5	15.186532	2.573642	10.490630
253	6	15.205810	2.527697	13.606963
254	4	24.140139	3.113911	11.956413
255	5	25.945552	3.214609	10.402488
256	6	25.929272	3.206241	13.521757
257	4	26.731317	4.821176	11.974412
258	5	4.213460	4.920362	10.439506
259	6	4.171430	4.916023	13.557488
260	4	4.982547	6.532127	12.015875
261	5	6.803949	6.637385	10.490629
262	6	6.754521	6.643661	13.606962
263	4	7.566183	8.258885	12.060091
264	5	9.376642	8.370906	10.528035
265	6	9.345128	8.393268	13.643383
266	4	10.148449	10.002376	12.080067
267	5	11.941020	10.116550	10.528606
268	6	11.942948	10.153544	13.643927
269	4	12.735517	11.752468	12.061692
270	5	14.514546	11.865042	10.490632
271	6	14.544695	11.904711	13.606964
272	4	15.334090	13.495052	12.015878
273	5	17.112487	13.606516	10.436658
274	6	17.148455	13.631889	13.554908
275	4	17.945799	15.222008	11.971933
276	5	19.734554	15.337326	10.398292
277	6	19.754279	15.336766	13.518080
278	4	20.563248	16.937586	11.955766
279	5	22.362699	17.063517	10.393263
280	6	22.361228	17.036721	13.513177
281	4	23.174537	18.654853	11.971431
282	5	24.975510	18.793494	10.414185
283	6	24.966831	18.750790	13.533260
284	4	25.772089	20.384255	12.000194
285	5	27.564181	20.529411	10.436656
286	6	27.568169	20.485575	13.554906
287	4	16.188389	1.048891	12.015876
288	5	17.968763	1.188725	10.439507
289	6	17.993535	1.154495	13.557489
290	4	5.201050	3.428192	12.005559
291	5	7.023503	3.549922	10.476012
292	6	6.977456	3.526032	13.592650
293	4	7.790956	5.152988	12.061689
294	5	9.604951	5.282892	10.528604
295	6	9.571948	5.266065	13.643925
296	4	10.372870	6.894308	12.101638
297	5	12.168343	7.025356	10.550576
298	6	12.168342	7.025356	13.665516
299	4	12.952588	8.645805	12.101639
300	5	14.729473	8.770265	10.528037
301	6	14.764596	8.786375	13.643385
302	4	15.537689	10.394179	12.060093
303	5	17.306823	10.508136	10.472445
304	6	17.358596	10.529432	13.589331
305	4	18.134242	12.127097	12.000196
306	5	19.910170	12.232620	10.414188
307	6	19.951492	12.246457	13.533262
308	4	20.741557	13.842500	11.954217
309	5	22.531400	13.948014	10.381542
310	6	22.545954	13.947759	13.501969
311	4	23.351218	15.551466	11.940817
312	5	25.150469	15.665746	10.381542
313	6	25.142971	15.653270	13.501968
314	4	25.954013	17.268553	11.954215
315	5	27.752072	17.393229	10.398291
316	6	27.741723	17.376427	13.518079
317	4	28.546581	18.999996	11.971932
318	5	30.336174	19.128751	10.408481
319	6	30.339483	19.114767	13.527775
320	4	31.132651	20.739352	11.974413
321	5	32.916862	20.862145	10.402488
322	6	32.932248	20.852229	13.521758
323	4	21.550394	1.396045	11.962602
324	4	10.600114	3.787568	12.080066
325	5	12.398913	3.934898	10.528035
326	6	12.395302	3.896425	13.643383
327	4	13.179570	5.535955	12.101639
328	5	14.959057	5.676627	10.528606
329	6	14.990130	5.656459	13.643926
330	4	15.756464	7.286125	12.080068
331	5	17.523813	7.410894	10.490302
332	6	17.577941	7.408714	13.606528
333	4	18.338685	9.024109	12.026751
334	5	20.108574	9.129754	10.435111
335	6	20.159264	9.138268	13.553249
336	4	20.930724	10.742253	11.971433
337	5	22.714780	10.834850	10.393265
338	6	22.738723	10.846974	13.513178
339	4	23.529996	12.446958	11.940818
340	5	25.328534	12.538700	10.381542
341	6	25.321480	12.551432	13.501969
342	4	26.129190	14.154038	11.940817
343	5	27.932924	14.254093	10.393263
344	6	27.910454	14.268766	13.513177
345	4	28.723591	15.875429	11.955766
346	4	31.314290	17.611051	11.963598
347	4	15.978554	4.170613	12.061691
348	5	17.750578	4.307513	10.476014
349	6	17.794289	4.279580	13.592652
350	4	18.554497	5.911413	12.029673
351	5	20.325501	6.025951	10.439311
352	6	20.372268	6.015990	13.557191
353	4	21.135578	7.634042	11.985238
354	5	22.919029	7.727135	10.406603
355	6	22.943292	7.732043	13.525934
356	4	23.723565	9.339445	11.955767
357	5	25.523777	9.421905	10.398291
358	6	25.514402	9.439268	13.518079
359	4	26.314834	11.041408	11.954216
360	4	18.767225	2.790088	12.005561
361	5	20.544099	2.913235	10.422344
362	6	20.577119	2.891957	13.540787
363	4	21.347156	4.517830	11.980091
364	5	23.133760	4.620353	10.404952
365	6	23.151144	4.611628	13.524180
366	4	23.931309	6.228023	11.963598
