C -0.0765027955 1.0054644710 0.0000000000
C 0.0054644365 1.0710382391 0.0000000000
C -0.0928961996 0.7923497172 0.0000000000
C -0.0109290216 0.8579234892 0.0000000000
C -0.0819672815 0.9344262210 0.0000000000
C 0.0710382103 0.9234972573 0.0000000000
C -0.0000000496 0.9999999891 0.0000000000
C 0.1530053884 0.9890710293 0.0000000000
C 0.0819671285 1.0655737611 0.0000000000
C 0.2349726203 1.0546447974 0.0000000000
C 0.3169397983 1.1202185693 0.0000000000
C -0.1092896576 0.5792349673 0.0000000000
C -0.0273224257 0.6448087354 0.0000000000
C -0.0983606856 0.7213114672 0.0000000000
C 0.0546447523 0.7103825074 0.0000000000
C -0.0163935076 0.7868852392 0.0000000000
C 0.1366119842 0.7759562755 0.0000000000
C 0.0655737243 0.8524590073 0.0000000000
C 0.2185791623 0.8415300475 0.0000000000
C 0.1475409024 0.9180327793 0.0000000000
C 0.3005463942 0.9071038156 0.0000000000
C 0.2295081343 0.9836065474 0.0000000000
C 0.3825135722 0.9726775876 0.0000000000
C 0.3114753123 1.0491803194 0.0000000000
C 0.4644808041 1.0382513557 0.0000000000
C 0.3934425442 1.1147540875 0.0000000000
C 0.5464479822 1.1038251276 0.0000000000
C -0.1256830618 0.3661202135 0.0000000000
C -0.0437158837 0.4316939855 0.0000000000
C -0.1147541436 0.5081967173 0.0000000000
C 0.0382513482 0.4972677536 0.0000000000
C -0.0327869117 0.5737704855 0.0000000000
C 0.1202185262 0.5628415256 0.0000000000
C 0.0491802663 0.6393442574 0.0000000000
C 0.2021857581 0.6284152937 0.0000000000
C 0.1311474982 0.7049180255 0.0000000000
C 0.2841529362 0.6939890657 0.0000000000
C 0.2131146763 0.7704917975 0.0000000000
C 0.3661201681 0.7595628338 0.0000000000
C 0.2950819082 0.8360655656 0.0000000000
C 0.4480873461 0.8251366058 0.0000000000
C 0.3770490862 0.9016393376 0.0000000000
C 0.5300545780 0.8907103739 0.0000000000
C 0.4590163181 0.9672131057 0.0000000000
C 0.6120217561 0.9562841459 0.0000000000
C 0.5409834962 1.0327868777 0.0000000000
C 0.6939889880 1.0218579140 0.0000000000
C 0.6229507281 1.0983606458 0.0000000000
C 0.7759561660 1.0874316859 0.0000000000
C -0.0601092879 0.2185792318 0.0000000000
C 0.0218578902 0.2841530037 0.0000000000
C -0.0491803697 0.3606557355 0.0000000000
C 0.1038251221 0.3497267718 0.0000000000
C 0.0327868622 0.4262295037 0.0000000000
C 0.1857923001 0.4153005438 0.0000000000
C 0.1147540402 0.4918032756 0.0000000000
C 0.2677595320 0.4808743119 0.0000000000
C 0.1967212721 0.5573770437 0.0000000000
C 0.3497267101 0.5464480839 0.0000000000
C 0.2786884502 0.6229508157 0.0000000000
C 0.4316939420 0.6120218520 0.0000000000
C 0.3606556821 0.6885245838 0.0000000000
C 0.5136611200 0.6775956240 0.0000000000
C 0.4426228601 0.7540983558 0.0000000000
C 0.5956283519 0.7431693921 0.0000000000
C 0.5245900920 0.8196721239 0.0000000000
C 0.6775955299 0.8087431641 0.0000000000
C 0.6065572701 0.8852458959 0.0000000000
C 0.7595627619 0.8743169322 0.0000000000
C 0.6885245020 0.9508196640 0.0000000000
C 0.8415299399 0.9398907042 0.0000000000
C 0.7704916800 1.0163934360 0.0000000000
C 0.8524589119 1.0819672041 0.0000000000
C -0.0655737739 0.1475409818 0.0000000000
C 0.0874316640 0.1366120219 0.0000000000
C 0.0163934042 0.2131147538 0.0000000000
C 0.1693988960 0.2021857901 0.0000000000
C 0.0983606361 0.2786885219 0.0000000000
C 0.2513660740 0.2677595620 0.0000000000
C 0.1803278141 0.3442622938 0.0000000000
C 0.3333333059 0.3333333301 0.0000000000
C 0.2622950460 0.4098360620 0.0000000000
C 0.4153004839 0.3989071021 0.0000000000
C 0.3442622240 0.4754098339 0.0000000000
C 0.4972677158 0.4644808702 0.0000000000
C 0.4262294560 0.5409836020 0.0000000000
C 0.5792348939 0.5300546422 0.0000000000
C 0.5081966340 0.6065573740 0.0000000000
C 0.6612021258 0.5956284103 0.0000000000
C 0.5901638659 0.6721311421 0.0000000000
C 0.7431693038 0.6612021823 0.0000000000
C 0.6721310439 0.7377049141 0.0000000000
C 0.8251365357 0.7267759504 0.0000000000
C 0.7540982759 0.8032786822 0.0000000000
C 0.8360654539 0.8688524542 0.0000000000
C 0.1639344099 0.1311475401 0.0000000000
C 0.2459015880 0.1967213121 0.0000000000
C 0.3989070798 0.1857923484 0.0000000000
C 0.3278688199 0.2622950802 0.0000000000
C 0.4808742578 0.2513661203 0.0000000000
C 0.4098359979 0.3278688521 0.0000000000
C 0.5628414897 0.3169398884 0.0000000000
C 0.4918032298 0.3934426203 0.0000000000
C 0.6448086678 0.3825136604 0.0000000000
C 0.5737704079 0.4590163922 0.0000000000
C 0.7267758997 0.4480874285 0.0000000000
C 0.6557376398 0.5245901603 0.0000000000
C 0.8087430777 0.5136612005 0.0000000000
C 0.7377048178 0.5901639323 0.0000000000
C 0.8196720497 0.6557377004 0.0000000000
C 0.4754097718 0.1803278703 0.0000000000
C 0.6284152636 0.1693989066 0.0000000000
C 0.5573770037 0.2459016385 0.0000000000
C 0.7103824417 0.2349726786 0.0000000000
C 0.6393441818 0.3114754104 0.0000000000
C 0.7923496736 0.3005464467 0.0000000000
C 0.7213114137 0.3770491786 0.0000000000
C 0.8032785917 0.4426229505 0.0000000000
C 0.7049179557 0.1639344286 0.0000000000
C 0.8579234475 0.1530054649 0.0000000000
C 0.7868851876 0.2295081968 0.0000000000
C 0.8688523656 0.2950819687 0.0000000000
C -0.0710377691 0.9945352619 0.1341463395
C -0.0054639062 1.0765024005 0.1341463395
C -0.1202182345 0.6830599455 0.1341463395
C -0.0546444521 0.7650271479 0.1341463395
C 0.0109294107 0.8469942865 0.1341463395
C -0.0655733210 0.9180325760 0.1341463395
C 0.0765032197 0.9289614290 0.1341463395
C 0.0000005418 0.9999997146 0.1341463395
C 0.1420770826 1.0109285676 0.1341463395
C 0.0655743508 1.0819668571 0.1341463395
C 0.2076508916 1.0928957101 0.1341463395
C -0.1038249176 0.4535518315 0.1341463395
C -0.0382511086 0.5355189739 0.1341463395
C -0.1147537864 0.6065572595 0.1341463395
C 0.0273227543 0.6174861126 0.1341463395
C -0.0491799774 0.6885244020 0.1341463395
C 0.0928965367 0.6994533150 0.1341463395
C 0.0163938316 0.7704915445 0.1341463395
C 0.1584703995 0.7814204536 0.1341463395
C 0.0819676678 0.8524587431 0.1341463395
C 0.2240442085 0.8633875961 0.1341463395
C 0.1475414768 0.9344258855 0.1341463395
C 0.2896180714 0.9453547347 0.1341463395
C 0.2131153396 1.0163930242 0.1341463395
C 0.3551918804 1.0273218772 0.1341463395
C 0.2786891486 1.0983601666 0.1341463395
C 0.4207656894 1.1092890197 0.1341463395
C -0.0874316006 0.2240437175 0.1341463395
C -0.0218577916 0.3060108599 0.1341463395
C -0.0983604695 0.3770491455 0.1341463395
C 0.0437160712 0.3879779986 0.1341463395
C -0.0327866605 0.4590162880 0.1341463395
C 0.1092898802 0.4699451410 0.1341463395
C 0.0327871485 0.5409834305 0.1341463395
C 0.1748637431 0.5519122797 0.1341463395
C 0.0983610114 0.6229505691 0.1341463395
C 0.2404375254 0.6338794821 0.1341463395
C 0.1639348204 0.7049177116 0.1341463395
C 0.3060113883 0.7158466207 0.1341463395
C 0.2295086832 0.7868848502 0.1341463395
C 0.3715851973 0.7978137632 0.1341463395
C 0.2950824656 0.8688520526 0.1341463395
C 0.4371590063 0.8797809057 0.1341463395
C 0.3606563284 0.9508191913 0.1341463395
C 0.5027328692 0.9617480443 0.1341463395
C 0.4262301374 1.0327863337 0.1341463395
C 0.5683066782 1.0437151868 0.1341463395
C 0.4918040003 1.1147534724 0.1341463395
C 0.6338805144 1.1256823854 0.1341463395
C -0.0819671259 0.1475409715 0.1341463395
C 0.0601093882 0.1584698846 0.1341463395
C -0.0163933169 0.2295081140 0.1341463395
C 0.1256831972 0.2404370270 0.1341463395
C 0.0491804654 0.3114753165 0.1341463395
C 0.1912570600 0.3224041657 0.1341463395
C 0.1147543283 0.3934424551 0.1341463395
C 0.2568308690 0.4043713081 0.1341463395
C 0.1803281373 0.4754095976 0.1341463395
C 0.3224047319 0.4863384468 0.1341463395
C 0.2459020001 0.5573767362 0.1341463395
C 0.3879785409 0.5683055892 0.1341463395
C 0.3114758091 0.6393438787 0.1341463395
C 0.4535523232 0.6502727917 0.1341463395
C 0.3770496720 0.7213110173 0.1341463395
C 0.5191261861 0.7322399303 0.1341463395
C 0.4426234544 0.8032782197 0.1341463395
C 0.5846999951 0.8142070728 0.1341463395
C 0.5081972634 0.8852453622 0.1341463395
C 0.6502738580 0.8961742114 0.1341463395
C 0.5737711262 0.9672125008 0.1341463395
C 0.7158476670 0.9781413539 0.1341463395
C 0.6393449352 1.0491796433 0.1341463395
C 0.7814215032 1.0601085525 0.1341463395
C 0.1311476719 0.1639342811 0.1341463395
C 0.2732241860 0.1748631941 0.1341463395
C 0.1967214542 0.2459014836 0.1341463395
C 0.3387979950 0.2568303366 0.1341463395
C 0.2622953171 0.3278686222 0.1341463395
C 0.4043718578 0.3387974752 0.1341463395
C 0.3278691261 0.4098357647 0.1341463395
C 0.4699456668 0.4207646177 0.1341463395
C 0.3934429889 0.4918029033 0.1341463395
C 0.5355195297 0.5027317563 0.1341463395
C 0.4590167979 0.5737700458 0.1341463395
C 0.6010933120 0.5846989588 0.1341463395
C 0.5245906069 0.6557371882 0.1341463395
C 0.6666671749 0.6666660974 0.1341463395
C 0.5901644431 0.7377043868 0.1341463395
C 0.7322409839 0.7486332399 0.1341463395
C 0.6557382521 0.8196715293 0.1341463395
C 0.7978148468 0.8306003785 0.1341463395
C 0.7213121150 0.9016386679 0.1341463395
C 0.8633886558 0.9125675210 0.1341463395
C 0.7868859240 0.9836058104 0.1341463395
C 0.8524597869 1.0655729490 0.1341463395
C 0.3442624697 0.1803275907 0.1341463395
C 0.4863389837 0.1912565037 0.1341463395
C 0.4098363059 0.2622947893 0.1341463395
C 0.5519128466 0.2732236423 0.1341463395
C 0.4754101149 0.3442619318 0.1341463395
C 0.6174866556 0.3551907848 0.1341463395
C 0.5409839239 0.4262290742 0.1341463395
C 0.6830605185 0.4371579234 0.1341463395
C 0.6065577867 0.5081962129 0.1341463395
C 0.7486343008 0.5191251259 0.1341463395
C 0.6721315957 0.5901633553 0.1341463395
C 0.8142081098 0.6010922684 0.1341463395
C 0.7377054586 0.6721304940 0.1341463395
C 0.8032792409 0.7540976964 0.1341463395
C 0.8688531038 0.8360648350 0.1341463395
C 0.5573772408 0.1967209602 0.1341463395
C 0.6994538354 0.2076498094 0.1341463395
C 0.6229511037 0.2786880989 0.1341463395
C 0.7650276444 0.2896169519 0.1341463395
C 0.6885249127 0.3606552413 0.1341463395
C 0.8306014534 0.3715840944 0.1341463395
C 0.7540987755 0.4426223800 0.1341463395
C 0.8196725845 0.5245895224 0.1341463395
C 0.7049182296 0.1311471273 0.1341463395
C 0.8469947703 0.1420759804 0.1341463395
C 0.7704920924 0.2131142660 0.1341463395
C 0.8360659014 0.2950814084 0.1341463395
