C -0.1403509555 1.0175438550 0.0000000000
C 0.0175438250 1.1228070057 0.0000000000
C 0.1754385066 1.2280701686 0.0000000000
C -0.1929824679 0.6491227995 0.0000000000
C -0.0350877863 0.7543859625 0.0000000000
C -0.1578948259 0.8947368406 0.0000000000
C 0.1228069941 0.8596491131 0.0000000000
C -0.0000000455 0.9999999913 0.0000000000
C 0.2807016758 0.9649122761 0.0000000000
C 0.1578946362 1.1052631543 0.0000000000
C 0.4385964562 1.0701754267 0.0000000000
C 0.3157894166 1.2105263049 0.0000000000
C 0.5964911378 1.1754385897 0.0000000000
C -0.0877192987 0.3859649069 0.0000000000
C -0.2105263383 0.5263157851 0.0000000000
C 0.0701753829 0.4912280699 0.0000000000
C -0.0526316567 0.6315789481 0.0000000000
C 0.2280701633 0.5964912206 0.0000000000
C 0.1052631237 0.7368420987 0.0000000000
C 0.3859648449 0.7017543836 0.0000000000
C 0.2631578053 0.8421052617 0.0000000000
C 0.5438596254 0.8070175342 0.0000000000
C 0.4210525858 0.9473684124 0.0000000000
C 0.7017543070 0.9122806972 0.0000000000
C 0.5789472674 1.0526315753 0.0000000000
C 0.7368420478 1.1578947260 0.0000000000
C -0.1052631692 0.2631578925 0.0000000000
C 0.0526315124 0.3684210555 0.0000000000
C 0.3333333325 0.3333333280 0.0000000000
C 0.2105262929 0.4736842062 0.0000000000
C 0.4912280141 0.4385964910 0.0000000000
C 0.3684209745 0.5789473692 0.0000000000
C 0.6491227945 0.5438596417 0.0000000000
C 0.5263157549 0.6842105198 0.0000000000
C 0.6842104366 0.7894736828 0.0000000000
C 0.4736841437 0.3157894766 0.0000000000
C 0.7543859637 0.2807017491 0.0000000000
C 0.6315789241 0.4210526273 0.0000000000
C -0.2280702324 0.8245614098 0.1341463395
C -0.1228070869 0.9824561565 0.1341463395
C -0.0175439414 1.1403509031 0.1341463395
C -0.1754385875 0.4035087813 0.1341463395
C -0.0701754420 0.5614035280 0.1341463395
C -0.2105263365 0.6842104980 0.1341463395
C 0.0350877035 0.7192982746 0.1341463395
C -0.1052631910 0.8421052446 0.1341463395
C 0.1403508491 0.8771930212 0.1341463395
C -0.0000000455 0.9999999913 0.1341463395
C 0.2456140374 1.0350876608 0.1341463395
C 0.1052631001 1.1578947379 0.1341463395
C 0.3508771829 1.1929824075 0.1341463395
C -0.1578946916 0.2631578695 0.1341463395
C 0.0877192496 0.2982456584 0.1341463395
C -0.0526316449 0.4210526285 0.1341463395
C 0.1929824379 0.4561402981 0.1341463395
C 0.0526315006 0.5789473751 0.1341463395
C 0.2982455835 0.6140350447 0.1341463395
C 0.1578946462 0.7368421217 0.1341463395
C 0.4035087290 0.7719297913 0.1341463395
C 0.2631577917 0.8947368683 0.1341463395
C 0.5087718745 0.9298245379 0.1341463395
C 0.3684209372 1.0526316150 0.1341463395
C 0.6140350201 1.0877192846 0.1341463395
C 0.4736840827 1.2105263616 0.1341463395
C 0.2105262911 0.3157894932 0.1341463395
C 0.4561403739 0.3508771628 0.1341463395
C 0.3157894366 0.4736842399 0.1341463395
C 0.5614035194 0.5087719094 0.1341463395
C 0.4210525821 0.6315789865 0.1341463395
C 0.6666666650 0.6666666561 0.1341463395
C 0.5263157704 0.7894736261 0.1341463395
C 0.6315789160 0.9473683727 0.1341463395
C 0.7368420615 1.1052631194 0.1341463395
C 0.7192982110 0.2456140399 0.1341463395
C 0.5789473165 0.3684210100 0.1341463395
C 0.6842104620 0.5263157566 0.1341463395
