natom :
76

Moire lattice vectors (in Angstrom)
a1 :
10.7228915096 0.0000000000 0.0000000000
a3 :
0.0000000000 0.0000000000 100.0000000000
a2 :
5.3614462528 9.2862961618 0.0000000000

type    Mass
1	12.0110000000
2	12.0110000000

Atomic positions (in Angstrom)
id    type    x    y    z
1	1	9.3121836805	0.1638038170	99.9026752370
2	1	0.8472114542	1.1398062901	99.9026752337
3	1	3.1045075847	2.1166923242	99.9250782282
4	1	12.1334761602	6.0284085280	99.9321357513
5	1	14.3900763886	7.0063096996	99.9153652107
6	1	13.8264511383	8.3101534272	99.9118873917
7	1	5.9249409224	7.9826858627	99.9026752408
8	1	16.0843371875	9.2862961339	99.8973670998
9	1	8.1831022111	8.9590165507	99.9153652063
10	1	2.2579011814	0.9763550686	99.9115208985
11	1	5.0795404247	0.6511232405	99.9319131070
12	1	4.5152680505	1.9545418847	99.9314633928
13	1	7.3375275720	1.6302364860	99.9250782332
14	1	11.8525898588	3.5838011469	99.9237639004
15	1	11.2880258609	4.8873585255	99.9333038264
16	1	3.3855642926	4.5617230729	99.9319131099
17	1	13.5443259028	5.8656962304	99.9281891451
18	1	5.6423009014	5.5393671589	99.9250782404
19	1	5.0780430379	6.8427184111	99.9115209078
20	1	7.9002591603	6.5160477289	99.9237639099
21	1	7.3357530057	7.8189809158	99.9118873939
22	1	10.1582895043	7.4936941186	99.9321357519
23	1	9.5937777063	8.7968820137	99.9281891430
24	1	12.4158248015	8.4727432565	99.9237639035
25	1	6.4902662965	0.4898892365	99.9275787755
26	1	8.7483918184	1.4672225980	99.9115209022
27	1	11.0064696568	2.4434578967	99.9118873872
28	1	2.5405685032	3.4206157093	99.9275787725
29	1	5.3614453531	3.0954319893	99.9364055545
30	1	4.7964941585	4.3986880537	99.9314633986
31	1	7.6192313410	4.0734496568	99.9319131140
32	1	7.0535012393	5.3757911307	99.9275787828
33	1	9.8769081562	5.0504894869	99.9321357530
34	1	9.3114549854	6.3531958977	99.9333038305
35	1	11.5691929551	7.3320378168	99.9333038273
36	1	6.7725738303	2.9330661378	99.9314633976
37	1	9.5954952203	2.6072658822	99.9153652062
38	1	9.0305701922	3.9100139954	99.9281891456
39	2	12.6989737673	7.6560595448	3.3749217663
40	2	14.6736300338	9.1224922142	3.3973247624
41	2	11.2863864373	1.3036101693	3.3973247655
42	2	11.0037466777	3.7469288723	3.3749217693
43	2	12.9806772737	5.2128463752	3.3680868912
44	2	12.1340198645	6.3532299536	3.3685366042
45	2	4.2340498010	6.6790301497	3.3846347885
46	2	14.1098380104	7.8190734935	3.3884790958
47	2	6.2086577024	8.1464897418	3.3973247585
48	2	16.0843372840	9.2862961190	3.4026328995
49	2	2.8216561108	0.3272794815	3.3846347930
50	2	1.9743070062	1.4673151758	3.3881126129
51	2	4.7968435603	1.7926019143	3.3678642497
52	2	10.4394886534	2.4435776803	3.3884790996
53	2	2.5388133215	2.7702483035	3.3762361001
54	2	12.4149470115	3.9105049603	3.3724212267
55	2	4.5154624740	4.2358065457	3.3678642465
56	2	3.6691246107	5.3762820964	3.3718108537
57	2	6.4911443341	5.7024948850	3.3762360881
58	2	5.6450242335	6.8428381942	3.3881126028
59	2	8.4659537274	7.1696037069	3.3749217606
60	2	7.6193474261	8.3099410228	3.3884790940
61	2	10.4409867248	8.6351727916	3.3680868895
62	2	4.2323316025	0.4894140779	3.3718108573
63	2	7.0543787534	0.8135527753	3.3762360960
64	2	6.2077470080	1.9542582743	3.3666961721
65	2	3.9500091427	2.9331001945	3.3666961744
66	2	6.7720303735	3.2578875041	3.3678642455
67	2	5.9265801742	4.3989375657	3.3666961672
68	2	8.7470101735	4.7245729590	3.3680868863
69	2	7.9020144847	5.8656803810	3.3724212164
70	2	10.7228913907	6.1908640413	3.3635944448
71	2	9.8767141904	7.3317542050	3.3685366015
72	2	11.8517125932	8.7964068535	3.3724212239
73	2	8.4650050863	0.9761426637	3.3881126095
74	2	9.0286304976	2.2799863325	3.3846347932
75	2	8.1828801124	3.4205998594	3.3718108532
76	2	10.1579400342	4.8876080364	3.3685366031
