S1 -0.140350 1.017536 0.139422
S2 -0.140350 1.017536 0.238594
S1 0.017544 1.122799 0.139422
S2 0.017544 1.122799 0.238594
S1 0.175437 1.228061 0.139422
S2 0.175437 1.228061 0.238594
S1 -0.192981 0.649118 0.139422
S2 -0.192981 0.649118 0.238594
S1 -0.035087 0.754380 0.139422
S2 -0.035087 0.754380 0.238594
Mo -0.157894 0.894730 0.189008
S1 0.122806 0.859643 0.139422
S2 0.122806 0.859643 0.238594
Mo -0.000000 0.999993 0.189008
S1 0.280700 0.964905 0.139422
S2 0.280700 0.964905 0.238594
Mo 0.157893 1.105255 0.189008
S1 0.438593 1.070168 0.139422
S2 0.438593 1.070168 0.238594
Mo 0.315787 1.210517 0.189008
S1 0.596487 1.175430 0.139422
S2 0.596487 1.175430 0.238594
S1 -0.087719 0.385962 0.139422
S2 -0.087719 0.385962 0.238594
Mo -0.210525 0.526312 0.189008
S1 0.070175 0.491224 0.139422
S2 0.070175 0.491224 0.238594
Mo -0.052631 0.631574 0.189008
S1 0.228068 0.596487 0.139422
S2 0.228068 0.596487 0.238594
Mo 0.105262 0.736837 0.189008
S1 0.385962 0.701749 0.139422
S2 0.385962 0.701749 0.238594
Mo 0.263156 0.842099 0.189008
S1 0.543856 0.807012 0.139422
S2 0.543856 0.807012 0.238594
Mo 0.421050 0.947361 0.189008
S1 0.701749 0.912274 0.139422
S2 0.701749 0.912274 0.238594
Mo 0.578943 1.052624 0.189008
Mo 0.736837 1.157886 0.189008
Mo -0.105262 0.263156 0.189008
Mo 0.052631 0.368418 0.189008
S1 0.333331 0.333331 0.139422
S2 0.333331 0.333331 0.238594
Mo 0.210525 0.473681 0.189008
S1 0.491224 0.438593 0.139422
S2 0.491224 0.438593 0.238594
Mo 0.368418 0.578943 0.189008
S1 0.649118 0.543856 0.139422
S2 0.649118 0.543856 0.238594
Mo 0.526312 0.684205 0.189008
Mo 0.684205 0.789468 0.189008
Mo 0.473681 0.315787 0.189008
S1 0.754380 0.280700 0.139422
S2 0.754380 0.280700 0.238594
Mo 0.631574 0.421050 0.189008
S1 -0.140350 1.122799 0.328765
S2 -0.140350 1.122799 0.427938
S1 -0.192981 0.543856 0.328765
S2 -0.192981 0.543856 0.427938
Mo -0.210525 0.684205 0.378352
S1 -0.087719 0.701749 0.328765
S2 -0.087719 0.701749 0.427938
Mo -0.105263 0.842099 0.378352
S1 0.017544 0.859643 0.328765
S2 0.017544 0.859643 0.427938
Mo -0.000000 0.999993 0.378352
S1 0.122806 1.017536 0.328765
S2 0.122806 1.017536 0.427938
Mo 0.105262 1.157886 0.378352
S1 0.228068 1.175430 0.328765
S2 0.228068 1.175430 0.427938
Mo -0.157894 0.263156 0.378352
S1 -0.035088 0.280700 0.328765
S2 -0.035088 0.280700 0.427938
Mo -0.052631 0.421050 0.378352
S1 0.070175 0.438593 0.328765
S2 0.070175 0.438593 0.427938
Mo 0.052631 0.578943 0.378352
S1 0.175437 0.596487 0.328765
S2 0.175437 0.596487 0.427938
Mo 0.157893 0.736837 0.378352
S1 0.280699 0.754381 0.328765
S2 0.280699 0.754381 0.427938
Mo 0.263156 0.894730 0.378352
S1 0.385962 0.912274 0.328765
S2 0.385962 0.912274 0.427938
Mo 0.368418 1.052624 0.378352
S1 0.491224 1.070168 0.328765
S2 0.491224 1.070168 0.427938
Mo 0.473680 1.210518 0.378352
S1 0.596486 1.228061 0.328765
S2 0.596486 1.228061 0.427938
Mo 0.210525 0.315787 0.378352
S1 0.333331 0.333331 0.328765
S2 0.333331 0.333331 0.427938
Mo 0.315787 0.473681 0.378352
S1 0.438593 0.491225 0.328765
S2 0.438593 0.491225 0.427938
Mo 0.421049 0.631574 0.378352
S1 0.543855 0.649118 0.328765
S2 0.543855 0.649118 0.427938
Mo 0.526312 0.789468 0.378352
S1 0.649118 0.807012 0.328765
S2 0.649118 0.807012 0.427938
Mo 0.631574 0.947362 0.378352
S1 0.754380 0.964905 0.328765
S2 0.754380 0.964905 0.427938
Mo 0.736836 1.105255 0.378352
Mo 0.578943 0.368419 0.378352
S1 0.701749 0.385962 0.328765
S2 0.701749 0.385962 0.427938
Mo 0.684205 0.526312 0.378352
