natom :
114

Moire lattice vectors (in Angstrom)
a1 :
13.582429 0.000000 0.000000
a3 :
0.000000 0.000000 100.000000
a2 :
6.791215 11.762728 0.000000

type    Mass
1	95.940000
2	32.066000
3	32.066000
4	95.940000
5	32.066000
6	32.066000

Atomic positions (in Angstrom)
id    type    x    y    z
1	2	11.798111	0.200268	4.114984
2	3	11.788698	0.203413	7.235587
3	2	1.065554	1.444977	4.114984
4	3	1.072984	1.451557	7.235587
5	2	3.917287	2.687000	4.094187
6	3	3.932498	2.701941	7.209197
7	2	15.367130	7.641235	4.113156
8	3	15.376450	7.642516	7.234694
9	2	18.232715	8.882228	4.109859
10	3	18.239229	8.875840	7.229675
11	1	17.509565	10.524799	5.673606
12	2	7.509782	10.117289	4.114984
13	3	7.511766	10.107565	7.235587
14	1	20.373578	11.762663	5.678707
15	2	10.356111	11.348840	4.109859
16	3	10.358387	11.357674	7.229675
17	1	2.855470	1.243725	5.666249
18	2	6.422906	0.815360	4.093732
19	3	6.414143	0.835079	7.209035
20	1	5.711747	2.479523	5.641170
21	2	9.296621	2.048930	4.094187
22	3	9.276076	2.054632	7.209197
23	2	15.006158	4.546392	4.109465
24	3	15.022259	4.549733	7.229403
25	1	14.301169	6.196232	5.674301
26	2	4.285842	5.792495	4.093732
27	3	4.307300	5.790225	7.209035
28	1	17.159635	7.439088	5.665132
29	2	7.159539	7.026604	4.094187
30	3	7.164873	7.005961	7.209197
31	1	6.440535	8.667803	5.666249
32	2	10.016599	8.256393	4.109465
33	3	10.011442	8.240779	7.229403
34	1	9.295178	9.901287	5.673606
35	2	12.863635	9.487666	4.113156
36	3	12.857866	9.495097	7.234694
37	1	12.142447	11.141095	5.665132
38	2	15.724334	10.722478	4.109465
39	3	15.713390	10.734750	7.229403
40	1	8.208318	0.614020	5.655861
41	1	11.077442	1.851007	5.666249
42	1	13.942348	3.099176	5.673606
43	1	3.218771	4.346952	5.655861
44	2	6.791149	3.920845	4.079110
45	3	6.791149	3.920845	7.189418
46	1	6.082629	5.576295	5.641170
47	2	9.664699	5.154679	4.093732
48	3	9.652004	5.137231	7.209035
49	1	8.946359	6.801561	5.655861
50	2	12.516326	6.396361	4.113156
51	3	12.512775	6.387649	7.234694
52	1	11.797897	8.042011	5.674301
53	1	14.648025	9.287019	5.674301
54	1	8.579071	3.706716	5.641170
55	2	12.158265	3.294195	4.109859
56	3	12.149476	3.291748	7.229675
57	1	11.445009	4.945079	5.665132
58	5	12.509312	1.451559	10.443462
59	6	12.516742	1.444978	13.564065
60	5	14.651950	6.387650	10.444355
61	6	14.648400	6.396363	13.565892
62	4	15.366829	8.042013	12.004747
63	5	17.153283	8.240780	10.449645
64	6	17.148127	8.256394	13.569584
65	4	17.869548	9.901289	12.005443
66	5	6.070531	10.107566	10.443462
67	6	6.072515	10.117291	13.564065
68	4	20.373577	11.762665	12.000342
69	5	1.793599	0.203414	10.443462
70	6	1.784185	0.200270	13.564065
71	4	2.504854	1.851008	12.012800
72	5	4.306220	2.054634	10.469851
73	6	4.285675	2.048931	13.584862
74	4	13.222377	3.099177	12.005443
75	5	15.015250	3.291750	10.449373
76	6	15.006461	3.294196	13.569189
77	4	15.719716	4.945081	12.013917
78	5	3.930292	5.137232	10.470013
79	6	3.917597	5.154681	13.585317
80	4	4.635938	6.801563	12.023188
81	5	6.417423	7.005962	10.469851
82	6	6.422757	7.026606	13.584861
83	4	7.141762	8.667804	12.012799
84	5	8.925497	8.875841	10.449373
85	6	8.932010	8.882230	13.569189
86	4	9.655161	10.524801	12.005443
87	5	11.451336	10.734752	10.449645
88	6	11.440392	10.722479	13.569584
89	4	5.373978	0.614022	12.023188
90	5	7.168153	0.835080	10.470013
91	6	7.159390	0.815362	13.585317
92	4	7.870549	2.479525	12.037879
93	5	9.649798	2.701943	10.469851
94	6	9.665009	2.687002	13.584861
95	4	5.003225	3.706718	12.037879
96	5	6.791147	3.920846	10.489630
97	6	6.791147	3.920846	13.599938
98	4	7.499668	5.576297	12.037879
99	5	9.274996	5.790226	10.470013
100	6	9.296454	5.792497	13.585317
101	4	10.005091	7.439090	12.013917
102	5	11.788276	7.642518	10.444354
103	6	11.797596	7.641236	13.565892
104	4	12.516701	9.287021	12.004747
105	5	14.306860	9.495099	10.444355
106	6	14.301090	9.487668	13.565892
107	4	15.022279	11.141096	12.013917
108	5	16.806339	11.357676	10.449373
109	6	16.808615	11.348841	13.569189
110	4	10.726826	1.243727	12.012800
111	4	10.363526	4.346954	12.023188
112	5	12.142467	4.549735	10.449645
113	6	12.158567	4.546394	13.569584
114	4	12.863556	6.196234	12.004747
