natom :
762

Moire lattice vectors (in Angstrom)
a1 :
35.1155347590 0.0000000000 0.0000000000
a3 :
0.0000000000 0.0000000000 100.0000000000
a2 :
17.5577664813 30.4109456873 0.0000000000

type    Mass
1	95.9400000000
2	32.0660000000
3	32.0660000000
4	95.9400000000
5	32.0660000000
6	32.0660000000

Atomic positions (in Angstrom)
id    type    x    y    z
1	2	33.3086189253	0.1075488709	3.9803361893
2	3	33.3286341275	0.1088901010	7.0968725650
3	2	0.9966000559	1.5110628803	3.9803361926
4	3	0.9877539991	1.4930585840	7.0968725682
5	2	47.8939246787	25.9800838022	4.0454111656
6	3	47.9305649645	26.0212255820	7.1623976509
7	2	50.6824611306	27.3893027933	3.9980553951
8	3	50.6991862206	27.4221148256	7.1146860043
9	1	49.8858495026	29.0153104782	5.5493774667
10	2	18.3680874320	28.7923355096	3.9803361837
11	3	18.3569182885	28.8089985557	7.0968725594
12	1	0.0000017301	0.0000005041	5.5309194024
13	2	21.1700090939	30.1976482153	3.9980554027
14	3	21.1332304904	30.1957265363	7.1146860116
15	1	2.7884316879	1.3959668469	5.5490975317
16	2	6.4035688532	1.2025319574	4.0436675714
17	3	6.3531829117	1.1858467799	7.1607729670
18	2	44.9905096965	21.4284247184	4.1453299338
19	3	45.0201430665	21.4640558108	7.2634998185
20	2	47.7409759682	22.8527080360	4.0927575911
21	3	47.7664984480	22.9013629299	7.2104316825
22	1	46.9409911395	24.4845403044	5.6378201638
23	2	15.3974075522	24.2640285659	4.0436675509
24	3	15.4081507466	24.3160066500	7.1607729473
25	1	49.7080662427	25.8980275070	5.5824188489
26	2	18.1881556491	25.6680433553	4.0141467170
27	3	18.1752595145	25.7122960457	7.1309033645
28	1	17.3724956004	27.2981117648	5.5490975184
29	2	20.9879663391	27.0729480498	4.0150429085
30	3	20.9501413169	27.1015615306	7.1317352047
31	1	20.1601509805	28.6947584580	5.5493774643
32	2	23.7846968143	28.4873142292	4.0454111695
33	3	23.7307468417	28.4984747402	7.1623976541
34	1	22.9486888148	30.0994350421	5.5824188598
35	2	26.5695579850	29.9185445633	4.0927576067
36	3	26.5146603703	29.9163202166	7.2104316967
37	1	8.1743401498	1.1112153308	5.6352333797
38	2	11.7827182401	0.9593942361	4.1402000460
39	3	11.7410077961	0.9505282459	7.2586234626
40	1	10.9491467507	2.5567756531	5.6897339343
41	2	14.5434716149	2.4292278209	4.1746696902
42	3	14.5229980684	2.4193453196	7.2935394961
43	2	42.1551278782	16.8616046243	4.1953546409
44	3	42.1678849454	16.8587345408	7.3138634611
45	2	44.8783669823	18.2984986909	4.1746649238
46	3	44.8936213384	18.3186190549	7.2932620051
47	1	44.0610944913	19.9140005685	5.7296254724
48	2	12.4972695483	19.7271173277	4.1402000244
49	3	12.5104466085	19.7676726244	7.2586234430
50	1	46.7978877249	21.3531332709	5.6846432302
51	2	15.2509437649	21.1445502285	4.1004758019
52	3	15.2548806184	21.1983043650	7.2184172895
53	1	14.4329394602	22.7761539037	5.6352333578
54	2	18.0260619477	22.5532396895	4.0686557907
55	3	18.0127242276	22.6091637540	7.1860709605
56	1	17.1999215326	24.1845078791	5.5963878896
57	2	20.8169426895	23.9598622979	4.0576961351
58	3	20.7822537740	24.0070857516	7.1748121815
59	1	19.9804996924	25.5855372426	5.5823270536
60	2	23.6122761898	25.3729641791	4.0726143959
61	3	23.5607179365	25.4053203185	7.1897768964
62	1	22.7682618652	26.9902282510	5.5984955274
63	2	26.4011332131	26.8007856660	4.1066583831
64	3	26.3452327988	26.8185480033	7.2242402463
65	1	25.5563422409	28.4098212336	5.6378201703
66	2	29.1782567002	28.2487124801	4.1453299437
67	3	29.1325825845	28.2565601714	7.2634998267
68	1	28.3397719444	29.8515934791	5.6846432460
69	2	31.9449234603	29.7165569746	4.1746649382
70	3	31.9198715401	29.7197074434	7.2932620172
71	1	13.5588257047	0.9043927720	5.7234236520
72	2	17.1483536800	0.7866117872	4.1866668638
73	3	17.1482015539	0.7880141389	7.3054325358
74	1	16.3301336715	2.3821231161	5.7449961674
75	2	19.9099586102	2.2693868161	4.1795526470
76	3	19.9338491405	2.2689026979	7.2983172112
77	2	39.3312410445	12.3002946091	4.1642034582
78	3	39.3293576280	12.2552413845	7.2823530355
79	2	42.0593230383	13.7308975545	4.1831855391
80	3	42.0585949892	13.7063958919	7.3016927238
81	1	41.2275033945	15.3229609244	5.7536655710
82	2	9.6648179746	15.1667318699	4.1866668506
83	3	9.6661085168	15.1661624428	7.3054325250
84	1	43.9516378960	16.7716095698	5.7464847543
85	2	12.3898061290	16.6013178948	4.1746696694
86	3	12.3914844122	16.6239897602	7.2935394774
87	1	11.5615832264	18.2164638298	5.7234236333
88	2	15.1286547385	18.0287400225	4.1513978101
89	3	15.1267672959	18.0700202332	7.2700972658
90	1	14.2974281648	19.6503206562	5.6897339081
91	2	17.8875458719	19.4470824271	4.1258115676
92	3	17.8758460592	19.4980679471	7.2440994365
93	1	17.0496296563	21.0702880574	5.6557800785
94	2	20.6657596684	20.8596658849	4.1100813419
95	3	20.6385413957	20.9093017141	7.2279583502
96	1	19.8189038446	22.4796163049	5.6350623780
97	2	23.4549115597	22.2737292430	4.1133265149
98	3	23.4120840872	22.3134249165	7.2310106607
99	1	22.6006592027	23.8872319288	5.6373956715
100	2	26.2431933161	23.6978899656	4.1349265106
101	3	26.1928937179	23.7251584757	7.2526958876
102	1	25.3876412032	25.3047585307	5.6620986414
103	2	29.0221679233	25.1392145957	4.1643101566
104	3	28.9773863155	25.1571313233	7.2823734331
105	1	28.1734201166	26.7417112830	5.6978398224
106	2	31.7901973376	26.6001250215	4.1877537178
107	3	31.7625312466	26.6136580161	7.3061114476
108	1	30.9544940854	28.2010272872	5.7296254818
109	2	34.5509298193	28.0766096827	4.1953546485
110	3	34.5470368554	28.0890926623	7.3138634664
111	1	33.7306127696	29.6774305159	5.7464847654
112	2	37.3101040472	29.5589937111	4.1831855449
113	3	37.3316871405	29.5706140305	7.3016927273
114	1	18.9462090458	0.7485184518	5.7440086762
115	2	22.5160681468	0.6241804999	4.1525135625
116	3	22.5598313483	0.6320355996	7.2708175292
117	1	21.7201552574	2.2226230900	5.7231349827
118	2	25.2898895588	2.0840413094	4.1100813720
119	3	25.3464845876	2.0827951105	7.2279583797
120	2	39.2140011304	9.1756848363	4.1133265442
121	3	39.2010373981	9.1187473232	7.2310106911
122	1	38.3803235748	10.7518455262	5.6964784178
123	2	6.8402912635	10.5993703443	4.1525135615
124	3	6.8252123817	10.5575427555	7.2708175300
125	1	41.1208533223	12.1844421141	5.7268656096
126	2	9.5681364017	12.0337242475	4.1795526393
127	3	9.5557718812	12.0132765070	7.2983172056
128	1	8.7329005714	13.6287900749	5.7440086680
129	2	12.2923385849	13.4741666546	4.1903242058
130	3	12.2838836069	13.4762670747	7.3093483351
131	1	11.4556813052	15.0775754747	5.7449961515
132	2	15.0235345966	14.9133072651	4.1857475966
133	3	15.0174110249	14.9352412573	7.3048373163
134	1	14.1832903716	16.5220573745	5.7315141089
135	2	17.7702593319	16.3451346159	4.1711877448
136	3	17.7620493193	16.3804912674	7.2901112703
137	1	16.9238381808	17.9555811265	5.7095867942
138	2	20.5360729686	17.7684248569	4.1564807946
139	3	20.5195925035	17.8077208653	7.2750831637
140	1	19.6814061180	19.3766816285	5.6898550558
141	2	23.3169469691	19.1873963976	4.1525135327
142	3	23.2882626499	19.2213688897	7.2708175002
143	1	22.4544829246	20.7905465951	5.6838115907
144	2	26.1022829953	20.6098915213	4.1642034353
145	3	26.0642074577	20.6340492187	7.2823530112
146	1	25.2367455115	22.2076347844	5.6964783926
147	2	28.8811197360	22.0441305596	4.1861221996
148	3	28.8432263188	22.0604052456	7.3042691823
149	1	28.0206119606	23.6391258580	5.7219706327
150	2	31.6483043085	23.4951344229	4.2060432578
151	3	31.6219604231	23.5088883363	7.3242712965
152	1	30.8008048947	25.0912352756	5.7472628605
153	2	34.4054077938	24.9620906155	4.2124103395
154	3	34.3989386409	24.9779402924	7.3307231635
155	1	33.5757865483	26.5621129148	5.7600776693
156	2	37.1580094391	26.4379749325	4.1987896665
157	3	37.1751962942	26.4573674442	7.3171144771
158	1	36.3472465917	28.0425850782	5.7536655754
159	2	39.9130835836	27.9117067936	4.1642034575
160	3	39.9530425348	27.9326023188	7.2823530331
161	1	39.1186086029	29.5194827303	5.7268656108
162	2	42.6776949411	29.3724788526	4.1133265395
163	3	42.7334861452	29.3897206878	7.2310106851
164	1	24.3356689466	0.5695211290	5.6838116196
165	2	27.8991468605	0.4030146941	4.0576961582
166	3	27.9573880373	0.4094444443	7.1748122044
167	1	27.1162356693	2.0074647116	5.6350624053
168	2	30.6928684784	1.8255205199	4.0141467359
169	3	30.7376405084	1.8145625515	7.1309033832
170	2	36.2912284853	4.6396382882	4.0150429276
171	3	36.2853609845	4.5925741114	7.1317352243
172	2	3.9572168497	6.0480702600	4.0576961649
173	3	3.9336645896	5.9944170469	7.1748122118
174	1	38.2437930357	7.6291292472	5.6373957000
175	2	6.7176571595	7.4672400530	4.1100813757
176	3	6.6882804054	7.4188504231	7.2279583844
177	1	5.8831545352	9.0508794699	5.6838116229
178	2	9.4595937165	8.9005485148	4.1564808241
179	3	9.4338026118	8.8666280141	7.2750831935
180	1	8.6225395794	10.4894297856	5.7231349805
181	2	12.1913789275	10.3459186784	4.1874548819
182	3	12.1736830710	10.3305139124	7.3064883949
183	1	11.3520579072	11.9399525515	5.7471311872
184	2	14.9232538642	11.7962266693	4.2004145211
185	3	14.9139751497	11.7987937050	7.3196273960
186	1	14.0802860923	13.3935055301	5.7540035311
187	2	17.6646696075	13.2427804728	4.1979781528
188	3	17.6607537135	13.2592197537	7.3171886466
189	1	16.8160339866	14.8406828976	5.7466850842
190	2	20.4219076837	14.6799443021	4.1874548632
191	3	20.4174146902	14.7029717581	7.3064883759
192	1	19.5655994266	16.2756276280	5.7327334401
193	2	23.1952113573	16.1078361777	4.1795526183
194	3	23.1836853495	16.1287680462	7.2983171837
195	1	22.3306115594	17.6988943201	5.7231349526
196	2	25.9771805302	17.5320016583	4.1831855194
197	3	25.9563254850	17.5448830042	7.3016927029
198	1	25.1071457153	19.1179680324	5.7268655843
199	2	28.7561093414	18.9607931693	4.1987896498
200	3	28.7307214971	18.9659811622	7.3171144610
201	1	27.8875524769	20.5442993137	5.7440768817
202	2	31.5232413180	20.4013241119	4.2173479176
203	3	31.5028461949	20.4044888005	7.3355819711
204	1	30.6647766182	21.9871410394	5.7652076327
205	2	34.2770192864	21.8560729459	4.2265642725
206	3	34.2706695458	21.8637478939	7.3447827593
207	1	33.4354970241	23.4486366993	5.7775128617
208	2	37.0219798897	23.3213027951	4.2173479250
209	3	37.0349181520	23.3373831370	7.3355819785
210	1	36.2005401776	24.9228975395	5.7716872636
211	2	39.7657527057	24.7880439865	4.1861222113
212	3	39.7987937101	24.8127232958	7.3042691942
213	1	38.9636443993	26.3984141241	5.7440768991
214	2	42.5169134799	26.2456755820	4.1349265242
215	3	42.5656785098	26.2756020466	7.2526959016
216	1	41.7295385616	27.8624125656	5.6964784134
217	2	45.2830287723	27.6865795448	4.0726144086
218	3	45.3368291489	27.7150522220	7.1897769094
219	1	44.5021554178	29.3055317054	5.6373956922
220	2	48.0674128241	29.1093066059	4.0150429178
221	3	48.1111053481	29.1277572859	7.1317352143
222	1	29.7252441438	0.3145580573	5.5823270711
223	1	32.5123791397	1.7168685873	5.5490975314
224	1	35.3006071855	3.1118239498	5.5493774760
225	2	3.7922822795	2.9173833819	4.0141467393
226	3	3.7604063860	2.8840886452	7.1309033866
227	1	2.9675625872	4.5108518978	5.5823270783
228	2	6.5708281845	4.3344078729	4.0686558221
229	3	6.5290653815	4.2948950283	7.1860709916
230	1	5.7381669000	5.9238661807	5.6350624111
231	2	9.3300972680	5.7675279861	4.1258116004
232	3	9.2917924217	5.7319028889	7.2440994687
233	1	8.4941359711	7.3562569206	5.6898550891
234	2	12.0751060913	7.2169286907	4.1711877712
235	3	12.0485913464	7.1921402889	7.2901112961
236	1	11.2376308106	8.8064923095	5.7327334659
237	2	14.8146184025	8.6766622982	4.1979781673
238	3	14.8023395239	8.6650514019	7.3171886606
239	1	13.9748677301	10.2666739157	5.7573716265
240	2	17.5577687844	10.1369824147	4.2060754265
241	3	17.5577687860	10.1369824225	7.3253501562
242	1	16.7137832129	11.7259793581	5.7639073939
243	2	20.3119738246	11.5889171304	4.2004145171
244	3	20.3188362958	11.5956692293	7.3196273915
245	1	19.4615353749	13.1750200357	5.7573716134
246	2	23.0805700255	13.0283865989	4.1903241976
247	3	23.0866165271	13.0346586282	7.3093483261
248	1	22.2220420003	14.6098006468	5.7471311701
249	2	25.8601347159	14.4576035819	4.1866668400
250	3	25.8589963006	14.4567706641	7.3054325132
251	1	24.9941967767	16.0336386656	5.7440086495
252	2	28.6405499186	15.8836786134	4.1953546308
253	3	28.6316858126	15.8740657176	7.3138634499
254	1	27.7718576513	17.4563468695	5.7536655549
255	2	31.4105635205	17.3149122942	4.2124103310
256	3	31.4000718633	17.3013850038	7.3307231557
257	1	30.5469394765	18.8891390752	5.7716872525
258	2	34.1646479345	18.7567333416	4.2265642714
259	3	34.1611760970	18.7473968311	7.3447827587
260	1	33.3139320668	20.3382758480	5.7864237179
261	2	36.9049403965	20.2090866222	4.2265642737
262	3	36.9147619670	20.2107481805	7.3447827610
263	1	36.0720331867	21.8020432009	5.7864237213
264	2	39.6387666724	21.6660898391	4.2060432607
265	3	39.6638498585	21.6820273498	7.3242713002
266	1	38.8245699652	23.2718465260	5.7652076403
267	2	42.3756499691	23.1183505823	4.1643101590
268	3	42.4135571237	23.1481742199	7.2823734367
269	1	41.5773130233	24.7357678867	5.7219706424
270	2	45.1251299899	24.5574476949	4.1066583831
271	3	45.1684628450	24.5969776948	7.2242402473
272	1	44.3362785187	26.1831711167	5.6620986506
273	1	47.1056276911	27.6088853048	5.5984955337
274	1	5.5711787418	2.8033151835	5.5963879151
275	2	9.1783481846	2.6354296865	4.1004758298
276	3	9.1298273113	2.6119620231	7.2184173162
277	1	8.3433181122	4.2302684350	5.6557801102
278	2	11.9378634378	4.0874293069	4.1513978379
279	3	11.9030574534	4.0651546244	7.2700972921
280	1	11.1036291284	5.6786832116	5.7095868239
281	2	14.6884673688	5.5541088917	4.1857476175
282	3	14.6725337683	5.5378387291	7.3048373359
283	1	13.8551121720	7.1427710779	5.7466851051
284	2	17.4380786672	7.0258034443	4.2004145308
285	3	17.4404949150	7.0164843307	7.3196274047
286	1	16.6036499004	8.6115709990	5.7639074020
287	2	20.1940183464	8.4915044731	4.1979781642
288	3	20.2102131236	8.4866761098	7.3171886572
289	1	19.3558732668	10.0733968465	5.7639073961
290	2	22.9613043964	9.9435310871	4.1857476037
291	3	22.9833615728	9.9378672745	7.3048373225
292	1	22.1167417586	11.5203091634	5.7540035287
293	2	25.7400286257	11.3804015265	4.1746696718
294	3	25.7588238915	11.3676121720	7.2935394788
295	1	24.8874914139	12.9512486051	5.7449961449
296	2	28.5233171743	12.8068372600	4.1746649229
297	3	28.5331147379	12.7835664294	7.2932620033
298	1	27.6643569703	14.3728527906	5.7464847458
299	2	31.2995894339	14.2310564001	4.1877537109
300	3	31.3017025491	14.2003303667	7.3061114420
301	1	30.4397142220	15.7964280662	5.7600776579
302	2	34.0595366392	15.6606686522	4.2060432596
303	3	34.0607973322	15.6309772240	7.3242712993
304	1	33.2062084368	17.2316718032	5.7775128592
305	2	36.8013864107	17.0992660049	4.2173479244
306	3	36.8088432646	17.0800209706	7.3355819787
307	1	35.9606423830	18.6815738126	5.7864237209
308	2	39.5306363035	18.5448900043	4.2124103376
309	3	39.5475971077	18.5425676146	7.3307231631
310	1	38.7049021765	20.1415843610	5.7775128629
311	2	42.2568208489	19.9907114981	4.1877537127
312	3	42.2823738206	20.0079045342	7.3061114443
313	1	41.4447802481	21.6019953926	5.7472628610
314	1	44.1878266984	23.0521393556	5.6978398201
315	1	13.7153710695	4.0220609880	5.7315141322
316	2	17.3003977525	3.9083939890	4.1903242204
317	3	17.3028062322	3.9000215544	7.3093483478
318	1	16.4762785336	5.4971325075	5.7540035461
319	2	20.0600197504	5.3850842631	4.1874548868
320	3	20.0822086046	5.3774615901	7.3064883985
321	1	19.2369032775	6.9692532510	5.7573716299
322	2	22.8279409426	6.8488839382	4.1711877661
323	3	22.8626657043	6.8383157038	7.2901112905
324	1	22.0021602269	8.4274932263	5.7466850971
325	2	25.6067881969	8.2947779158	4.1513978266
326	3	25.6434816275	8.2757723972	7.2700972813
327	1	24.7746449503	9.8668288363	5.7315141168
328	2	28.3933185925	9.7244356800	4.1402000354
329	3	28.4218519778	9.6927463758	7.2586234532
330	1	27.5528974663	11.2900905918	5.7234236364
331	2	31.1778412294	11.1447557288	4.1453299404
332	3	31.1938819733	11.1012769417	7.2634998248
333	1	30.3310190645	12.7068650187	5.7296254728
334	2	33.9487897338	12.5643277441	4.1643101628
335	3	33.9556641827	12.5165873737	7.2823734408
336	1	33.1010224986	14.1286622004	5.7472628609
337	2	36.6997351813	13.9897183720	4.1861222127
338	3	36.7045875886	13.9487643725	7.3042691966
339	1	35.8572610560	15.5629052999	5.7652076404
340	2	39.4324888381	15.4231248158	4.1987896643
341	3	39.4406898227	15.3985443090	7.3171144766
342	1	38.5991279836	17.0098562508	5.7716872626
343	1	41.3311068677	18.4633518880	5.7600776650
344	1	19.0992064806	3.8611940002	5.7471311957
345	2	22.6776396877	3.7419738727	4.1564808244
346	3	22.7199112605	3.7365983748	7.2750831925
347	1	21.8700761531	5.3288272626	5.7327334652
348	2	25.4556632399	5.1963368340	4.1258115948
349	3	25.5056679025	5.1809764173	7.2440994628
350	1	24.6458390865	6.7766828616	5.7095868157
351	2	28.2440144383	6.6309673337	4.1004758236
352	3	28.2885984608	6.6006808604	7.2184173106
353	1	27.4267314866	8.2038508876	5.6897339240
354	2	31.0360736807	8.0506403357	4.0927576067
355	3	31.0654488161	8.0042097826	7.2104316978
356	1	30.2089479777	9.6171661298	5.6846432407
357	2	33.8203444319	9.4636595705	4.1066583934
358	3	33.8329119892	9.4063672253	7.2242402580
359	1	32.9853608331	11.0280422363	5.6978398268
360	2	36.5865008348	10.8783273793	4.1349265300
361	3	36.5880353999	10.8211323984	7.2526959084
362	1	35.7486826616	12.4469991266	5.7219706463
363	1	38.4954107650	13.8791794324	5.7440768997
364	1	24.4977643125	3.6780086489	5.6898550853
365	2	28.0764162627	3.5232996893	4.0686558173
366	3	28.1315167885	3.5068884646	7.1860709867
367	1	27.2803586400	5.1103907059	5.6557801038
368	2	30.8723299961	4.9443867305	4.0436675718
369	3	30.9119727451	4.9090938137	7.1607729680
370	1	30.0660268039	6.5235779621	5.6352333772
371	2	33.6679861508	6.3544949086	4.0454111805
372	3	33.6852958381	6.3021926051	7.1623976661
373	1	32.8492742759	7.9275313427	5.6378201774
374	2	36.4513026780	7.7623492124	4.0726144183
375	3	36.4490605540	7.7015203853	7.1897769198
376	1	35.6226879320	9.3339632302	5.6620986595
377	1	29.9022061459	3.4231241356	5.5963879121
378	2	33.4941374262	3.2349419375	3.9980554089
379	3	33.5141909414	3.2040515665	7.1146860182
380	1	32.6898526062	4.8244303356	5.5824188656
381	1	35.4727181061	6.2227793271	5.5984955455
382	5	50.8864005390	30.3020566021	10.5821754335
383	6	50.8663853359	30.3033978412	13.6987118092
384	5	35.9146863919	1.6019481465	10.5821754328
385	6	35.9258555353	1.6186112069	13.6987118085
386	5	48.4697394540	25.5018528870	10.5182750386
387	6	48.4300966980	25.4665599691	13.6353804341
388	5	15.9564227825	27.2068951337	10.5643619918
389	6	15.9363692616	27.1760047686	13.6809926006
390	4	50.0701456550	28.6940780872	12.1299504718
391	5	18.5455204914	28.9178881158	10.5821754403
392	6	18.5543665447	28.8998838326	13.6987118159
393	4	0.0000016582	0.0000004861	12.1481285974
394	5	3.5754639159	0.2152201627	10.5643619915
395	6	3.6122425172	0.2132985020	13.6809926008
396	4	2.6023843237	1.7161882207	12.1296705291
397	5	6.1729801683	1.9124719572	10.5166503423
398	6	6.2269301384	1.9236324882	13.6336368277
399	5	43.3165910017	19.0433345314	10.3855085060
400	6	43.2977957304	19.0305451680	13.5043783119
401	5	45.9796189861	20.7182003234	10.4204245414
402	6	45.9510855917	20.6865110116	13.5388479580
403	4	44.9844984045	22.2070957781	11.9893140706
404	5	13.5076809592	22.4067369154	10.4686163083
405	6	13.4783058131	22.3603063577	13.5862903982
406	4	47.6237936156	23.8873687039	12.0438146260
407	5	16.1275278719	24.1087540935	10.5166503500
408	6	16.1102181753	24.0564517906	13.6336368345
409	4	15.1320845508	25.5865163335	12.0966291447
410	5	18.7275929086	25.8183725882	10.5473127967
411	6	18.7334604030	25.7713084190	13.6640050929
412	4	17.7428390221	27.2991227235	12.1296705373
413	5	21.3181729614	27.5268580550	10.5481446334
414	6	21.3500488519	27.4935633324	13.6649012809
415	4	20.3461981774	29.0149798296	12.1299504793
416	5	23.9109493838	29.2250999202	10.5182750476
417	6	23.9613353241	29.2084147607	13.6353804440
418	4	5.3909222390	0.3115116355	12.0966291456
419	5	8.9568937820	0.4946264824	10.4686163111
420	6	9.0117913958	0.4924021543	13.5862904025
421	4	7.9985755669	2.0011254425	12.0412278291
422	5	11.5748159035	2.1543865262	10.4155481755
423	6	11.6204900179	2.1622342334	13.5337180603
424	5	40.7414527386	14.2821786605	10.3807307865
425	6	40.7529787437	14.3031105239	13.4994953507
426	5	43.4167635955	15.9541760357	10.3736154638
427	6	43.4179020035	15.9533431123	13.4923811358
428	4	42.4452586205	17.4596980624	11.9340518333
429	5	10.9753471760	17.6273802660	10.3857859845
430	6	10.9655496015	17.6041094297	13.5043830635
431	4	45.1106645722	19.1208560707	11.9556243507
432	5	13.6361143090	19.3096697531	10.4155481766
433	6	13.6200735522	19.2661909606	13.5337180596
434	4	12.6511802207	20.7937805318	11.9944047583
435	5	16.2751442178	21.0045794720	10.4548077574
436	6	16.2625766487	20.9472871231	13.5723896206
437	4	15.2915064117	22.4834153218	12.0412278342
438	5	18.8912926727	22.7094263156	10.4892711061
439	6	18.8935347886	22.6485974891	13.6064336064
440	4	17.9149501335	24.1881673424	12.0805524754
441	5	21.4914313578	24.4165296569	10.5042358183
442	6	21.5149836145	24.3628764499	13.6213518647
443	4	20.5253292660	25.9000947768	12.0967209461
444	5	24.0868320432	26.1160516771	10.4929770364
445	6	24.1285948464	26.0765388433	13.6103922063
446	4	23.1289453154	27.6076314944	12.0826601069
447	5	26.6875938712	27.7989846824	10.4606307058
448	6	26.7361147464	27.7755170324	13.5785721934
449	4	25.7321066221	29.2997313480	12.0438146366
450	5	29.2987742590	29.4604184585	10.4204245522
451	6	29.3404847053	29.4515524817	13.5388479708
452	4	10.7820053572	0.5593531983	11.9944047638
453	5	14.3621049474	0.6912392595	10.3857859912
454	6	14.3871568696	0.6943897393	13.5043830724
455	4	13.3967274059	2.2099193877	11.9494225228
456	5	16.9892701720	2.3218540399	10.3651845370
457	6	16.9931631375	2.3343370268	13.4836933572
458	5	38.1963090512	9.5016449953	10.4510896151
459	6	38.2235273251	9.5512808269	13.5689666228
460	5	40.8460302146	11.1895778134	10.4082304661
461	6	40.8747145300	11.2235503066	13.5265344328
462	4	39.8883790412	12.7120523548	11.9559130137
463	5	8.3985581999	12.8660636925	10.3773552697
464	6	8.4194132368	12.8789450380	13.4958624521
465	4	42.5519641635	14.3773080014	11.9350393219
466	5	11.0739184343	14.5368809748	10.3651845327
467	6	11.0827825288	14.5272680772	13.4836933506
468	4	10.1065895014	16.0380938706	11.9325632347
469	5	13.7439350733	16.2106163255	10.3729365536
470	6	13.7418219449	16.1798902883	13.4912942834
471	4	12.7732514956	17.7040816404	11.9494225204
472	5	16.3978966042	17.8943593223	10.3966745694
473	6	16.3910221429	17.8466189468	13.5147378459
474	4	15.4275931605	19.3829044252	11.9812081810
475	5	19.0302677142	19.5898143036	10.4263521149
476	6	19.0287331403	19.5326193181	13.5441214918
477	4	18.0649201528	21.0769834368	12.0169493616
478	5	21.6432696032	21.2921993847	10.4480373402
479	6	21.6562333321	21.2352618697	13.5657214861
480	4	20.6860251490	22.7818174263	12.0416523296
481	5	24.2460472615	22.9920962888	10.4510896485
482	6	24.2754240172	22.9437066608	13.5689666569
483	4	23.2959336659	24.4870804980	12.0439856204
484	5	26.8495591734	24.6790438247	10.4349485604
485	6	26.8878640240	24.6434187322	13.5532364294
486	4	25.9010847744	26.1806782465	12.0232679178
487	5	29.4608241048	26.3457920885	10.4089507307
488	6	29.4956300943	26.3235174123	13.5276501865
489	4	28.5069133130	27.8541710284	11.9893140874
490	5	32.0807646231	27.9916013911	10.3855085199
491	6	32.1012381745	27.9817188962	13.5043783280
492	4	31.1165921710	29.5065539077	11.9556243629
493	5	34.7059680142	29.6229325693	10.3736154739
494	6	34.7061201446	29.6243349263	13.4923811483
495	4	16.1728461803	0.7335161615	11.9325632434
496	5	19.7739205446	0.8403326764	10.3773552769
497	6	19.7523374551	0.8519529990	13.4958624616
498	4	18.7894799110	2.3683615981	11.9253824286
499	5	22.3952758444	2.4783443894	10.3966949669
500	6	22.3553168968	2.4992399150	13.5148445442
501	5	35.7330274384	4.6986506614	10.5481446131
502	6	35.7459235762	4.7429033622	13.6649012604
503	5	38.3400216020	6.4038609527	10.5042357895
504	6	38.3747105178	6.4510844171	13.6213518357
505	4	37.3766715947	7.9313303768	12.0439855894
506	5	5.8543170650	8.0975217833	10.4480373084
507	6	5.8971445335	8.1372174657	13.5657214540
508	4	40.0122505798	9.6204000803	11.9952363747
509	5	8.5064403466	9.7768974760	10.3966949615
510	6	8.5445158762	9.8010551794	13.5148445371
511	4	7.5493785185	11.2929786355	11.9521823847
512	5	11.1729542966	11.4449655288	10.3619335196
513	6	11.1983421302	11.4501535247	13.4802583302
514	4	10.2140903614	12.9545997922	11.9253824221
515	5	13.8423045703	13.1095616870	10.3483248356
516	6	13.8527962155	13.0960343962	13.4666376595
517	4	12.8819468370	14.6145185929	11.9189703305
518	5	16.5030299419	14.7799694710	10.3547767046
519	6	16.5017692375	14.7502780388	13.4730047432
520	4	15.5432550149	16.2822844602	11.9317851412
521	5	19.1468200957	16.4621823298	10.3747788197
522	6	19.1419676799	16.4212283239	13.4929258024
523	4	18.1909150752	17.9639475396	11.9570773698
524	5	21.7715900285	18.1557053261	10.3966949903
525	6	21.7734734418	18.1106520947	13.5148445663
526	4	20.8225558830	19.6591011473	11.9825696091
527	5	24.3829794337	19.8534039617	10.4082304997
528	6	24.3980583179	19.8115763676	13.5265344673
529	4	23.4409214965	21.3600672102	11.9952364092
530	5	26.9915695583	21.5443187067	10.4039648345
531	6	27.0173606691	21.5103982028	13.5225672037
532	4	26.0519028278	23.0546897639	11.9891929421
533	5	29.6063581907	23.2188064323	10.3889367273
534	6	29.6328729430	23.1940180289	13.5078602528
535	4	28.6613958831	24.7322634740	11.9694612027
536	5	32.2303005135	24.8731079899	10.3742106819
537	6	32.2462341210	24.8568378265	13.4933004017
538	4	31.2731377252	26.3888856960	11.9475338884
539	5	34.8605728802	26.5109251608	10.3696996645
540	6	34.8581644064	26.5025527258	13.4887237938
541	4	33.8879002307	28.0288235651	11.9340518471
542	5	37.4916156918	28.1420440135	10.3807307960
543	6	37.4677251664	28.1415598950	13.4994953622
544	4	36.5039755103	29.6624282269	11.9350393324
545	5	40.1175978023	29.7789111097	10.4082304733
546	6	40.0738346047	29.7867662089	13.5265344418
547	4	21.5608420103	0.8914639477	11.9521823926
548	5	25.1757195375	1.0212260218	10.4480373132
549	6	25.1199283373	1.0384678562	13.5657214600
550	4	24.1717718732	2.5485341142	11.9825695856
551	4	34.9302636252	3.1128349167	12.1299504665
552	5	3.3923745614	3.3093851698	10.5473127800
553	6	3.4301995826	3.3379986676	13.6640050765
554	4	37.5382676165	4.8254094378	12.0967209235
555	5	6.0029510866	5.0056263791	10.4892710833
556	6	6.0545093365	5.0379825347	13.6064335841
557	4	5.0428922712	6.5237147475	12.0416523008
558	5	8.6351267782	6.6857882184	10.4263520914
559	6	8.6854263701	6.7130567414	13.5441214688
560	4	7.6789784873	8.2033118858	11.9825695801
561	5	11.2854592913	8.3505414458	10.3747788006
562	6	11.3233527001	8.3668161401	13.4929257835
563	4	10.3297853620	9.8666473507	11.9349710961
564	5	13.9450790787	10.0064578907	10.3434660187
565	6	13.9654741923	10.0096225828	13.4617000722
566	4	12.9891722705	11.5218075859	11.9073607340
567	5	16.6034088886	11.6635498637	10.3342652402
568	6	16.6068807168	11.6542133518	13.4524837271
569	4	15.6484411372	13.1792748586	11.9015351381
570	5	19.2510759589	13.3309257317	10.3434660301
571	6	19.2436190978	13.3116806916	13.4617000836
572	4	18.2994936586	14.8480413668	11.9138403688
573	5	21.8829224146	15.0124024025	10.3619335406
574	6	21.8747214273	14.9878218874	13.4802583518
575	4	20.9376432661	16.5317672418	11.9349711201
576	5	24.5008274757	16.7045508282	10.3773552978
577	6	24.5015555277	16.6800491566	13.4958624813
578	4	23.5630857195	18.2265045677	11.9521824165
579	5	27.1135390217	18.3976702187	10.3807308155
580	6	27.1259035494	18.3772224699	13.4994953810
581	4	26.1803066315	19.9215169018	11.9559130465
582	5	29.7314501087	20.0804328151	10.3725596224
583	6	29.7491459743	20.0650280416	13.4915931351
584	4	28.7953977600	21.6044543799	11.9463145579
585	5	32.3601064617	21.7458953239	10.3618593520
586	6	32.3723853487	21.7342844205	13.4810698457
587	4	31.4128790208	23.2681756102	11.9323629139
588	5	34.9982617543	23.3944623907	10.3594206039
589	6	34.9958455134	23.3851432706	13.4786334787
590	4	34.0340452837	24.9138141771	11.9250444681
591	5	37.6399753454	25.0334851260	10.3725596069
592	6	37.6177864964	25.0258624472	13.4915931199
593	4	36.6569731332	26.5497526804	11.9319168139
594	5	40.2776779018	26.6743483366	10.4039648103
595	6	40.2354063323	26.6689728342	13.5225671796
596	4	39.2779218123	28.1883235878	11.9559130225
597	5	42.9042511276	28.3281515980	10.4510896209
598	6	42.8476561007	28.3269053964	13.5689666295
599	4	41.8934354029	29.8414255484	11.9952363816
600	5	45.5151544740	30.0015022634	10.5042357935
601	6	45.4569132989	30.0079320136	13.6213518402
602	4	26.9443888113	1.1054149739	12.0416523047
603	5	30.5533387176	1.2831894221	10.5473127790
604	6	30.5096461964	1.3016401059	13.6640050757
605	4	5.2104951088	3.4207184261	12.0805524594
606	5	8.7874660320	3.5923986920	10.4548077453
607	6	8.8433664427	3.6101610473	13.5723896097
608	4	7.8298743520	5.1061881424	12.0169493419
609	5	11.4196194597	5.2538153701	10.3966745571
610	6	11.4644010626	5.2717321113	13.5147378348
611	4	10.4628450187	6.7718208104	11.9570773512
612	5	14.0641934798	6.9020583569	10.3547766957
613	6	14.0905373593	6.9158122781	13.4730047353
614	4	13.1070095874	8.4238056256	11.9138403555
615	5	16.7129025135	8.5471988020	10.3342652374
616	6	16.7192522482	8.5548737519	13.4524837247
617	4	15.7561649462	10.0726708166	11.8926242770
618	5	19.3569948421	10.2001985217	10.3342652418
619	6	19.3471732666	10.2018600766	13.4524837290
620	4	18.4028751693	11.7293728557	11.8926242825
621	5	21.9898298848	11.8683790965	10.3483248458
622	6	21.9728690790	11.8660566993	13.4666376705
623	4	21.0413606729	13.4010904244	11.9073607491
624	5	24.6101176204	13.5522121796	10.3651845513
625	6	24.5973605565	13.5493420863	13.4836933704
626	4	23.6697359831	15.0879857587	11.9253824464
627	5	27.2238758473	15.2447842846	10.3736154866
628	6	27.2225853129	15.2442148473	13.4923811599
629	4	26.2906678166	16.7821566147	11.9350393505
630	5	29.8416508352	16.9346796559	10.3696996726
631	6	29.8501058233	16.9367800658	13.4887238010
632	4	28.9098250502	18.4709941411	11.9319168286
633	5	32.4717422781	18.6121530247	10.3594206070
634	6	32.4810210024	18.6147200500	13.4786334814
635	4	31.5326347722	20.1442727759	11.9216763849
636	5	35.1155358161	20.2739643029	10.3536978432
637	6	35.1155358221	20.2739643001	13.4729725729
638	4	34.1614168429	21.7993756885	11.9151406054
639	5	37.7679800554	21.9242706095	10.3618593406
640	6	37.7517852830	21.9194422358	13.4810698339
641	4	36.7946701210	23.4416934311	11.9216763746
642	5	40.4204325362	23.5726310091	10.3889367074
643	6	40.3857077765	23.5620627657	13.5078602322
644	4	39.4278428971	25.0821194147	11.9463145372
645	5	43.0634346322	25.2299702906	10.4349485366
646	6	43.0134299690	25.2146098673	13.5532364049
647	4	42.0555309556	26.7329380257	11.9891929159
648	5	45.6892834134	26.9040582405	10.4929770145
649	6	45.6341828853	26.8876470129	13.6103921839
650	4	44.6740022096	28.4034819632	12.0439855947
651	5	48.2954070267	28.5963841522	10.5481446183
652	6	48.2506349944	28.5854261865	13.6649012655
653	4	47.2830105800	30.0963886198	12.0967209264
654	4	32.3280828716	1.3956362017	12.1296705258
655	4	10.6156533494	3.6692353899	11.9812081731
656	5	14.2047644763	3.7972886808	10.3729365514
657	6	14.2324305655	3.8108216867	13.4912942829
658	4	13.2430380380	5.3197113942	11.9317851340
659	5	16.8411717822	5.4330064058	10.3483248348
660	6	16.8476409330	5.4488560883	13.4666376602
661	4	15.8777300791	6.9623099694	11.9015351344
662	5	19.4771512029	7.0735635656	10.3434660213
663	6	19.4642129388	7.0896439073	13.4617000756
664	4	18.5142661518	8.6089034698	11.8926242787
665	5	22.1060828149	8.7289193602	10.3547767021
666	6	22.0809996289	8.7448568657	13.4730047418
667	4	21.1471350483	10.2693623152	11.9015351420
668	5	24.7246066781	10.4030421845	10.3729365596
669	6	24.6990537102	10.4202352122	13.4912942907
670	4	23.7733396424	11.9475947956	11.9189703437
671	5	27.3358540943	12.0923276713	10.3857859972
672	6	27.3205997465	12.1124480254	13.5043830776
673	4	26.3938705707	13.6393371206	11.9325632548
674	5	29.9492518257	13.7869569701	10.3855085202
675	6	29.9475735534	13.8096288252	13.5043783272
676	4	29.0134486378	15.3333712195	11.9340518542
677	5	32.5751783392	15.4757054730	10.3742106756
678	6	32.5813019215	15.4976394544	13.4933003944
679	4	31.6380533244	17.0174411636	11.9250444697
680	5	35.2185209305	17.1517269727	10.3618593414
681	6	35.2224368326	17.1681662422	13.4810698344
682	4	34.2715503456	18.6849673315	11.9151406027
683	5	37.8766034160	18.8152774906	10.3594205953
684	6	37.8697409492	18.8220295779	13.4786334692
685	4	36.9136403005	20.3375498367	11.9151405983
686	5	40.5411285948	20.4730794381	10.3742106662
687	6	40.5190714189	20.4674156145	13.4933003845
688	4	39.5599271610	21.9834534502	11.9323628972
689	5	43.2012485485	22.1351743092	10.4089507121
690	6	43.1645551145	22.1161687812	13.5276501663
691	4	42.2036059189	23.6342638102	11.9694611806
692	5	45.8463652773	23.8102658421	10.4606306895
693	6	45.8017812486	23.7799793625	13.5785721758
694	4	44.8381253683	25.3005559642	12.0232678958
695	4	47.4599727681	26.9878225358	12.0826600906
696	4	16.0180197791	3.8488337583	11.9189703320
697	5	19.6174295200	3.9535792597	10.3619335234
698	6	19.6002426662	3.9729717742	13.4802583358
699	4	18.6427733190	5.4880491341	11.9073607367
700	5	22.2410268426	5.5982234129	10.3747788050
701	6	22.2079858403	5.6229027203	13.4929257890
702	4	21.2668030153	7.1391001510	11.9138403607
703	5	24.8557901591	7.2627724956	10.3966745614
704	6	24.8178830091	7.2925961277	13.5147378394
705	4	23.8870132035	8.8089512905	11.9317851410
706	5	27.4623760017	8.9468909115	10.4155481765
707	6	27.4327426400	8.9825219965	13.5337180609
708	4	26.5033273488	10.4969461210	11.9494225284
709	5	30.0682142020	10.6432741024	10.4204245462
710	6	30.0550371528	10.6838293911	13.5388479640
711	4	29.1193507432	12.1944828640	11.9556243632
712	5	32.6845347906	12.3409264944	10.4089507165
713	6	32.6864222441	12.3822066966	13.5276501713
714	4	31.7410577887	13.8888893197	11.9475338814
715	5	35.3198167179	14.0304554570	10.3889367069
716	6	35.3280267385	14.0658120993	13.5078602313
717	4	34.3738013048	15.5702637928	11.9323629009
718	5	37.9751819939	15.7079749598	10.3725595998
719	6	37.9796749911	15.7310024063	13.4915931116
720	4	37.0193025951	17.2359266479	11.9216763691
721	5	40.6443837353	17.3762880820	10.3696996523
722	6	40.6383372326	17.3825601018	13.4887237797
723	4	39.6745088802	18.8906375124	11.9250444547
724	4	42.3324119715	20.5441178330	11.9475338707
725	4	21.4058776266	4.0125325536	11.9349711017
726	5	25.0079117222	4.1353446655	10.4263520948
727	6	24.9591466970	4.1652711278	13.5441214731
728	4	24.0195461565	5.6751787950	11.9570773562
729	5	27.6106959572	5.8139690222	10.4548077444
730	6	27.5673631096	5.8534990185	13.5723896090
731	4	26.6300597345	7.3588073314	11.9812081753
732	5	30.2087314592	7.5095837909	10.4686163024
733	6	30.1832089893	7.5582386810	13.5862903935
734	4	29.2401206621	9.0578134205	11.9944047596
735	5	32.8126482893	9.2126423571	10.4606306872
736	6	32.8087114460	9.2663964900	13.5785721742
737	4	31.8551957616	10.7606260365	11.9893140743
738	5	35.4336136342	10.9128787727	10.4349485336
739	6	35.4453134541	10.9638642887	13.5532364016
740	4	34.4816056791	12.4553655634	11.9694611814
741	5	38.0773599853	12.6032258489	10.4039648039
742	6	38.0938404528	12.6425218526	13.5225671720
743	4	37.1233668277	14.1353190554	11.9463145321
744	4	39.7798093047	15.8011460283	11.9319168030
745	5	27.7790624398	2.6958944896	10.4892710840
746	6	27.7252620685	2.7243671666	13.6064335854
747	4	26.7785117324	4.2277755667	12.0169493437
748	5	30.3727981530	4.3897211320	10.5166503355
749	6	30.3361578743	4.4308629128	13.6336368211
750	4	29.3832242536	5.9264063830	12.0412278240
751	5	32.9659185929	6.0949400650	10.5182750305
752	6	32.9551754063	6.1469181517	13.6353804266
753	4	31.9907072331	7.6347927858	12.0438146216
754	5	35.5704919764	7.8017829595	10.4929770091
755	6	35.5838297023	7.8577070272	13.6103921786
756	4	34.6073973302	9.3406586306	12.0232678927
757	4	37.2391736951	11.0342650542	11.9891929105
758	4	29.5478609831	2.8020613777	12.0805524575
759	5	33.1414194861	2.9888318825	10.5643619817
760	6	33.1246944001	3.0216439226	13.6809925910
761	4	32.1502994327	4.5129191780	12.0966291343
762	4	34.7576893808	6.2264388060	12.0826600847
